4.761269931144030743e+00
4.761269931144030743e+00
4.758900232379264850e+00
4.756532885834932500e+00
4.754167888018708155e+00
4.751805235444989783e+00
4.749444924636706311e+00
4.747086952120159964e+00
4.744731314430324254e+00
4.742378008109270127e+00
4.740027029705435879e+00
4.737678375775793427e+00
4.735332042881053916e+00
4.732988027590156577e+00
4.730646326478709085e+00
4.728306936129041738e+00
4.725969853132094833e+00
4.723635074081963481e+00
4.721302595581143180e+00
4.718972414238796098e+00
4.716644526670818571e+00
4.714318929501275512e+00
4.711995619357328913e+00
4.709674592874788068e+00
4.707355846696050783e+00
4.705039377469828921e+00
4.702725181852908776e+00
4.700413256505544091e+00
4.698103598096283307e+00
4.695796203300019123e+00
4.693491068797961852e+00
4.691188191279736408e+00
4.688887567437943993e+00
4.686589193973309975e+00
4.684293067593078064e+00
4.681999185010734976e+00
4.679707542947755705e+00
4.677418138129122660e+00
4.675130967287261186e+00
4.672846027161209115e+00
4.670563314496679830e+00
4.668282826046867839e+00
4.666004558567383498e+00
4.663728508823243857e+00
4.661454673585330610e+00
4.659183049629579187e+00
4.656913633741283753e+00
4.654646422707162223e+00
4.652381413323419146e+00
4.650118602392051770e+00
4.647857986720042689e+00
4.645599563123638198e+00
4.643343328420460381e+00
4.641089279437530912e+00
4.638837413007585120e+00
4.636587725968279727e+00
4.634340215166611543e+00
4.632094877450406045e+00
4.629851709677042848e+00
4.627610708710133913e+00
4.625371871417471858e+00
4.623135194676028625e+00
4.620900675364044474e+00
4.618668310369063335e+00
4.616438096584461803e+00
4.614210030907894833e+00
4.611984110246358348e+00
4.609760331507983366e+00
4.607538691609957660e+00
4.605319187475226173e+00
4.603101816031281324e+00
4.600886574214457347e+00
4.598673458962179161e+00
4.596462467221247294e+00
4.594253595943828650e+00
4.592046842086905833e+00
4.589842202615209033e+00
4.587639674495772368e+00
4.585439254704928302e+00
4.583240940223118010e+00
4.581044728036306246e+00
4.578850615137951330e+00
4.576658598524337762e+00
4.574468675199419465e+00
4.572280842173949367e+00
4.570095096461717077e+00
4.567911435083280125e+00
4.565729855064788900e+00
4.563550353438304619e+00
4.561372927243089848e+00
4.559197573520584079e+00
4.557024289319727473e+00
4.554853071694755506e+00
4.552683917705651062e+00
4.550516824419776007e+00
4.548351788906378701e+00
4.546188808242205504e+00
4.544027879509241252e+00
4.541868999795153350e+00
4.539712166194906473e+00
4.537557375805389981e+00
4.535404625730599548e+00
4.533253913080094399e+00
4.531105234969220241e+00
4.528958588519671480e+00
4.526813970855572578e+00
4.524671379108481162e+00
4.522530810415212876e+00
4.520392261917519861e+00
4.518255730764299649e+00
4.516121214106989967e+00
4.513988709103676555e+00
4.511858212917647215e+00
4.509729722717847444e+00
4.507603235679670917e+00
4.505478748981158077e+00
4.503356259807084427e+00
4.501235765346741857e+00
4.499117262795958361e+00
4.497000749356311111e+00
4.494886222232135964e+00
4.492773678634432777e+00
4.490663115778661840e+00
4.488554530886752048e+00
4.486447921186320187e+00
4.484343283907689326e+00
4.482240616287782586e+00
4.480139915567923126e+00
4.478041178995840532e+00
4.475944403825041107e+00
4.473849587311228504e+00
4.471756726716791697e+00
4.469665819309391885e+00
4.467576862361797296e+00
4.465489853152642574e+00
4.463404788963336145e+00
4.461321667081898035e+00
4.459240484800797155e+00
4.457161239418162779e+00
4.455083928237780100e+00
4.453008548566153024e+00
4.450935097716487654e+00
4.448863573005774619e+00
4.446793971757369235e+00
4.444726291300367116e+00
4.442660528965323152e+00
4.440596682090189873e+00
4.438534748017411324e+00
4.436474724094516375e+00
4.434416607674717348e+00
4.432360396113858236e+00
4.430306086773744489e+00
4.428253677022439661e+00
4.426203164230766873e+00
4.424154545775317970e+00
4.422107819037848664e+00
4.420062981403742874e+00
4.418020030265187970e+00
4.415978963016931935e+00
4.413939777060189584e+00
4.411902469799925619e+00
4.409867038645583825e+00
4.407833481013498478e+00
4.405801794322077747e+00
4.403771975996270349e+00
4.401744023464736699e+00
4.399717934160558563e+00
4.397693705523646024e+00
4.395671334995936874e+00
4.393650820025856163e+00
4.391632158065485569e+00
4.389615346571276611e+00
4.387600383006445171e+00
4.385587264836199317e+00
4.383575989532165984e+00
4.381566554569585215e+00
4.379558957428011823e+00
4.377553195593854696e+00
4.375549266555029959e+00
4.373547167805957869e+00
4.371546896845513785e+00
4.369548451175504944e+00
4.367551828305122008e+00
4.365557025745856912e+00
4.363564041013352934e+00
4.361572871629750381e+00
4.359583515120220021e+00
4.357595969015607196e+00
4.355610230850129660e+00
4.353626298161868746e+00
4.351644168495189646e+00
4.349663839398035137e+00
4.347685308423232975e+00
4.345708573126942476e+00
4.343733631069858880e+00
4.341760479818476348e+00
4.339789116942525560e+00
4.337819540016714548e+00
4.335851746619766800e+00
4.333885734334402606e+00
4.331921500747985654e+00
4.329959043452700662e+00
4.327998360045516968e+00
4.326039448126171472e+00
4.324082305299456586e+00
4.322126929173936816e+00
4.320173317363672716e+00
4.318221467487600052e+00
4.316271377166231993e+00
4.314323044025941911e+00
4.312376465696983630e+00
4.310431639814614968e+00
4.308488564019063993e+00
4.306547235952101538e+00
4.304607653261306233e+00
4.302669813598082982e+00
4.300733714618802495e+00
4.298799353984745331e+00
4.296866729358704617e+00
4.294935838409223550e+00
4.293006678808631627e+00
4.291079248234169974e+00
4.289153544367940718e+00
4.287229564893524802e+00
4.285307307500200835e+00
4.283386769881126988e+00
4.281467949733904987e+00
4.279550844761225825e+00
4.277635452667515104e+00
4.275721771162267260e+00
4.273809797959527756e+00
4.271899530777027998e+00
4.269990967337542465e+00
4.268084105366247272e+00
4.266178942592916634e+00
4.264275476751264726e+00
4.262373705579777905e+00
4.260473626821646320e+00
4.258575238221591341e+00
4.256678537529301920e+00
4.254783522499064219e+00
4.252890190889049293e+00
4.250998540461948139e+00
4.249108568982921774e+00
4.247220274221634284e+00
4.245333653951604447e+00
4.243448705951168520e+00
4.241565428002855853e+00
4.239683817890795403e+00
4.237803873404826227e+00
4.235925592338040779e+00
4.234048972487887141e+00
4.232174011656655743e+00
4.230300707648343206e+00
4.228429058271356844e+00
4.226559061338702072e+00
4.224690714667146629e+00
4.222824016077832532e+00
4.220958963394273233e+00
4.219095554444339591e+00
4.217233787059909922e+00
4.215373659076580459e+00
4.213515168334970085e+00
4.211658312677478477e+00
4.209803089950958643e+00
4.207949498006224864e+00
4.206097534698008289e+00
4.204247197885080389e+00
4.202398485429260866e+00
4.200551395196368887e+00
4.198705925055121746e+00
4.196862072879718575e+00
4.195019836547443148e+00
4.193179213938456940e+00
4.191340202937284154e+00
4.189502801431173040e+00
4.187667007312949607e+00
4.185832818478070649e+00
4.184000232825108689e+00
4.182169248257230798e+00
4.180339862679882224e+00
4.178512074004171239e+00
4.176685880143804930e+00
4.174861279015436466e+00
4.173038268540803841e+00
4.171216846643217124e+00
4.169397011251470886e+00
4.167578760298129126e+00
4.165762091717594373e+00
4.163947003448904560e+00
4.162133493433979758e+00
4.160321559619778675e+00
4.158511199955916560e+00
4.156702412395019586e+00
4.154895194894175248e+00
4.153089545412647077e+00
4.151285461915228403e+00
4.149482942369331795e+00
4.147681984744816752e+00
4.145882587016625820e+00
4.144084747161973503e+00
4.142288463162504542e+00
4.140493733003102861e+00
4.138700554671737919e+00
4.136908926160349331e+00
4.135118845463257031e+00
4.133330310579693467e+00
4.131543319512096524e+00
4.129757870265425623e+00
4.127973960848573043e+00
4.126191589273429550e+00
4.124410753556242426e+00
4.122631451716547879e+00
4.120853681776376121e+00
4.119077441761652025e+00
4.117302729701265207e+00
4.115529543628548836e+00
4.113757881579696019e+00
4.111987741593498669e+00
4.110219121713385881e+00
4.108452019984537351e+00
4.106686434457063051e+00
4.104922363184290823e+00
4.103159804221459872e+00
4.101398755628408388e+00
4.099639215467214548e+00
4.097881181804978290e+00
4.096124652710806835e+00
4.094369626256996852e+00
4.092616100519875566e+00
4.090864073577725080e+00
4.089113543514066862e+00
4.087364508414655262e+00
4.085616966367885183e+00
4.083870915466661700e+00
4.082126353805553443e+00
4.080383279484071757e+00
4.078641690604444037e+00
4.076901585270992889e+00
4.075162961592767807e+00
4.073425817680712768e+00
4.071690151650286360e+00
4.069955961619628582e+00
4.068223245709465807e+00
4.066492002044562959e+00
4.064762228751553685e+00
4.063033923962064087e+00
4.061307085810487827e+00
4.059581712432633438e+00
4.057857801969455558e+00
4.056135352563746466e+00
4.054414362362239288e+00
4.052694829515032460e+00
4.050976752174251239e+00
4.049260128496111832e+00
4.047544956638636116e+00
4.045831234764894369e+00
4.044118961040147120e+00
4.042408133631782974e+00
4.040698750711875675e+00
4.038990810453895186e+00
4.037284311035945095e+00
4.035579250638765991e+00
4.033875627445813628e+00
4.032173439643915280e+00
4.030472685421271350e+00
4.028773362971951322e+00
4.027075470492136766e+00
4.025379006179845121e+00
4.023683968237065756e+00
4.021990354867752693e+00
4.020298164280692532e+00
4.018607394686873668e+00
4.016918044299726986e+00
4.015230111335989172e+00
4.013543594014837623e+00
4.011858490560113566e+00
4.010174799197091744e+00
4.008492518154452178e+00
4.006811645664149601e+00
4.005132179959553618e+00
4.003454119279412637e+00
4.001777461863998298e+00
4.000102205956710399e+00
3.998428349803825554e+00
3.996755891653623660e+00
3.995084829759724787e+00
3.993415162376630523e+00
3.991746887762309459e+00
3.990080004178065298e+00
3.988414509886205384e+00
3.986750403154569522e+00
3.985087682252725916e+00
3.983426345452814932e+00
3.981766391030138852e+00
3.980107817262417580e+00
3.978450622431280781e+00
3.976794804819928864e+00
3.975140362715463116e+00
3.973487294407032078e+00
3.971835598187300143e+00
3.970185272351222761e+00
3.968536315196521169e+00
3.966888725024780182e+00
3.965242500138514536e+00
3.963597638844695403e+00
3.961954139452922075e+00
3.960312000274436972e+00
3.958671219624311899e+00
3.957031795819989650e+00
3.955393727181388375e+00
3.953757012032721896e+00
3.952121648698859513e+00
3.950487635508463491e+00
3.948854970793506336e+00
3.947223652887201784e+00
3.945593680127030378e+00
3.943965050852066945e+00
3.942337763405144635e+00
3.940711816131183376e+00
3.939087207377270694e+00
3.937463935494497136e+00
3.935841998835760691e+00
3.934221395756726469e+00
3.932602124616557226e+00
3.930984183775843910e+00
3.929367571598424647e+00
3.927752286451123176e+00
3.926138326703492609e+00
3.924525690727369565e+00
3.922914376896705857e+00
3.921304383589389708e+00
3.919695709185071930e+00
3.918088352066347646e+00
3.916482310618305096e+00
3.914877583228597135e+00
3.913274168288072286e+00
3.911672064189315901e+00
3.910071269328775134e+00
3.908471782103950964e+00
3.906873600915583111e+00
3.905276724168295743e+00
3.903681150267239275e+00
3.902086877621397498e+00
3.900493904641966214e+00
3.898902229742646774e+00
3.897311851340281130e+00
3.895722767853637691e+00
3.894134977704343470e+00
3.892548479316449317e+00
3.890963271116481437e+00
3.889379351534087537e+00
3.887796719000575330e+00
3.886215371951023290e+00
3.884635308821740018e+00
3.883056528051481937e+00
3.881479028083270499e+00
3.879902807361062855e+00
3.878327864331854613e+00
3.876754197445021255e+00
3.875181805152357217e+00
3.873610685908725593e+00
3.872040838170840882e+00
3.870472260398190478e+00
3.868904951052623442e+00
3.867338908598375369e+00
3.865774131502730970e+00
3.864210618234799721e+00
3.862648367266436455e+00
3.861087377071838134e+00
3.859527646127791201e+00
3.857969172913411793e+00
3.856411955910082234e+00
3.854855993602363640e+00
3.853301284476444710e+00
3.851747827021076986e+00
3.850195619728011831e+00
3.848644661090778740e+00
3.847094949605601055e+00
3.845546483770999391e+00
3.843999262088029667e+00
3.842453283060034863e+00
3.840908545192572632e+00
3.839365046994325237e+00
3.837822786975567890e+00
3.836281763649290522e+00
3.834741975530818525e+00
3.833203421137358458e+00
3.831666098990124780e+00
3.830130007610844434e+00
3.828595145523876919e+00
3.827061511257038084e+00
3.825529103339101678e+00
3.823997920303042086e+00
3.822467960682332855e+00
3.820939223013052111e+00
3.819411705834709458e+00
3.817885407687755528e+00
3.816360327116806950e+00
3.814836462666969297e+00
3.813313812885711140e+00
3.811792376324527609e+00
3.810272151535893492e+00
3.808753137074453843e+00
3.807235331497430764e+00
3.805718733364667372e+00
3.804203341238265867e+00
3.802689153682354384e+00
3.801176169262998172e+00
3.799664386548819550e+00
3.798153804111037424e+00
3.796644420523325181e+00
3.795136234360476202e+00
3.793629244200306783e+00
3.792123448623174742e+00
3.790618846211112114e+00
3.789115435548590316e+00
3.787613215222291441e+00
3.786112183821003452e+00
3.784612339936035408e+00
3.783113682161240110e+00
3.781616209091775982e+00
3.780119919324991251e+00
3.778624811461424038e+00
3.777130884103450992e+00
3.775638135855301503e+00
3.774146565323599933e+00
3.772656171117137358e+00
3.771166951846764981e+00
3.769678906126038953e+00
3.768192032570124805e+00
3.766706329796559505e+00
3.765221796425028522e+00
3.763738431077229940e+00
3.762256232377636955e+00
3.760775198952198473e+00
3.759295329429436894e+00
3.757816622439233090e+00
3.756339076614684025e+00
3.754862690590784702e+00
3.753387463004211444e+00
3.751913392493971156e+00
3.750440477701278308e+00
3.748968717269454576e+00
3.747498109843698355e+00
3.746028654071959618e+00
3.744560348603842570e+00
3.743093192090490628e+00
3.741627183186211347e+00
3.740162320547176122e+00
3.738698602831199036e+00
3.737236028698383450e+00
3.735774596810993220e+00
3.734314305833358549e+00
3.732855154431653943e+00
3.731397141274753526e+00
3.729940265033156344e+00
3.728484524378854470e+00
3.727029917986960594e+00
3.725576444534410392e+00
3.724124102699749361e+00
3.722672891163770981e+00
3.721222808609597532e+00
3.719773853721737300e+00
3.718326025186929229e+00
3.716879321695004901e+00
3.715433741936526868e+00
3.713989284604575669e+00
3.712545948394239570e+00
3.711103732002394295e+00
3.709662634128560121e+00
3.708222653473610020e+00
3.706783788740910524e+00
3.705346038634970363e+00
3.703909401863342499e+00
3.702473877135560532e+00
3.701039463161864607e+00
3.699606158656023602e+00
3.698173962332931275e+00
3.696742872909443367e+00
3.695312889105017984e+00
3.693884009640433952e+00
3.692456233238918806e+00
3.691029558625019913e+00
3.689603984525441582e+00
3.688179509669887057e+00
3.686756132788946427e+00
3.685333852614795624e+00
3.683912667882800474e+00
3.682492577329421035e+00
3.681073579693038944e+00
3.679655673714593345e+00
3.678238858136373413e+00
3.676823131702793290e+00
3.675408493160178036e+00
3.673994941256764957e+00
3.672582474742694281e+00
3.671171092370068223e+00
3.669760792892466927e+00
3.668351575066616022e+00
3.666943437650093340e+00
3.665536379401948430e+00
3.664130399084623235e+00
3.662725495460986469e+00
3.661321667296198346e+00
3.659918913358334080e+00
3.658517232416300669e+00
3.657116623240713071e+00
3.655717084604467537e+00
3.654318615282525773e+00
3.652921214051706666e+00
3.651524879690476233e+00
3.650129610978783301e+00
3.648735406698837558e+00
3.647342265635101999e+00
3.645950186573263974e+00
3.644559168301053198e+00
3.643169209607867831e+00
3.641780309285553408e+00
3.640392466127166493e+00
3.639005678927585308e+00
3.637619946484331290e+00
3.636235267595550713e+00
3.634851641061814576e+00
3.633469065685916100e+00
3.632087540271840442e+00
3.630707063625585818e+00
3.629327634554977422e+00
3.627949251869439617e+00
3.626571914380592787e+00
3.625195620901853211e+00
3.623820370248219014e+00
3.622446161236299478e+00
3.621072992684281733e+00
3.619700863412738556e+00
3.618329772244424980e+00
3.616959718003258661e+00
3.615590699513939743e+00
3.614222715604348046e+00
3.612855765104530104e+00
3.611489846844675888e+00
3.610124959657539989e+00
3.608761102378253316e+00
3.607398273842487235e+00
3.606036472888265010e+00
3.604675698355754854e+00
3.603315949086262737e+00
3.601957223923049956e+00
3.600599521711108419e+00
3.599242841296963036e+00
3.597887181529267231e+00
3.596532541258600002e+00
3.595178919336471157e+00
3.593826314616114015e+00
3.592474725953270998e+00
3.591124152205002584e+00
3.589774592230473349e+00
3.588426044889771571e+00
3.587078509044482555e+00
3.585731983559489855e+00
3.584386467299977674e+00
3.583041959133225429e+00
3.581698457928208956e+00
3.580355962555588523e+00
3.579014471887514759e+00
3.577673984798215301e+00
3.576334500163993901e+00
3.574996016861248016e+00
3.573658533769039192e+00
3.572322049768887453e+00
3.570986563742794662e+00
3.569652074574824585e+00
3.568318581150699220e+00
3.566986082357798349e+00
3.565654577085155985e+00
3.564324064223264976e+00
3.562994542664857711e+00
3.561666011303715518e+00
3.560338469035265963e+00
3.559011914757164163e+00
3.557686347368116397e+00
3.556361765768660366e+00
3.555038168861151870e+00
3.553715555548795368e+00
3.552393924737395903e+00
3.551073275334189372e+00
3.549753606247837201e+00
3.548434916388215843e+00
3.547117204667011858e+00
3.545800469998496851e+00
3.544484711297384294e+00
3.543169927480385617e+00
3.541856117465991272e+00
3.540543280173517271e+00
3.539231414524847796e+00
3.537920519443269907e+00
3.536610593853467766e+00
3.535301636681309034e+00
3.533993646854442172e+00
3.532686623303066042e+00
3.531380564957801838e+00
3.530075470751236733e+00
3.528771339617702729e+00
3.527468170492333410e+00
3.526165962312797664e+00
3.524864714018329792e+00
3.523564424548962570e+00
3.522265092846263546e+00
3.520966717853935002e+00
3.519669298517620781e+00
3.518372833783558917e+00
3.517077322599924560e+00
3.515782763916599940e+00
3.514489156684251547e+00
3.513196499856042099e+00
3.511904792386675744e+00
3.510614033231443720e+00
3.509324221347897232e+00
3.508035355694742119e+00
3.506747435232593801e+00
3.505460458923603806e+00
3.504174425731036546e+00
3.502889334620061135e+00
3.501605184556606964e+00
3.500321974509028156e+00
3.499039703447234917e+00
3.497758370341849776e+00
3.496477974165005165e+00
3.495198513890908742e+00
3.493919988495607143e+00
3.492642396955934814e+00
3.491365738249805339e+00
3.490090011357947386e+00
3.488815215261266367e+00
3.487541348942488462e+00
3.486268411386816091e+00
3.484996401579950387e+00
3.483725318508887447e+00
3.482455161162480994e+00
3.481185928531389084e+00
3.479917619607233892e+00
3.478650233383245194e+00
3.477383768854126700e+00
3.476118225015862873e+00
3.474853600866223413e+00
3.473589895404683769e+00
3.472327107631378862e+00
3.471065236547901112e+00
3.469804281158046955e+00
3.468544240466636008e+00
3.467285113480181202e+00
3.466026899206402501e+00
3.464769596654091899e+00
3.463513204834044679e+00
3.462257722758065093e+00
3.461003149439829230e+00
3.459749483894571043e+00
3.458496725138219485e+00
3.457244872187949625e+00
3.455993924063599287e+00
3.454743879785937555e+00
3.453494738376357009e+00
3.452246498858412505e+00
3.450999160256891685e+00
3.449752721597748373e+00
3.448507181908788688e+00
3.447262540219344196e+00
3.446018795559422365e+00
3.444775946960255464e+00
3.443533993455695885e+00
3.442292934080517952e+00
3.441052767870092843e+00
3.439813493861922034e+00
3.438575111094721137e+00
3.437337618608341749e+00
3.436101015444649853e+00
3.434865300646458230e+00
3.433630473257422100e+00
3.432396532323489957e+00
3.431163476891736064e+00
3.429931306010322700e+00
3.428700018728897625e+00
3.427469614098482609e+00
3.426240091171470326e+00
3.425011449001380992e+00
3.423783686643480539e+00
3.422556803154762406e+00
3.421330797592134321e+00
3.420105669014690708e+00
3.418881416483606550e+00
3.417658039060147424e+00
3.416435535808018287e+00
3.415213905791372184e+00
3.413993148075629147e+00
3.412773261728276886e+00
3.411554245817968400e+00
3.410336099414517985e+00
3.409118821588543291e+00
3.407902411412811805e+00
3.406686867961247422e+00
3.405472190308746150e+00
3.404258377531718782e+00
3.403045428708083797e+00
3.401833342916460001e+00
3.400622119236968999e+00
3.399411756751951508e+00
3.398202254544174128e+00
3.396993611697365356e+00
3.395785827297368886e+00
3.394578900431166169e+00
3.393372830186689892e+00
3.392167615653365331e+00
3.390963255921923825e+00
3.389759750084484491e+00
3.388557097233757531e+00
3.387355296464643839e+00
3.386154346873343712e+00
3.384954247556288820e+00
3.383754997612172577e+00
3.382556596140978478e+00
3.381359042242919166e+00
3.380162335020558295e+00
3.378966473577921459e+00
3.377771457018805101e+00
3.376577284449168381e+00
3.375383954976957757e+00
3.374191467710514480e+00
3.372999821759281147e+00
3.371809016234221357e+00
3.370619050247745552e+00
3.369429922913532938e+00
3.368241633346181096e+00
3.367054180661901874e+00
3.365867563977539501e+00
3.364681782411371280e+00
3.363496835083812364e+00
3.362312721115833014e+00
3.361129439628785409e+00
3.359946989746388279e+00
3.358765370593786326e+00
3.357584581296496395e+00
3.356404620981635833e+00
3.355225488777739518e+00
3.354047183813949840e+00
3.352869705220824059e+00
3.351693052131027528e+00
3.350517223677767831e+00
3.349342218994618925e+00
3.348168037217486237e+00
3.346994677483854375e+00
3.345822138931046741e+00
3.344650420698309645e+00
3.343479521926632891e+00
3.342309441757072896e+00
3.341140179332251492e+00
3.339971733796873288e+00
3.338804104295998165e+00
3.337637289975726951e+00
3.336471289983598876e+00
3.335306103468534289e+00
3.334141729580835101e+00
3.332978167471151387e+00
3.331815416292025933e+00
3.330653475196908797e+00
3.329492343340107574e+00
3.328332019878159187e+00
3.327172503968110817e+00
3.326013794767522125e+00
3.324855891435704258e+00
3.323698793133672336e+00
3.322542499023117823e+00
3.321387008266749596e+00
3.320232320028805972e+00
3.319078433474065282e+00
3.317925347768830857e+00
3.316773062080926593e+00
3.315621575579013047e+00
3.314470887432420465e+00
3.313320996812198604e+00
3.312171902891080766e+00
3.311023604841611068e+00
3.309876101838354234e+00
3.308729393056869750e+00
3.307583477673581296e+00
3.306438354866580998e+00
3.305294023814615123e+00
3.304150483697760432e+00
3.303007733697252313e+00
3.301865772995343118e+00
3.300724600775270634e+00
3.299584216221762567e+00
3.298444618520865568e+00
3.297305806859103239e+00
3.296167780424004157e+00
3.295030538404746689e+00
3.293894079992157664e+00
3.292758404377027492e+00
3.291623510751457982e+00
3.290489398309214941e+00
3.289356066244863985e+00
3.288223513754441107e+00
3.287091740034277176e+00
3.285960744282671708e+00
3.284830525698073433e+00
3.283701083480554228e+00
3.282572416832650219e+00
3.281444524955351216e+00
3.280317407051771550e+00
3.279191062327661221e+00
3.278065489987557424e+00
3.276940689238445614e+00
3.275816659288427246e+00
3.274693399346050526e+00
3.273570908620825559e+00
3.272449186324035697e+00
3.271328231668070963e+00
3.270208043865434622e+00
3.269088622131059108e+00
3.267969965679503375e+00
3.266852073727416261e+00
3.265734945492218433e+00
3.264618580192756081e+00
3.263502977048314158e+00
3.262388135279113754e+00
3.261274054107127895e+00
3.260160732755090773e+00
3.259048170447483628e+00
3.257936366407903517e+00
3.256825319862516555e+00
3.255715030039230573e+00
3.254605496165391187e+00
3.253496717469756661e+00
3.252388693182820312e+00
3.251281422535988952e+00
3.250174904760763095e+00
3.249069139091025349e+00
3.247964124760752469e+00
3.246859861004990577e+00
3.245756347060344993e+00
3.244653582164159111e+00
3.243551565554844807e+00
3.242450296472201288e+00
3.241349774156442098e+00
3.240249997848673402e+00
3.239150966791711550e+00
3.238052680229104308e+00
3.236955137406104299e+00
3.235858337567075083e+00
3.234762279959205955e+00
3.233666963830415852e+00
3.232572388428374577e+00
3.231478553004067500e+00
3.230385456807585154e+00
3.229293099090214891e+00
3.228201479104932936e+00
3.227110596105755125e+00
3.226020449347092978e+00
3.224931038084398960e+00
3.223842361574630555e+00
3.222754419075456234e+00
3.221667209845580526e+00
3.220580733145059771e+00
3.219494988234340660e+00
3.218409974374718985e+00
3.217325690829162532e+00
3.216242136861660494e+00
3.215159311736589309e+00
3.214077214719346820e+00
3.212995845076813239e+00
3.211915202076566889e+00
3.210835284987524130e+00
3.209756093079015660e+00
3.208677625621241702e+00
3.207599881885735194e+00
3.206522861145996828e+00
3.205446562674760358e+00
3.204370985746590073e+00
3.203296129636557410e+00
3.202221993621053642e+00
3.201148576978429805e+00
3.200075878986263778e+00
3.199003898923958644e+00
3.197932636071412205e+00
3.196862089710153843e+00
3.195792259122709922e+00
3.194723143591465586e+00
3.193654742400934055e+00
3.192587054836434568e+00
3.191520080183329000e+00
3.190453817728914121e+00
3.189388266761284729e+00
3.188323426569081853e+00
3.187259296441741441e+00
3.186195875670311040e+00
3.185133163546506552e+00
3.184071159363142556e+00
3.183009862413580304e+00
3.181949271991964867e+00
3.180889387394044476e+00
3.180889387394044476e+00
