-6.176142002545033982e+00,-6.176142002545033982e+00
-6.163753812387956721e+00,-6.163753812387956721e+00
-6.151263591357676752e+00,-6.151263591357676752e+00
-6.138798068143116460e+00,-6.138798068143116460e+00
-6.126357304379463464e+00,-6.126357304379463464e+00
-6.113941376980833731e+00,-6.113941376980833731e+00
-6.101550099139929628e+00,-6.101550099139929628e+00
-6.089183163706382906e+00,-6.089183163706382906e+00
-6.076841883278699896e+00,-6.076841883278699896e+00
-6.064524527797797049e+00,-6.064524527797797049e+00
-6.052232246837599305e+00,-6.052232246837599305e+00
-6.039964514270930174e+00,-6.039964514270930174e+00
-6.027721744245147839e+00,-6.027721744245147839e+00
-6.015503597531328239e+00,-6.015503597531328239e+00
-6.003310235447125720e+00,-6.003310235447125720e+00
-5.991141427070192371e+00,-5.991141427070192371e+00
-5.978997528775502168e+00,-5.978997528775502168e+00
-5.966878393670379310e+00,-5.966878393670379310e+00
-5.954783782189415398e+00,-5.954783782189415398e+00
-5.942714075806708074e+00,-5.942714075806708074e+00
-5.930668976806633630e+00,-5.930668976806633630e+00
-5.918648355897143887e+00,-5.918648355897143887e+00
-5.906652803184261558e+00,-5.906652803184261558e+00
-5.894681991255867892e+00,-5.894681991255867892e+00
-5.882735641584359243e+00,-5.882735641584359243e+00
-5.870814312466904106e+00,-5.870814312466904106e+00
-5.858917507828300231e+00,-5.858917507828300231e+00
-5.847045302170767123e+00,-5.847045302170767123e+00
-5.835198083082927312e+00,-5.835198083082927312e+00
-5.823375432305285315e+00,-5.823375432305285315e+00
-5.811577475981012597e+00,-5.811577475981012597e+00
-5.799804502460224498e+00,-5.799804502460224498e+00
-5.788055936218097663e+00,-5.788055936218097663e+00
-5.776331830613600005e+00,-5.776331830613600005e+00
-5.764632908193413563e+00,-5.764632908193413563e+00
-5.752958587693547621e+00,-5.752958587693547621e+00
-5.741308979376221089e+00,-5.741308979376221089e+00
-5.729683652297709706e+00,-5.729683652297709706e+00
-5.718083708171767476e+00,-5.718083708171767476e+00
-5.706508001717922163e+00,-5.706508001717922163e+00
-5.694957034812369479e+00,-5.694957034812369479e+00
-5.683431001441132224e+00,-5.683431001441132224e+00
-5.671929429598485228e+00,-5.671929429598485228e+00
-5.660452520859792003e+00,-5.660452520859792003e+00
-5.649000473966671265e+00,-5.649000473966671265e+00
-5.637573200006111840e+00,-5.637573200006111840e+00
-5.626170671133621681e+00,-5.626170671133621681e+00
-5.614792434718261838e+00,-5.614792434718261838e+00
-5.603438954667833372e+00,-5.603438954667833372e+00
-5.592110620142895172e+00,-5.592110620142895172e+00
-5.580806759912397830e+00,-5.580806759912397830e+00
-5.569527374302503553e+00,-5.569527374302503553e+00
-5.558272660076940319e+00,-5.558272660076940319e+00
-5.547042863113799349e+00,-5.547042863113799349e+00
-5.535837532176983267e+00,-5.535837532176983267e+00
-5.524657286115606247e+00,-5.524657286115606247e+00
-5.513501361002218992e+00,-5.513501361002218992e+00
-5.502370314673790119e+00,-5.502370314673790119e+00
-5.491263800896968306e+00,-5.491263800896968306e+00
-5.480181976542502831e+00,-5.480181976542502831e+00
-5.469124842550661114e+00,-5.469124842550661114e+00
-5.458092344560896869e+00,-5.458092344560896869e+00
-5.447084682460745952e+00,-5.447084682460745952e+00
-5.436101595316181090e+00,-5.436101595316181090e+00
-5.425143177130464345e+00,-5.425143177130464345e+00
-5.414209517412493788e+00,-5.414209517412493788e+00
-5.403300573794207473e+00,-5.403300573794207473e+00
-5.392415997502737923e+00,-5.392415997502737923e+00
-5.381556429532625252e+00,-5.381556429532625252e+00
-5.370721337424805064e+00,-5.370721337424805064e+00
-5.359910928849492606e+00,-5.359910928849492606e+00
-5.349125121984729780e+00,-5.349125121984729780e+00
-5.338364195223554098e+00,-5.338364195223554098e+00
-5.327627612703025761e+00,-5.327627612703025761e+00
-5.316916264557056238e+00,-5.316916264557056238e+00
-5.306229191929478617e+00,-5.306229191929478617e+00
-5.295566675923167210e+00,-5.295566675923167210e+00
-5.284928997837405440e+00,-5.284928997837405440e+00
-5.274315829388288357e+00,-5.274315829388288357e+00
-5.263727563131355147e+00,-5.263727563131355147e+00
-5.253163908325503506e+00,-5.253163908325503506e+00
-5.242624843626901843e+00,-5.242624843626901843e+00
-5.232110323608179847e+00,-5.232110323608179847e+00
-5.221620574127158854e+00,-5.221620574127158854e+00
-5.211155599332239596e+00,-5.211155599332239596e+00
-5.200715021409649808e+00,-5.200715021409649808e+00
-5.190299271606368947e+00,-5.190299271606368947e+00
-5.179908235954774121e+00,-5.179908235954774121e+00
-5.169541502789922305e+00,-5.169541502789922305e+00
-5.159199708728899658e+00,-5.159199708728899658e+00
-5.148882496953775423e+00,-5.148882496953775423e+00
-5.138589973938670674e+00,-5.138589973938670674e+00
-5.128322113718454922e+00,-5.128322113718454922e+00
-5.118078921158886629e+00,-5.118078921158886629e+00
-5.107860129264454763e+00,-5.107860129264454763e+00
-5.097666241430058420e+00,-5.097666241430058420e+00
-5.087496919021250008e+00,-5.087496919021250008e+00
-5.077352235417460946e+00,-5.077352235417460946e+00
-5.067232311036018011e+00,-5.067232311036018011e+00
-5.057136945844675324e+00,-5.057136945844675324e+00
-5.047066091480107985e+00,-5.047066091480107985e+00
-5.037019853216293086e+00,-5.037019853216293086e+00
-5.026998501978696687e+00,-5.026998501978696687e+00
-5.017001815603845394e+00,-5.017001815603845394e+00
-5.007029483959275495e+00,-5.007029483959275495e+00
-4.997081914247661238e+00,-4.997081914247661238e+00
-4.987159058189984506e+00,-4.987159058189984506e+00
-4.977260665408032025e+00,-4.977260665408032025e+00
-4.967387090313978071e+00,-4.967387090313978071e+00
-4.957537994317169350e+00,-4.957537994317169350e+00
-4.947713563834103212e+00,-4.947713563834103212e+00
-4.937913832083415500e+00,-4.937913832083415500e+00
-4.928138721985187765e+00,-4.928138721985187765e+00
-4.918388203675683634e+00,-4.918388203675683634e+00
-4.908662368527498820e+00,-4.908662368527498820e+00
-4.898960996756602349e+00,-4.898960996756602349e+00
-4.889284278384948834e+00,-4.889284278384948834e+00
-4.879632473413386684e+00,-4.879632473413386684e+00
-4.870005072664163492e+00,-4.870005072664163492e+00
-4.860402127150724283e+00,-4.860402127150724283e+00
-4.850824148954739456e+00,-4.850824148954739456e+00
-4.841270548348732383e+00,-4.841270548348732383e+00
-4.831741689467179413e+00,-4.831741689467179413e+00
-4.822237455115012672e+00,-4.822237455115012672e+00
-4.812757651678520432e+00,-4.812757651678520432e+00
-4.803302684334844308e+00,-4.803302684334844308e+00
-4.793872350572502050e+00,-4.793872350572502050e+00
-4.784466511039313197e+00,-4.784466511039313197e+00
-4.775085179765641286e+00,-4.775085179765641286e+00
-4.765728677706925431e+00,-4.765728677706925431e+00
-4.756396687898165609e+00,-4.756396687898165609e+00
-4.747089425270601737e+00,-4.747089425270601737e+00
-4.737806602371115616e+00,-4.737806602371115616e+00
-4.728548433312808719e+00,-4.728548433312808719e+00
-4.719314905317995468e+00,-4.719314905317995468e+00
-4.710105958916527058e+00,-4.710105958916527058e+00
-4.700921735398852164e+00,-4.700921735398852164e+00
-4.691761918729926428e+00,-4.691761918729926428e+00
-4.682626769560187974e+00,-4.682626769560187974e+00
-4.673516297642945183e+00,-4.673516297642945183e+00
-4.664430306748796440e+00,-4.664430306748796440e+00
-4.655369189288175669e+00,-4.655369189288175669e+00
-4.646332325592825718e+00,-4.646332325592825718e+00
-4.637320254696635224e+00,-4.637320254696635224e+00
-4.628332850276787980e+00,-4.628332850276787980e+00
-4.619370066649558737e+00,-4.619370066649558737e+00
-4.610431648213951128e+00,-4.610431648213951128e+00
-4.601518038820405998e+00,-4.601518038820405998e+00
-4.592629004382534852e+00,-4.592629004382534852e+00
-4.583764351782393831e+00,-4.583764351782393831e+00
-4.574924475190413453e+00,-4.574924475190413453e+00
-4.566109229879564246e+00,-4.566109229879564246e+00
-4.557318401411595943e+00,-4.557318401411595943e+00
-4.548552407493500205e+00,-4.548552407493500205e+00
-4.539810822224508158e+00,-4.539810822224508158e+00
-4.531093851926757843e+00,-4.531093851926757843e+00
-4.522401570701925166e+00,-4.522401570701925166e+00
-4.513733707350139568e+00,-4.513733707350139568e+00
-4.505090556446313954e+00,-4.505090556446313954e+00
-4.496471982878082585e+00,-4.496471982878082585e+00
-4.487877979610515489e+00,-4.487877979610515489e+00
-4.479308394596091425e+00,-4.479308394596091425e+00
-4.470763709593734703e+00,-4.470763709593734703e+00
-4.462243455919525204e+00,-4.462243455919525204e+00
-4.453747793236736641e+00,-4.453747793236736641e+00
-4.445276775201318920e+00,-4.445276775201318920e+00
-4.436830284915330047e+00,-4.436830284915330047e+00
-4.428408266600032839e+00,-4.428408266600032839e+00
-4.420010907223693053e+00,-4.420010907223693053e+00
-4.411638074041103863e+00,-4.411638074041103863e+00
-4.403289914036546016e+00,-4.403289914036546016e+00
-4.394966331779353474e+00,-4.394966331779353474e+00
-4.386667209820697799e+00,-4.386667209820697799e+00
-4.378392801700800696e+00,-4.378392801700800696e+00
-4.370142907693366219e+00,-4.370142907693366219e+00
-4.361917636368442430e+00,-4.361917636368442430e+00
-4.353716867907402310e+00,-4.353716867907402310e+00
-4.345540691851466519e+00,-4.345540691851466519e+00
-4.337389029559004960e+00,-4.337389029559004960e+00
-4.329262089592781138e+00,-4.329262089592781138e+00
-4.321159505068346895e+00,-4.321159505068346895e+00
-4.313081644035709594e+00,-4.313081644035709594e+00
-4.305028350455136987e+00,-4.305028350455136987e+00
-4.296999513222990785e+00,-4.296999513222990785e+00
-4.288995304922314844e+00,-4.288995304922314844e+00
-4.281015624155698696e+00,-4.281015624155698696e+00
-4.273060622479780690e+00,-4.273060622479780690e+00
-4.265130028453385513e+00,-4.265130028453385513e+00
-4.257224107880218433e+00,-4.257224107880218433e+00
-4.249342697762269694e+00,-4.249342697762269694e+00
-4.241485760118730575e+00,-4.241485760118730575e+00
-4.233653576688547027e+00,-4.233653576688547027e+00
-4.225845869678591882e+00,-4.225845869678591882e+00
-4.218062769366254905e+00,-4.218062769366254905e+00
-4.210303995795389831e+00,-4.210303995795389831e+00
-4.202450905969556061e+00,-4.202450905969556061e+00
-4.194860532900132277e+00,-4.194860532900132277e+00
-4.187175598585590741e+00,-4.187175598585590741e+00
-4.179515183660585720e+00,-4.179515183660585720e+00
-4.171879418125800321e+00,-4.171879418125800321e+00
-4.164268020726923147e+00,-4.164268020726923147e+00
-4.156681398257539684e+00,-4.156681398257539684e+00
-4.149119162072620881e+00,-4.149119162072620881e+00
-4.141581450875483128e+00,-4.141581450875483128e+00
-4.134068280148908592e+00,-4.134068280148908592e+00
-4.126579835303920696e+00,-4.126579835303920696e+00
-4.119115759305608471e+00,-4.119115759305608471e+00
-4.111676474245710367e+00,-4.111676474245710367e+00
-4.104261449006172846e+00,-4.104261449006172846e+00
-4.096871067011190526e+00,-4.096871067011190526e+00
-4.089505161868221883e+00,-4.089505161868221883e+00
-4.082163931135729840e+00,-4.082163931135729840e+00
-4.074847187706289731e+00,-4.074847187706289731e+00
-4.067554900884037039e+00,-4.067554900884037039e+00
-4.060287220293671950e+00,-4.060287220293671950e+00
-4.053044143102886743e+00,-4.053044143102886743e+00
-4.045825555469029666e+00,-4.045825555469029666e+00
-4.038631473753492074e+00,-4.038631473753492074e+00
-4.031461986554209176e+00,-4.031461986554209176e+00
-4.024317038389018109e+00,-4.024317038389018109e+00
-4.017196472683792763e+00,-4.017196472683792763e+00
-4.010100548059155834e+00,-4.010100548059155834e+00
-4.003029170156849226e+00,-4.003029170156849226e+00
-3.995982342329142512e+00,-3.995982342329142512e+00
-3.988959952281800003e+00,-3.988959952281800003e+00
-3.981962204027774899e+00,-3.981962204027774899e+00
-3.974988784173790979e+00,-3.974988784173790979e+00
-3.968040126860009398e+00,-3.968040126860009398e+00
-3.961115889597116357e+00,-3.961115889597116357e+00
-3.954216081834519336e+00,-3.954216081834519336e+00
-3.947340990349563761e+00,-3.947340990349563761e+00
-3.940490281956821050e+00,-3.940490281956821050e+00
-3.933664117441994179e+00,-3.933664117441994179e+00
-3.926862579818612531e+00,-3.926862579818612531e+00
-3.920085433200227065e+00,-3.920085433200227065e+00
-3.913332875069962302e+00,-3.913332875069962302e+00
-3.906604832870355981e+00,-3.906604832870355981e+00
-3.899901370236198428e+00,-3.899901370236198428e+00
-3.893222327678027561e+00,-3.893222327678027561e+00
-3.886567723923548101e+00,-3.886567723923548101e+00
-3.879937695676868525e+00,-3.879937695676868525e+00
-3.873332290002412304e+00,-3.873332290002412304e+00
-3.866751170435001050e+00,-3.866751170435001050e+00
-3.860194904040035180e+00,-3.860194904040035180e+00
-3.853662902111091526e+00,-3.853662902111091526e+00
-3.847155479812012224e+00,-3.847155479812012224e+00
-3.840672631701096851e+00,-3.840672631701096851e+00
-3.834214159281330137e+00,-3.834214159281330137e+00
-3.827780316981862718e+00,-3.827780316981862718e+00
-3.821370822670783873e+00,-3.821370822670783873e+00
-3.814986016322326812e+00,-3.814986016322326812e+00
-3.808625598811036905e+00,-3.808625598811036905e+00
-3.802289748123252711e+00,-3.802289748123252711e+00
-3.795978426915476600e+00,-3.795978426915476600e+00
-3.789691526097513474e+00,-3.789691526097513474e+00
-3.783429131000994872e+00,-3.783429131000994872e+00
-3.777191264095586476e+00,-3.777191264095586476e+00
-3.770977934645311169e+00,-3.770977934645311169e+00
-3.764789105635037103e+00,-3.764789105635037103e+00
-3.758624811954342615e+00,-3.758624811954342615e+00
-3.752484846840430155e+00,-3.752484846840430155e+00
-3.746369600874955630e+00,-3.746369600874955630e+00
-3.740278689366074882e+00,-3.740278689366074882e+00
-3.734212280728185451e+00,-3.734212280728185451e+00
-3.728170405813548527e+00,-3.728170405813548527e+00
-3.722152926100831483e+00,-3.722152926100831483e+00
-3.716160040340246162e+00,-3.716160040340246162e+00
-3.710191786010742732e+00,-3.710191786010742732e+00
-3.704247771043885695e+00,-3.704247771043885695e+00
-3.698328450634291276e+00,-3.698328450634291276e+00
-3.692433577135535216e+00,-3.692433577135535216e+00
-3.686562994178134822e+00,-3.686562994178134822e+00
-3.680717112288315107e+00,-3.680717112288315107e+00
-3.674895614126662657e+00,-3.674895614126662657e+00
-3.669098743914418481e+00,-3.669098743914418481e+00
-3.663326159485586153e+00,-3.663326159485586153e+00
-3.657578168351013570e+00,-3.657578168351013570e+00
-3.651854593963740570e+00,-3.651854593963740570e+00
-3.646155554308486924e+00,-3.646155554308486924e+00
-3.640481034127348359e+00,-3.640481034127348359e+00
-3.634831010518376537e+00,-3.634831010518376537e+00
-3.629205348121640196e+00,-3.629205348121640196e+00
-3.623604298397295587e+00,-3.623604298397295587e+00
-3.618027607783589339e+00,-3.618027607783589339e+00
-3.612475476539729335e+00,-3.612475476539729335e+00
-3.606947788790316967e+00,-3.606947788790316967e+00
-3.601444653772505333e+00,-3.601444653772505333e+00
-3.595965789448010597e+00,-3.595965789448010597e+00
-3.590511655086169984e+00,-3.590511655086169984e+00
-3.585081913686177568e+00,-3.585081913686177568e+00
-3.579676568420747884e+00,-3.579676568420747884e+00
-3.574295766556661480e+00,-3.574295766556661480e+00
-3.568939407535021147e+00,-3.568939407535021147e+00
-3.563607497076520136e+00,-3.563607497076520136e+00
-3.558300068862795928e+00,-3.558300068862795928e+00
-3.553017158986097712e+00,-3.553017158986097712e+00
-3.547758701156276118e+00,-3.547758701156276118e+00
-3.542524708046521642e+00,-3.542524708046521642e+00
-3.537315107492068567e+00,-3.537315107492068567e+00
-3.532130111487127522e+00,-3.532130111487127522e+00
-3.526969525348058188e+00,-3.526969525348058188e+00
-3.521833389769430056e+00,-3.521833389769430056e+00
-3.516721714464942750e+00,-3.516721714464942750e+00
-3.511634518012497708e+00,-3.511634518012497708e+00
-3.506571759004136979e+00,-3.506571759004136979e+00
-3.501533441973291527e+00,-3.501533441973291527e+00
-3.496519644874214183e+00,-3.496519644874214183e+00
-3.491530266411266403e+00,-3.491530266411266403e+00
-3.486565372103268778e+00,-3.486565372103268778e+00
-3.481624958984415930e+00,-3.481624958984415930e+00
-3.476709036842541956e+00,-3.476709036842541956e+00
-3.471817607937060846e+00,-3.471817607937060846e+00
-3.466950481140607998e+00,-3.466950481140607998e+00
-3.462107936271365372e+00,-3.462107936271365372e+00
-3.457289680987270852e+00,-3.457289680987270852e+00
-3.452496008610502543e+00,-3.452496008610502543e+00
-3.447726823948299213e+00,-3.447726823948299213e+00
-3.442982060909300923e+00,-3.442982060909300923e+00
-3.438261698595169058e+00,-3.438261698595169058e+00
-3.433565891498972622e+00,-3.433565891498972622e+00
-3.428894405343929641e+00,-3.428894405343929641e+00
-3.424247501449510622e+00,-3.424247501449510622e+00
-3.419624997849274983e+00,-3.419624997849274983e+00
-3.415026930818146678e+00,-3.415026930818146678e+00
-3.410453427729879916e+00,-3.410453427729879916e+00
-3.405904182444283723e+00,-3.405904182444283723e+00
-3.401379510598169897e+00,-3.401379510598169897e+00
-3.396879260685406354e+00,-3.396879260685406354e+00
-3.392403430160315203e+00,-3.392403430160315203e+00
-3.387952138401690405e+00,-3.387952138401690405e+00
-3.383525239519760586e+00,-3.383525239519760586e+00
-3.379122732820480035e+00,-3.379122732820480035e+00
-3.374744727871269223e+00,-3.374744727871269223e+00
-3.370391145106236941e+00,-3.370391145106236941e+00
-3.366062125250206094e+00,-3.366062125250206094e+00
-3.361757436266531229e+00,-3.361757436266531229e+00
-3.357477200906193726e+00,-3.357477200906193726e+00
-3.353221491928415787e+00,-3.353221491928415787e+00
-3.348990105797264416e+00,-3.348990105797264416e+00
-3.344783294079227254e+00,-3.344783294079227254e+00
-3.340600831313034202e+00,-3.340600831313034202e+00
-3.336442872931946635e+00,-3.336442872931946635e+00
-3.332309256214865734e+00,-3.332309256214865734e+00
-3.328200131692951480e+00,-3.328200131692951480e+00
-3.324115438178670168e+00,-3.324115438178670168e+00
-3.320055305228352793e+00,-3.320055305228352793e+00
-3.316019520040549562e+00,-3.316019520040549562e+00
-3.312008164470885863e+00,-3.312008164470885863e+00
-3.308021270233653777e+00,-3.308021270233653777e+00
-3.304058822290867337e+00,-3.304058822290867337e+00
-3.300120820521639242e+00,-3.300120820521639242e+00
-3.296207183788739670e+00,-3.296207183788739670e+00
-3.292318103953333797e+00,-3.292318103953333797e+00
-3.288453453015914629e+00,-3.288453453015914629e+00
-3.284613113671252638e+00,-3.284613113671252638e+00
-3.280797386012113126e+00,-3.280797386012113126e+00
-3.277005979467918717e+00,-3.277005979467918717e+00
-3.273239081470039835e+00,-3.273239081470039835e+00
-3.269496633239393546e+00,-3.269496633239393546e+00
-3.265778525102560614e+00,-3.265778525102560614e+00
-3.262084896138584433e+00,-3.262084896138584433e+00
-3.258415722572313378e+00,-3.258415722572313378e+00
-3.254770991510494316e+00,-3.254770991510494316e+00
-3.251150657651084686e+00,-3.251150657651084686e+00
-3.247554780528070673e+00,-3.247554780528070673e+00
-3.243983430638830434e+00,-3.243983430638830434e+00
-3.240436437387679280e+00,-3.240436437387679280e+00
-3.236913862496026528e+00,-3.236913862496026528e+00
-3.233415729959794760e+00,-3.233415729959794760e+00
-3.229942109712600207e+00,-3.229942109712600207e+00
-3.226492855381257741e+00,-3.226492855381257741e+00
-3.223068165783335104e+00,-3.223068165783335104e+00
-3.219667770370591597e+00,-3.219667770370591597e+00
-3.216291853616483287e+00,-3.216291853616483287e+00
-3.212940343799650655e+00,-3.212940343799650655e+00
-3.209613339716001157e+00,-3.209613339716001157e+00
-3.206310767093841552e+00,-3.206310767093841552e+00
-3.203032556468454306e+00,-3.203032556468454306e+00
-3.199778873169055071e+00,-3.199778873169055071e+00
-3.196549539238410009e+00,-3.196549539238410009e+00
-3.193344744066042740e+00,-3.193344744066042740e+00
-3.190164291277840292e+00,-3.190164291277840292e+00
-3.187008355444750141e+00,-3.187008355444750141e+00
-3.183876764216174493e+00,-3.183876764216174493e+00
-3.180769690324654508e+00,-3.180769690324654508e+00
-3.177686980185030929e+00,-3.177686980185030929e+00
-3.174628812598203176e+00,-3.174628812598203176e+00
-3.171595038018646395e+00,-3.171595038018646395e+00
-3.168585739958748260e+00,-3.168585739958748260e+00
-3.165600797062710914e+00,-3.165600797062710914e+00
-3.162640265418507735e+00,-3.162640265418507735e+00
-3.159704225250085319e+00,-3.159704225250085319e+00
-3.156792659104983745e+00,-3.156792659104983745e+00
-3.153905431807816129e+00,-3.153905431807816129e+00
-3.151042732550023651e+00,-3.151042732550023651e+00
-3.148204417379319331e+00,-3.148204417379319331e+00
-3.145390648612546247e+00,-3.145390648612546247e+00
-3.142601150699528834e+00,-3.142601150699528834e+00
-3.139836216315598172e+00,-3.139836216315598172e+00
-3.137095667641971009e+00,-3.137095667641971009e+00
-3.134379586308069676e+00,-3.134379586308069676e+00
-3.131687942925875934e+00,-3.131687942925875934e+00
-3.129020628785134761e+00,-3.129020628785134761e+00
-3.126377893115023454e+00,-3.126377893115023454e+00
-3.123759501497755053e+00,-3.123759501497755053e+00
-3.121165591367745851e+00,-3.121165591367745851e+00
-3.118596058177468766e+00,-3.118596058177468766e+00
-3.116051029750101176e+00,-3.116051029750101176e+00
-3.113530450247710579e+00,-3.113530450247710579e+00
-3.111034214542458542e+00,-3.111034214542458542e+00
-3.108562514521227005e+00,-3.108562514521227005e+00
-3.106115194685568959e+00,-3.106115194685568959e+00
-3.103692348880670693e+00,-3.103692348880670693e+00
-3.101293902884309173e+00,-3.101293902884309173e+00
-3.098919895887945142e+00,-3.098919895887945142e+00
-3.096570359249738669e+00,-3.096570359249738669e+00
-3.094245214758932772e+00,-3.094245214758932772e+00
-3.091944528418998139e+00,-3.091944528418998139e+00
-3.089668296517577240e+00,-3.089668296517577240e+00
-3.087416383468772008e+00,-3.087416383468772008e+00
-3.085189061064757432e+00,-3.085189061064757432e+00
-3.082986157438077246e+00,-3.082986157438077246e+00
-3.080807574776539326e+00,-3.080807574776539326e+00
-3.078653538740344420e+00,-3.078653538740344420e+00
-3.076523898108053601e+00,-3.076523898108053601e+00
-3.074418671271474945e+00,-3.074418671271474945e+00
-3.072337903327516884e+00,-3.072337903327516884e+00
-3.070281510267846681e+00,-3.070281510267846681e+00
-3.068249652938369820e+00,-3.068249652938369820e+00
-3.066242139726747418e+00,-3.066242139726747418e+00
-3.064259132814835418e+00,-3.064259132814835418e+00
-3.062300535599180584e+00,-3.062300535599180584e+00
-3.060366325671810994e+00,-3.060366325671810994e+00
-3.058456569677794779e+00,-3.058456569677794779e+00
-3.056571288112116314e+00,-3.056571288112116314e+00
-3.054710378485176125e+00,-3.054710378485176125e+00
-3.052873987686037793e+00,-3.052873987686037793e+00
-3.051062027171814517e+00,-3.051062027171814517e+00
-3.049274412064039375e+00,-3.049274412064039375e+00
-3.047511275092875227e+00,-3.047511275092875227e+00
-3.045772599165221806e+00,-3.045772599165221806e+00
-3.044058321536754264e+00,-3.044058321536754264e+00
-3.042368457440026486e+00,-3.042368457440026486e+00
-3.040703043454679122e+00,-3.040703043454679122e+00
-3.039062138768627630e+00,-3.039062138768627630e+00
-3.037445546136550156e+00,-3.037445546136550156e+00
-3.035853496470439339e+00,-3.035853496470439339e+00
-3.034285784789434004e+00,-3.034285784789434004e+00
-3.032742533698082887e+00,-3.032742533698082887e+00
-3.031223692045049489e+00,-3.031223692045049489e+00
-3.029729343623343674e+00,-3.029729343623343674e+00
-3.028259486120703947e+00,-3.028259486120703947e+00
-3.026813879330439772e+00,-3.026813879330439772e+00
-3.025392789318202880e+00,-3.025392789318202880e+00
-3.023996112699541161e+00,-3.023996112699541161e+00
-3.022623908503018431e+00,-3.022623908503018431e+00
-3.021276100322762392e+00,-3.021276100322762392e+00
-3.019952696546183812e+00,-3.019952696546183812e+00
-3.018653827533385847e+00,-3.018653827533385847e+00
-3.017379344964065346e+00,-3.017379344964065346e+00
-3.016129201366366974e+00,-3.016129201366366974e+00
-3.014903638141555930e+00,-3.014903638141555930e+00
-3.013702368857543945e+00,-3.013702368857543945e+00
-3.012525640288397977e+00,-3.012525640288397977e+00
-3.011373268925439106e+00,-3.011373268925439106e+00
-3.010245323254177485e+00,-3.010245323254177485e+00
-3.009141892392116713e+00,-3.009141892392116713e+00
-3.008062772686432407e+00,-3.008062772686432407e+00
-3.007008162673924012e+00,-3.007008162673924012e+00
-3.005977892213573810e+00,-3.005977892213573810e+00
-3.004972208032083092e+00,-3.004972208032083092e+00
-3.003990804956512939e+00,-3.003990804956512939e+00
-3.003033889217665564e+00,-3.003033889217665564e+00
-3.002101400984185098e+00,-3.002101400984185098e+00
-3.001193323732342932e+00,-3.001193323732342932e+00
-3.000309645784348334e+00,-3.000309645784348334e+00
-2.999450394732061209e+00,-2.999450394732061209e+00
-2.998615569183714413e+00,-2.998615569183714413e+00
-2.997805334854795056e+00,-2.997805334854795056e+00
-2.997019365653511347e+00,-2.997019365653511347e+00
-2.996257795303066906e+00,-2.996257795303066906e+00
-2.995520684934958933e+00,-2.995520684934958933e+00
-2.994807994350565661e+00,-2.994807994350565661e+00
-2.994119814844438565e+00,-2.994119814844438565e+00
-2.993455990186071336e+00,-2.993455990186071336e+00
-2.992816601922924757e+00,-2.992816601922924757e+00
-2.992201631778347970e+00,-2.992201631778347970e+00
-2.991611115074825022e+00,-2.991611115074825022e+00
-2.991044972693921888e+00,-2.991044972693921888e+00
-2.990503260098280158e+00,-2.990503260098280158e+00
-2.989985926236095271e+00,-2.989985926236095271e+00
-2.989493179110764398e+00,-2.989493179110764398e+00
-2.989024632813486626e+00,-2.989024632813486626e+00
-2.988580621915746693e+00,-2.988580621915746693e+00
-2.988161110484774952e+00,-2.988161110484774952e+00
-2.987765875279052796e+00,-2.987765875279052796e+00
-2.987395103480651848e+00,-2.987395103480651848e+00
-2.987048752360635717e+00,-2.987048752360635717e+00
-2.986726806413325885e+00,-2.986726806413325885e+00
-2.986429370457342358e+00,-2.986429370457342358e+00
-2.986156316847300207e+00,-2.986156316847300207e+00
-2.985907534005646458e+00,-2.985907534005646458e+00
-2.985683313001522343e+00,-2.985683313001522343e+00
-2.985483501566736919e+00,-2.985483501566736919e+00
-2.985308104267618834e+00,-2.985308104267618834e+00
-2.985157106675578653e+00,-2.985157106675578653e+00
-2.985030499024468931e+00,-2.985030499024468931e+00
-2.984928314791731818e+00,-2.984928314791731818e+00
-2.984850559947806126e+00,-2.984850559947806126e+00
-2.984797237590016028e+00,-2.984797237590016028e+00
-2.984768311426391652e+00,-2.984768311426391652e+00
-2.984763747565103653e+00,-2.984763747565103653e+00
-2.984783614429275200e+00,-2.984783614429275200e+00
-2.984828027790722427e+00,-2.984828027790722427e+00
-2.984896647188733265e+00,-2.984896647188733265e+00
-2.984989811070109411e+00,-2.984989811070109411e+00
-2.985107300190236845e+00,-2.985107300190236845e+00
-2.985249279019288160e+00,-2.985249279019288160e+00
-2.985415612568814048e+00,-2.985415612568814048e+00
-2.985606343844710686e+00,-2.985606343844710686e+00
-2.985821526971943918e+00,-2.985821526971943918e+00
-2.986061053655246322e+00,-2.986061053655246322e+00
-2.986325124199921355e+00,-2.986325124199921355e+00
-2.986613454184603000e+00,-2.986613454184603000e+00
-2.986926250320441678e+00,-2.986926250320441678e+00
-2.987263465848061017e+00,-2.987263465848061017e+00
-2.987625004700168230e+00,-2.987625004700168230e+00
-2.988010992558323586e+00,-2.988010992558323586e+00
-2.988421443079565698e+00,-2.988421443079565698e+00
-2.988856209579943357e+00,-2.988856209579943357e+00
-2.989315401163460173e+00,-2.989315401163460173e+00
-2.989798990412108726e+00,-2.989798990412108726e+00
-2.990307002765600686e+00,-2.990307002765600686e+00
-2.990839361619417769e+00,-2.990839361619417769e+00
-2.991396217574218586e+00,-2.991396217574218586e+00
-2.991977400679366905e+00,-2.991977400679366905e+00
-2.992582931093089815e+00,-2.992582931093089815e+00
-2.993212884032005139e+00,-2.993212884032005139e+00
-2.993867267477273053e+00,-2.993867267477273053e+00
-2.994546001532752300e+00,-2.994546001532752300e+00
-2.995249308155788270e+00,-2.995249308155788270e+00
-2.995976772335640526e+00,-2.995976772335640526e+00
-2.996728724625126183e+00,-2.996728724625126183e+00
-2.997505052586509677e+00,-2.997505052586509677e+00
-2.998305718300306566e+00,-2.998305718300306566e+00
-2.999130896665723522e+00,-2.999130896665723522e+00
-2.999980324010769639e+00,-2.999980324010769639e+00
-3.000854252330594996e+00,-3.000854252330594996e+00
-3.001752463132386861e+00,-3.001752463132386861e+00
-3.002675181603579269e+00,-3.002675181603579269e+00
-3.003622151677769914e+00,-3.003622151677769914e+00
-3.004593587111532127e+00,-3.004593587111532127e+00
-3.005589460332675600e+00,-3.005589460332675600e+00
-3.006609568632319540e+00,-3.006609568632319540e+00
-3.007654126083148416e+00,-3.007654126083148416e+00
-3.008723104789478686e+00,-3.008723104789478686e+00
-3.009816458230393010e+00,-3.009816458230393010e+00
-3.010934120621927335e+00,-3.010934120621927335e+00
-3.012076193760041765e+00,-3.012076193760041765e+00
-3.013242672208352957e+00,-3.013242672208352957e+00
-3.014433538107629040e+00,-3.014433538107629040e+00
-3.015648655017104662e+00,-3.015648655017104662e+00
-3.016888286182681789e+00,-3.016888286182681789e+00
-3.018152204456656662e+00,-3.018152204456656662e+00
-3.019440510613788042e+00,-3.019440510613788042e+00
-3.020753243962884582e+00,-3.020753243962884582e+00
-3.022090258937542018e+00,-3.022090258937542018e+00
-3.023451733485226001e+00,-3.023451733485226001e+00
-3.024837510377943239e+00,-3.024837510377943239e+00
-3.026247652233544638e+00,-3.026247652233544638e+00
-3.027682170902928238e+00,-3.027682170902928238e+00
-3.029141112131808367e+00,-3.029141112131808367e+00
-3.030624319967146985e+00,-3.030624319967146985e+00
-3.032131924423179914e+00,-3.032131924423179914e+00
-3.033663893933902234e+00,-3.033663893933902234e+00
-3.035220262467603902e+00,-3.035220262467603902e+00
-3.036800994352918615e+00,-3.036800994352918615e+00
-3.038405944842877293e+00,-3.038405944842877293e+00
-3.040035426881994240e+00,-3.040035426881994240e+00
-3.041689207832295239e+00,-3.041689207832295239e+00
-3.043367293009978880e+00,-3.043367293009978880e+00
-3.045069732460342404e+00,-3.045069732460342404e+00
-3.046796585169313953e+00,-3.046796585169313953e+00
-3.048547813185755739e+00,-3.048547813185755739e+00
-3.050323338384711036e+00,-3.050323338384711036e+00
-3.052123182330368945e+00,-3.052123182330368945e+00
-3.053947438137973869e+00,-3.053947438137973869e+00
-3.055795986118884588e+00,-3.055795986118884588e+00
-3.057668955576379410e+00,-3.057668955576379410e+00
-3.059566214485698321e+00,-3.059566214485698321e+00
-3.061487797996533367e+00,-3.061487797996533367e+00
-3.063433743977156620e+00,-3.063433743977156620e+00
-3.065404033039670573e+00,-3.065404033039670573e+00
-3.067398683215185162e+00,-3.067398683215185162e+00
-3.069417671995254171e+00,-3.069417671995254171e+00
-3.071461018653710351e+00,-3.071461018653710351e+00
-3.073528631482532969e+00,-3.073528631482532969e+00
-3.075620653472592725e+00,-3.075620653472592725e+00
-3.077736954226790722e+00,-3.077736954226790722e+00
-3.079877609314731313e+00,-3.079877609314731313e+00
-3.082042649172755944e+00,-3.082042649172755944e+00
-3.084231961552468704e+00,-3.084231961552468704e+00
-3.086445625076004617e+00,-3.086445625076004617e+00
-3.088683597475484266e+00,-3.088683597475484266e+00
-3.090945897296525136e+00,-3.090945897296525136e+00
-3.093232583661690072e+00,-3.093232583661690072e+00
-3.095543524246485934e+00,-3.095543524246485934e+00
-3.097878899134895114e+00,-3.097878899134895114e+00
-3.100238467099091011e+00,-3.100238467099091011e+00
-3.102622502817712125e+00,-3.102622502817712125e+00
-3.105030726994132628e+00,-3.105030726994132628e+00
-3.107463343620488594e+00,-3.107463343620488594e+00
-3.109920153870470383e+00,-3.109920153870470383e+00
-3.112401422177308863e+00,-3.112401422177308863e+00
-3.114906949297524985e+00,-3.114906949297524985e+00
-3.117436855114753769e+00,-3.117436855114753769e+00
-3.119991031966711681e+00,-3.119991031966711681e+00
-3.122569553707502443e+00,-3.122569553707502443e+00
-3.125172345634068982e+00,-3.125172345634068982e+00
-3.127799476012085300e+00,-3.127799476012085300e+00
-3.130450880092860544e+00,-3.130450880092860544e+00
-3.133126692385672207e+00,-3.133126692385672207e+00
-3.135826687252817102e+00,-3.135826687252817102e+00
-3.138551154173116586e+00,-3.138551154173116586e+00
-3.141299800580460655e+00,-3.141299800580460655e+00
-3.144072743273637727e+00,-3.144072743273637727e+00
-3.146869966715139633e+00,-3.146869966715139633e+00
-3.149691545286354533e+00,-3.149691545286354533e+00
-3.152537528075657569e+00,-3.152537528075657569e+00
-3.155407723891965777e+00,-3.155407723891965777e+00
-3.158302226951259062e+00,-3.158302226951259062e+00
-3.161221014097340021e+00,-3.161221014097340021e+00
-3.164164103998709621e+00,-3.164164103998709621e+00
-3.167131480753559547e+00,-3.167131480753559547e+00
-3.170123211308163658e+00,-3.170123211308163658e+00
-3.173139165950298324e+00,-3.173139165950298324e+00
-3.176179410691456262e+00,-3.176179410691456262e+00
-3.179244095797094882e+00,-3.179244095797094882e+00
-3.182332911877626902e+00,-3.182332911877626902e+00
-3.185446081970120247e+00,-3.185446081970120247e+00
-3.188583438221276101e+00,-3.188583438221276101e+00
-3.191745269661800055e+00,-3.191745269661800055e+00
-3.194931271269612072e+00,-3.194931271269612072e+00
-3.198141567158311549e+00,-3.198141567158311549e+00
-3.201376205338006820e+00,-3.201376205338006820e+00
-3.204635017386814333e+00,-3.204635017386814333e+00
-3.207918216195814409e+00,-3.207918216195814409e+00
-3.211225612641236626e+00,-3.211225612641236626e+00
-3.214557381291522464e+00,-3.214557381291522464e+00
-3.217913479275968491e+00,-3.217913479275968491e+00
-3.221293762137520833e+00,-3.221293762137520833e+00
-3.224698353152201324e+00,-3.224698353152201324e+00
-3.228127195109171232e+00,-3.228127195109171232e+00
-3.231580256712764943e+00,-3.231580256712764943e+00
-3.235057712729519253e+00,-3.235057712729519253e+00
-3.238559408843526999e+00,-3.238559408843526999e+00
-3.242085382205332600e+00,-3.242085382205332600e+00
-3.245635671588739335e+00,-3.245635671588739335e+00
-3.249210184343932717e+00,-3.249210184343932717e+00
-3.252808944349310227e+00,-3.252808944349310227e+00
-3.256431988569231439e+00,-3.256431988569231439e+00
-3.260079215597627478e+00,-3.260079215597627478e+00
-3.263750856032408887e+00,-3.263750856032408887e+00
-3.267446713362849309e+00,-3.267446713362849309e+00
-3.271166857602977096e+00,-3.271166857602977096e+00
-3.274911274249968862e+00,-3.274911274249968862e+00
-3.278679882383678024e+00,-3.278679882383678024e+00
-3.282472824484786944e+00,-3.282472824484786944e+00
-3.286289994810093429e+00,-3.286289994810093429e+00
-3.290131524521338058e+00,-3.290131524521338058e+00
-3.293997286304358063e+00,-3.293997286304358063e+00
-3.297887195446808306e+00,-3.297887195446808306e+00
-3.301801443633971100e+00,-3.301801443633971100e+00
-3.305739869658711250e+00,-3.305739869658711250e+00
-3.309702637361710664e+00,-3.309702637361710664e+00
-3.313689622644775845e+00,-3.313689622644775845e+00
-3.317700947990231075e+00,-3.317700947990231075e+00
-3.321736488650280261e+00,-3.321736488650280261e+00
-3.325796236318208976e+00,-3.325796236318208976e+00
-3.329880288721471793e+00,-3.329880288721471793e+00
-3.333988557576871070e+00,-3.333988557576871070e+00
-3.338121143789982259e+00,-3.338121143789982259e+00
-3.342277909523085011e+00,-3.342277909523085011e+00
-3.346458951610696619e+00,-3.346458951610696619e+00
-3.350664290921065103e+00,-3.350664290921065103e+00
-3.354893803554836129e+00,-3.354893803554836129e+00
-3.359147641324714773e+00,-3.359147641324714773e+00
-3.363425561731212543e+00,-3.363425561731212543e+00
-3.367727942079980608e+00,-3.367727942079980608e+00
-3.372054487191288530e+00,-3.372054487191288530e+00
-3.376405224695410379e+00,-3.376405224695410379e+00
-3.380780220342436859e+00,-3.380780220342436859e+00
-3.385179531418137877e+00,-3.385179531418137877e+00
-3.389603139808881060e+00,-3.389603139808881060e+00
-3.394050841520761086e+00,-3.394050841520761086e+00
-3.398522759942845806e+00,-3.398522759942845806e+00
-3.403019089814887543e+00,-3.403019089814887543e+00
-3.407539668629774088e+00,-3.407539668629774088e+00
-3.412084284302785875e+00,-3.412084284302785875e+00
-3.416653246408805078e+00,-3.416653246408805078e+00
-3.421246285988750468e+00,-3.421246285988750468e+00
-3.425863929767545280e+00,-3.425863929767545280e+00
-3.430505505128326860e+00,-3.430505505128326860e+00
-3.435171507169057836e+00,-3.435171507169057836e+00
-3.439861501303232760e+00,-3.439861501303232760e+00
-3.444575900178747485e+00,-3.444575900178747485e+00
-3.449314717242800032e+00,-3.449314717242800032e+00
-3.454077440515263664e+00,-3.454077440515263664e+00
-3.458864467756856076e+00,-3.458864467756856076e+00
-3.463675879876549679e+00,-3.463675879876549679e+00
-3.468511400653760735e+00,-3.468511400653760735e+00
-3.473371242528955349e+00,-3.473371242528955349e+00
-3.478255157026496569e+00,-3.478255157026496569e+00
-3.483163444220983340e+00,-3.483163444220983340e+00
-3.488095980791086070e+00,-3.488095980791086070e+00
-3.493052623823975189e+00,-3.493052623823975189e+00
-3.498033453159217654e+00,-3.498033453159217654e+00
-3.503038663338969183e+00,-3.503038663338969183e+00
-3.508068078262174705e+00,-3.508068078262174705e+00
-3.513121593528673259e+00,-3.513121593528673259e+00
-3.518199567930037741e+00,-3.518199567930037741e+00
-3.523301601704394770e+00,-3.523301601704394770e+00
-3.528427924562094198e+00,-3.528427924562094198e+00
-3.533578354995416948e+00,-3.533578354995416948e+00
-3.538752989383346481e+00,-3.538752989383346481e+00
-3.543951990343415126e+00,-3.543951990343415126e+00
-3.549175155726161268e+00,-3.549175155726161268e+00
-3.554422643015080485e+00,-3.554422643015080485e+00
-3.559694235502060433e+00,-3.559694235502060433e+00
-3.564990144035081077e+00,-3.564990144035081077e+00
-3.570310171314408532e+00,-3.570310171314408532e+00
-3.575654471479449370e+00,-3.575654471479449370e+00
-3.581022923302617844e+00,-3.581022923302617844e+00
-3.586415741343942365e+00,-3.586415741343942365e+00
-3.591832538861897905e+00,-3.591832538861897905e+00
-3.597273758873312577e+00,-3.597273758873312577e+00
-3.602739132740732320e+00,-3.602739132740732320e+00
-3.608228639273312499e+00,-3.608228639273312499e+00
-3.613742565249184135e+00,-3.613742565249184135e+00
-3.619280576246374004e+00,-3.619280576246374004e+00
-3.624842863825557426e+00,-3.624842863825557426e+00
-3.630429234250881709e+00,-3.630429234250881709e+00
-3.636039973920490276e+00,-3.636039973920490276e+00
-3.641674722143316778e+00,-3.641674722143316778e+00
-3.647333880044859811e+00,-3.647333880044859811e+00
-3.653017179734281861e+00,-3.653017179734281861e+00
-3.658724847047710504e+00,-3.658724847047710504e+00
-3.664456442729765673e+00,-3.664456442729765673e+00
-3.670212453809339692e+00,-3.670212453809339692e+00
-3.675992611006680288e+00,-3.675992611006680288e+00
-3.681797009552952193e+00,-3.681797009552952193e+00
-3.687625538559455851e+00,-3.687625538559455851e+00
-3.693478324203868457e+00,-3.693478324203868457e+00
-3.699355317490793826e+00,-3.699355317490793826e+00
-3.705256650751793668e+00,-3.705256650751793668e+00
-3.711181955881737604e+00,-3.711181955881737604e+00
-3.717131693507742085e+00,-3.717131693507742085e+00
-3.723105548849138025e+00,-3.723105548849138025e+00
-3.729103545552643340e+00,-3.729103545552643340e+00
-3.735125821786123179e+00,-3.735125821786123179e+00
-3.741172287680515574e+00,-3.741172287680515574e+00
-3.747243024967656932e+00,-3.747243024967656932e+00
-3.753337765283645933e+00,-3.753337765283645933e+00
-3.759456932809813967e+00,-3.759456932809813967e+00
-3.765600243243807821e+00,-3.765600243243807821e+00
-3.771767747615215161e+00,-3.771767747615215161e+00
-3.777959387979561434e+00,-3.777959387979561434e+00
-3.784175430910835747e+00,-3.784175430910835747e+00
-3.790415590655030531e+00,-3.790415590655030531e+00
-3.796679740923952551e+00,-3.796679740923952551e+00
-3.802968288824694287e+00,-3.802968288824694287e+00
-3.809281072133435142e+00,-3.809281072133435142e+00
-3.815617992201688402e+00,-3.815617992201688402e+00
-3.821979071721936183e+00,-3.821979071721936183e+00
-3.828364391155961943e+00,-3.828364391155961943e+00
-3.834773945121886740e+00,-3.834773945121886740e+00
-3.841207728160931367e+00,-3.841207728160931367e+00
-3.847665712644781078e+00,-3.847665712644781078e+00
-3.854147882703781836e+00,-3.854147882703781836e+00
-3.860654151876642626e+00,-3.860654151876642626e+00
-3.867184774883405840e+00,-3.867184774883405840e+00
-3.873739415759508642e+00,-3.873739415759508642e+00
-3.880318512970692524e+00,-3.880318512970692524e+00
-3.886921682613260653e+00,-3.886921682613260653e+00
-3.893549070178478733e+00,-3.893549070178478733e+00
-3.900200431217263120e+00,-3.900200431217263120e+00
-3.906876224387755503e+00,-3.906876224387755503e+00
-3.913576279158857751e+00,-3.913576279158857751e+00
-3.920300428055123909e+00,-3.920300428055123909e+00
-3.927048701970151434e+00,-3.927048701970151434e+00
-3.933821288816307771e+00,-3.933821288816307771e+00
-3.940618026376252914e+00,-3.940618026376252914e+00
-3.947438872236177065e+00,-3.947438872236177065e+00
-3.954284218235503356e+00,-3.954284218235503356e+00
-3.961153527917725459e+00,-3.961153527917725459e+00
-3.968047120932304495e+00,-3.968047120932304495e+00
-3.974964759487369825e+00,-3.974964759487369825e+00
-3.981906637373414881e+00,-3.981906637373414881e+00
-3.988872814683345425e+00,-3.988872814683345425e+00
-3.995863098616024622e+00,-3.995863098616024622e+00
-4.002877780598149471e+00,-4.002877780598149471e+00
-4.009916602689603593e+00,-4.009916602689603593e+00
-4.016979283775945930e+00,-4.016979283775945930e+00
-4.024066428336016799e+00,-4.024066428336016799e+00
-4.031177833216718298e+00,-4.031177833216718298e+00
-4.038313314445962199e+00,-4.038313314445962199e+00
-4.045472918204645829e+00,-4.045472918204645829e+00
-4.052656794958101827e+00,-4.052656794958101827e+00
-4.059864992037965692e+00,-4.059864992037965692e+00
-4.067097281944318077e+00,-4.067097281944318077e+00
-4.074353722354127960e+00,-4.074353722354127960e+00
-4.081634378189402668e+00,-4.081634378189402668e+00
-4.088939361218552726e+00,-4.088939361218552726e+00
-4.096268321309420202e+00,-4.096268321309420202e+00
-4.103621678716054433e+00,-4.103621678716054433e+00
-4.110999130595602402e+00,-4.110999130595602402e+00
-4.118400813187038878e+00,-4.118400813187038878e+00
-4.125826543387740131e+00,-4.125826543387740131e+00
-4.133276678805369642e+00,-4.133276678805369642e+00
-4.140750804125993945e+00,-4.140750804125993945e+00
-4.148249238691206209e+00,-4.148249238691206209e+00
-4.155771958830414725e+00,-4.155771958830414725e+00
-4.163318705063495884e+00,-4.163318705063495884e+00
-4.170889602618278680e+00,-4.170889602618278680e+00
-4.178484960103904911e+00,-4.178484960103904911e+00
-4.186104201947781434e+00,-4.186104201947781434e+00
-4.193747854632459138e+00,-4.193747854632459138e+00
-4.201415476145407446e+00,-4.201415476145407446e+00
-4.209107637562992998e+00,-4.209107637562992998e+00
-4.216823659416318648e+00,-4.216823659416318648e+00
-4.224564043475574238e+00,-4.224564043475574238e+00
-4.232328490983132241e+00,-4.232328490983132241e+00
-4.240117234154092252e+00,-4.240117234154092252e+00
-4.247930333809946113e+00,-4.247930333809946113e+00
-4.255767305494435604e+00,-4.255767305494435604e+00
-4.263628641851831880e+00,-4.263628641851831880e+00
-4.271514015599267466e+00,-4.271514015599267466e+00
-4.279423670628602849e+00,-4.279423670628602849e+00
-4.287357676385399330e+00,-4.287357676385399330e+00
-4.295315581771891544e+00,-4.295315581771891544e+00
-4.303297988991920064e+00,-4.303297988991920064e+00
-4.311304336767743273e+00,-4.311304336767743273e+00
-4.319335011663624435e+00,-4.319335011663624435e+00
-4.327389935193139969e+00,-4.327389935193139969e+00
-4.335468855228135077e+00,-4.335468855228135077e+00
-4.343572114889061808e+00,-4.343572114889061808e+00
-4.351699604685688172e+00,-4.351699604685688172e+00
-4.359851015840007449e+00,-4.359851015840007449e+00
-4.368026705444181701e+00,-4.368026705444181701e+00
-4.376226680201114938e+00,-4.376226680201114938e+00
-4.384450917492033639e+00,-4.384450917492033639e+00
-4.392699191092635402e+00,-4.392699191092635402e+00
-4.400971696630203489e+00,-4.400971696630203489e+00
-4.409268520916230116e+00,-4.409268520916230116e+00
-4.417589527110908243e+00,-4.417589527110908243e+00
-4.425934308262133854e+00,-4.425934308262133854e+00
-4.434303789732195078e+00,-4.434303789732195078e+00
-4.442697083349048448e+00,-4.442697083349048448e+00
-4.451114803794650854e+00,-4.451114803794650854e+00
-4.459556729486003235e+00,-4.459556729486003235e+00
-4.468022764424653737e+00,-4.468022764424653737e+00
-4.476512846545841917e+00,-4.476512846545841917e+00
-4.485027311450247467e+00,-4.485027311450247467e+00
-4.493565867559936144e+00,-4.493565867559936144e+00
-4.502128693197781750e+00,-4.502128693197781750e+00
-4.510715748529491087e+00,-4.510715748529491087e+00
-4.519326825780647816e+00,-4.519326825780647816e+00
-4.527962092511057968e+00,-4.527962092511057968e+00
-4.536621669241108989e+00,-4.536621669241108989e+00
-4.545305302241844814e+00,-4.545305302241844814e+00
-4.554013280555406773e+00,-4.554013280555406773e+00
-4.562745396751803462e+00,-4.562745396751803462e+00
-4.571501643438813822e+00,-4.571501643438813822e+00
-4.580282184846556248e+00,-4.580282184846556248e+00
-4.589086725839524483e+00,-4.589086725839524483e+00
-4.597915556605681076e+00,-4.597915556605681076e+00
-4.606768630454269875e+00,-4.606768630454269875e+00
-4.615645843610272969e+00,-4.615645843610272969e+00
-4.624547218155429462e+00,-4.624547218155429462e+00
-4.633472888262766709e+00,-4.633472888262766709e+00
-4.642422559519548741e+00,-4.642422559519548741e+00
-4.651396465796591606e+00,-4.651396465796591606e+00
-4.660394596914573917e+00,-4.660394596914573917e+00
-4.669417142107195495e+00,-4.669417142107195495e+00
-4.678463546253576411e+00,-4.678463546253576411e+00
-4.687534207657721552e+00,-4.687534207657721552e+00
-4.696629079053534994e+00,-4.696629079053534994e+00
-4.705748352646544674e+00,-4.705748352646544674e+00
-4.714891270724470118e+00,-4.714891270724470118e+00
-4.724059048665501415e+00,-4.724059048665501415e+00
-4.733250711667524868e+00,-4.733250711667524868e+00
-4.742466418413990858e+00,-4.742466418413990858e+00
-4.751706481365251200e+00,-4.751706481365251200e+00
-4.760970416495425184e+00,-4.760970416495425184e+00
-4.770258909199981190e+00,-4.770258909199981190e+00
-4.779571591925254381e+00,-4.779571591925254381e+00
-4.788908356047614667e+00,-4.788908356047614667e+00
-4.798268980801896788e+00,-4.798268980801896788e+00
-4.807654249900715548e+00,-4.807654249900715548e+00
-4.817063476776098696e+00,-4.817063476776098696e+00
-4.826497030617976414e+00,-4.826497030617976414e+00
-4.835954720360430059e+00,-4.835954720360430059e+00
-4.845436537437645796e+00,-4.845436537437645796e+00
-4.854942686516581674e+00,-4.854942686516581674e+00
-4.864472940304243487e+00,-4.864472940304243487e+00
-4.874027262714264452e+00,-4.874027262714264452e+00
-4.883605796348364336e+00,-4.883605796348364336e+00
-4.893208656339500529e+00,-4.893208656339500529e+00
-4.902835431120212029e+00,-4.902835431120212029e+00
-4.912486737372387502e+00,-4.912486737372387502e+00
-4.922162131873987434e+00,-4.922162131873987434e+00
-4.931861318757555956e+00,-4.931861318757555956e+00
-4.941585144988128064e+00,-4.941585144988128064e+00
-4.951333038279473797e+00,-4.951333038279473797e+00
-4.961105125474460031e+00,-4.961105125474460031e+00
-4.970901362855706829e+00,-4.970901362855706829e+00
-4.980722043222958639e+00,-4.980722043222958639e+00
-4.990566513086424294e+00,-4.990566513086424294e+00
-5.000435427933363819e+00,-5.000435427933363819e+00
-5.010328331582651451e+00,-5.010328331582651451e+00
-5.020245296916289846e+00,-5.020245296916289846e+00
-5.030186863400698982e+00,-5.030186863400698982e+00
-5.040152212307882351e+00,-5.040152212307882351e+00
-5.050142062832443379e+00,-5.050142062832443379e+00
-5.060155964849987420e+00,-5.060155964849987420e+00
-5.070194183312175085e+00,-5.070194183312175085e+00
-5.080256603819698569e+00,-5.080256603819698569e+00
-5.090342959062586381e+00,-5.090342959062586381e+00
-5.100453366211809225e+00,-5.100453366211809225e+00
-5.110588351871262702e+00,-5.110588351871262702e+00
-5.120747245641195988e+00,-5.120747245641195988e+00
-5.130930460423186901e+00,-5.130930460423186901e+00
-5.141137740873835682e+00,-5.141137740873835682e+00
-5.151369351700517463e+00,-5.151369351700517463e+00
-5.161625096584258721e+00,-5.161625096584258721e+00
-5.171905151526765998e+00,-5.171905151526765998e+00
-5.182209076058549968e+00,-5.182209076058549968e+00
-5.192537399323182257e+00,-5.192537399323182257e+00
-5.202889735162489870e+00,-5.202889735162489870e+00
-5.213266573132597337e+00,-5.213266573132597337e+00
-5.223667267322283259e+00,-5.223667267322283259e+00
-5.234092405790218727e+00,-5.234092405790218727e+00
-5.244541584544623269e+00,-5.244541584544623269e+00
-5.255014890814728723e+00,-5.255014890814728723e+00
-5.265512177822676776e+00,-5.265512177822676776e+00
-5.276034083759684634e+00,-5.276034083759684634e+00
-5.286580297258264061e+00,-5.286580297258264061e+00
-5.297150068096170727e+00,-5.297150068096170727e+00
-5.307744426751378697e+00,-5.307744426751378697e+00
-5.318362801553270458e+00,-5.318362801553270458e+00
-5.329005503567612934e+00,-5.329005503567612934e+00
-5.339672259617675998e+00,-5.339672259617675998e+00
-5.350363512413833789e+00,-5.350363512413833789e+00
-5.361078635979116491e+00,-5.361078635979116491e+00
-5.371817855942750519e+00,-5.371817855942750519e+00
-5.382581582422116817e+00,-5.382581582422116817e+00
-5.393369286160716314e+00,-5.393369286160716314e+00
-5.404181111544673399e+00,-5.404181111544673399e+00
-5.415017221644260026e+00,-5.415017221644260026e+00
-5.425877591096198493e+00,-5.425877591096198493e+00
-5.436761985439041212e+00,-5.436761985439041212e+00
-5.447670357026294319e+00,-5.447670357026294319e+00
-5.458603587639371924e+00,-5.458603587639371924e+00
-5.469560477924013675e+00,-5.469560477924013675e+00
-5.480541726121440860e+00,-5.480541726121440860e+00
-5.491546763259001374e+00,-5.491546763259001374e+00
-5.502576541046835246e+00,-5.502576541046835246e+00
-5.513630353605585732e+00,-5.513630353605585732e+00
-5.524708087145990376e+00,-5.524708087145990376e+00
-5.535810248785089982e+00,-5.535810248785089982e+00
-5.546936307451103332e+00,-5.546936307451103332e+00
-5.558086952110608436e+00,-5.558086952110608436e+00
-5.569261563147057892e+00,-5.569261563147057892e+00
-5.580460361215074272e+00,-5.580460361215074272e+00
-5.591683367607468647e+00,-5.591683367607468647e+00
-5.602930402921155739e+00,-5.602930402921155739e+00
-5.614201837763598490e+00,-5.614201837763598490e+00
-5.625497358693448469e+00,-5.625497358693448469e+00
-5.636816990416869899e+00,-5.636816990416869899e+00
-5.648160958938046150e+00,-5.648160958938046150e+00
-5.659529121397587126e+00,-5.659529121397587126e+00
-5.670921117281752188e+00,-5.670921117281752188e+00
-5.682337560462401349e+00,-5.682337560462401349e+00
-5.693778623201712463e+00,-5.693778623201712463e+00
-5.705243066114465300e+00,-5.705243066114465300e+00
-5.716732113279904048e+00,-5.716732113279904048e+00
-5.728245193513860301e+00,-5.728245193513860301e+00
-5.739782580641756837e+00,-5.739782580641756837e+00
-5.751344056962691020e+00,-5.751344056962691020e+00
-5.762929693114431373e+00,-5.762929693114431373e+00
-5.774539386941114572e+00,-5.774539386941114572e+00
-5.786173612730597604e+00,-5.786173612730597604e+00
-5.797831895823971848e+00,-5.797831895823971848e+00
-5.809513917739835165e+00,-5.809513917739835165e+00
-5.821220579589224897e+00,-5.821220579589224897e+00
-5.832951438852840731e+00,-5.832951438852840731e+00
-5.844706591465714141e+00,-5.844706591465714141e+00
-5.856485810365584577e+00,-5.856485810365584577e+00
-5.868288750099798001e+00,-5.868288750099798001e+00
-5.880087718494275251e+00,-5.880087718494275251e+00
