-1.615021138786056909e+00,-1.615021138786056909e+00
-1.611017134782053439e+00,-1.611017134782053439e+00
-1.606807048804514526e+00,-1.606807048804514526e+00
-1.602597166680423957e+00,-1.602597166680423957e+00
-1.598387488108529375e+00,-1.598387488108529375e+00
-1.594178012788153520e+00,-1.594178012788153520e+00
-1.589968740419353654e+00,-1.589968740419353654e+00
-1.585759670702473478e+00,-1.585759670702473478e+00
-1.581550803338600542e+00,-1.581550803338600542e+00
-1.577342138029432572e+00,-1.577342138029432572e+00
-1.573133674477212640e+00,-1.573133674477212640e+00
-1.568925412384917450e+00,-1.568925412384917450e+00
-1.564717351455841232e+00,-1.564717351455841232e+00
-1.560509491393984760e+00,-1.560509491393984760e+00
-1.556301831903921684e+00,-1.556301831903921684e+00
-1.552094372690802082e+00,-1.552094372690802082e+00
-1.547887113460515440e+00,-1.547887113460515440e+00
-1.543680053919220807e+00,-1.543680053919220807e+00
-1.539473193773795323e+00,-1.539473193773795323e+00
-1.535266532731693001e+00,-1.535266532731693001e+00
-1.531060070500941173e+00,-1.531060070500941173e+00
-1.526853806790271939e+00,-1.526853806790271939e+00
-1.522647741308678526e+00,-1.522647741308678526e+00
-1.518441873765898009e+00,-1.518441873765898009e+00
-1.514236203872234121e+00,-1.514236203872234121e+00
-1.510030731338530163e+00,-1.510030731338530163e+00
-1.505825455876323993e+00,-1.505825455876323993e+00
-1.501620377197447898e+00,-1.501620377197447898e+00
-1.497415495014449149e+00,-1.497415495014449149e+00
-1.493210809040416365e+00,-1.493210809040416365e+00
-1.489006318988981725e+00,-1.489006318988981725e+00
-1.484802024574501722e+00,-1.484802024574501722e+00
-1.480597925511583313e+00,-1.480597925511583313e+00
-1.476394021515533339e+00,-1.476394021515533339e+00
-1.472190312302216864e+00,-1.472190312302216864e+00
-1.467986797588034964e+00,-1.467986797588034964e+00
-1.463783477090077056e+00,-1.463783477090077056e+00
-1.459580350525728321e+00,-1.459580350525728321e+00
-1.455377417613013868e+00,-1.455377417613013868e+00
-1.451174678070528579e+00,-1.451174678070528579e+00
-1.446972131617439317e+00,-1.446972131617439317e+00
-1.442769777973555989e+00,-1.442769777973555989e+00
-1.438567616858890119e+00,-1.438567616858890119e+00
-1.434365647994267690e+00,-1.434365647994267690e+00
-1.430163871101013395e+00,-1.430163871101013395e+00
-1.425962285900887361e+00,-1.425962285900887361e+00
-1.421760892116453956e+00,-1.421760892116453956e+00
-1.417559689470395901e+00,-1.417559689470395901e+00
-1.413358677686213483e+00,-1.413358677686213483e+00
-1.409157856487903482e+00,-1.409157856487903482e+00
-1.404957225599888115e+00,-1.404957225599888115e+00
-1.400756784747390071e+00,-1.400756784747390071e+00
-1.396556533655743060e+00,-1.396556533655743060e+00
-1.392356472051092808e+00,-1.392356472051092808e+00
-1.388156599660073987e+00,-1.388156599660073987e+00
-1.383956916209741594e+00,-1.383956916209741594e+00
-1.379757421427957542e+00,-1.379757421427957542e+00
-1.375558115042647689e+00,-1.375558115042647689e+00
-1.371358996782562123e+00,-1.371358996782562123e+00
-1.367160066376987171e+00,-1.367160066376987171e+00
-1.362961323555565762e+00,-1.362961323555565762e+00
-1.358762768048729086e+00,-1.358762768048729086e+00
-1.354564399587016243e+00,-1.354564399587016243e+00
-1.350366217901767030e+00,-1.350366217901767030e+00
-1.346168222724820840e+00,-1.346168222724820840e+00
-1.341970413788382777e+00,-1.341970413788382777e+00
-1.337772790825465297e+00,-1.337772790825465297e+00
-1.333575353569171007e+00,-1.333575353569171007e+00
-1.329378101753383667e+00,-1.329378101753383667e+00
-1.325181035112482419e+00,-1.325181035112482419e+00
-1.320984153381234094e+00,-1.320984153381234094e+00
-1.316787456295168024e+00,-1.316787456295168024e+00
-1.312590943589901915e+00,-1.312590943589901915e+00
-1.308394615001863936e+00,-1.308394615001863936e+00
-1.304198470267940113e+00,-1.304198470267940113e+00
-1.300002509125429029e+00,-1.300002509125429029e+00
-1.295806731312298510e+00,-1.295806731312298510e+00
-1.291611136566708673e+00,-1.291611136566708673e+00
-1.287415724627622104e+00,-1.287415724627622104e+00
-1.283220495234352887e+00,-1.283220495234352887e+00
-1.279025448126689390e+00,-1.279025448126689390e+00
-1.274830583045063026e+00,-1.274830583045063026e+00
-1.270635899730148566e+00,-1.270635899730148566e+00
-1.266441397923278256e+00,-1.266441397923278256e+00
-1.262247077366370096e+00,-1.262247077366370096e+00
-1.258052937801601878e+00,-1.258052937801601878e+00
-1.253858978971730043e+00,-1.253858978971730043e+00
-1.249665200619994421e+00,-1.249665200619994421e+00
-1.245471602490142438e+00,-1.245471602490142438e+00
-1.241278184326540135e+00,-1.241278184326540135e+00
-1.237084945873737185e+00,-1.237084945873737185e+00
-1.232891886876930077e+00,-1.232891886876930077e+00
-1.228699007081769157e+00,-1.228699007081769157e+00
-1.224506306234399933e+00,-1.224506306234399933e+00
-1.220313784081601405e+00,-1.220313784081601405e+00
-1.216121440370312001e+00,-1.216121440370312001e+00
-1.211929274848115412e+00,-1.211929274848115412e+00
-1.207737287263046522e+00,-1.207737287263046522e+00
-1.203545477363626937e+00,-1.203545477363626937e+00
-1.199353844899007537e+00,-1.199353844899007537e+00
-1.195162389618499965e+00,-1.195162389618499965e+00
-1.190971111272028482e+00,-1.190971111272028482e+00
-1.186780009609996078e+00,-1.186780009609996078e+00
-1.182589084383302236e+00,-1.182589084383302236e+00
-1.178398335343392667e+00,-1.178398335343392667e+00
-1.174207762241919140e+00,-1.174207762241919140e+00
-1.170017364831173357e+00,-1.170017364831173357e+00
-1.165827142863899768e+00,-1.165827142863899768e+00
-1.161637096093265598e+00,-1.161637096093265598e+00
-1.157447224273052910e+00,-1.157447224273052910e+00
-1.153257527157260043e+00,-1.153257527157260043e+00
-1.149068004500457763e+00,-1.149068004500457763e+00
-1.144878656057664035e+00,-1.144878656057664035e+00
-1.140689481584381992e+00,-1.140689481584381992e+00
-1.136500480836670546e+00,-1.136500480836670546e+00
-1.132311653570813315e+00,-1.132311653570813315e+00
-1.128122999543673455e+00,-1.128122999543673455e+00
-1.123934518512502700e+00,-1.123934518512502700e+00
-1.119746210235114114e+00,-1.119746210235114114e+00
-1.115558074469815919e+00,-1.115558074469815919e+00
-1.111370110975150594e+00,-1.111370110975150594e+00
-1.107182319510234825e+00,-1.107182319510234825e+00
-1.102994699834567882e+00,-1.102994699834567882e+00
-1.098807251708205701e+00,-1.098807251708205701e+00
-1.094619974891694492e+00,-1.094619974891694492e+00
-1.090432869145808725e+00,-1.090432869145808725e+00
-1.086245934231892196e+00,-1.086245934231892196e+00
-1.082059169911666396e+00,-1.082059169911666396e+00
-1.077872575947405265e+00,-1.077872575947405265e+00
-1.073686152101878122e+00,-1.073686152101878122e+00
-1.069499898138040361e+00,-1.069499898138040361e+00
-1.065313813819424471e+00,-1.065313813819424471e+00
-1.061127898910015910e+00,-1.061127898910015910e+00
-1.056942153174238674e+00,-1.056942153174238674e+00
-1.052756576377021691e+00,-1.052756576377021691e+00
-1.048571168283529920e+00,-1.048571168283529920e+00
-1.044385928659498086e+00,-1.044385928659498086e+00
-1.040200857271043278e+00,-1.040200857271043278e+00
-1.036015953884768415e+00,-1.036015953884768415e+00
-1.031831218267764916e+00,-1.031831218267764916e+00
-1.027646650187353572e+00,-1.027646650187353572e+00
-1.023462249411433822e+00,-1.023462249411433822e+00
-1.019278015708229734e+00,-1.019278015708229734e+00
-1.015093948846512717e+00,-1.015093948846512717e+00
-1.010910048595549560e+00,-1.010910048595549560e+00
-1.006726314724727622e+00,-1.006726314724727622e+00
-1.002542747004072865e+00,-1.002542747004072865e+00
-9.983593452039980498e-01,-9.983593452039980498e-01
-9.941761090953515900e-01,-9.941761090953515900e-01
-9.899930384494727287e-01,-9.899930384494727287e-01
-9.858101330379230864e-01,-9.858101330379230864e-01
-9.816273926327777621e-01,-9.816273926327777621e-01
-9.774448170066538655e-01,-9.774448170066538655e-01
-9.732624059324005428e-01,-9.732624059324005428e-01
-9.690801591833648754e-01,-9.690801591833648754e-01
-9.648980765333384779e-01,-9.648980765333384779e-01
-9.607161577564222732e-01,-9.607161577564222732e-01
-9.565344026273063793e-01,-9.565344026273063793e-01
-9.523528109208975190e-01,-9.523528109208975190e-01
-9.481713824126588586e-01,-9.481713824126588586e-01
-9.439901168783769725e-01,-9.439901168783769725e-01
-9.398090140942216841e-01,-9.398090140942216841e-01
-9.356280738369584515e-01,-9.356280738369584515e-01
-9.314472958835273708e-01,-9.314472958835273708e-01
-9.272666800114330865e-01,-9.272666800114330865e-01
-9.230862259984986551e-01,-9.230862259984986551e-01
-9.189059336229258301e-01,-9.189059336229258301e-01
-9.147258026635072259e-01,-9.147258026635072259e-01
-9.105458328992057648e-01,-9.105458328992057648e-01
-9.063660241095445880e-01,-9.063660241095445880e-01
-9.021863760743600302e-01,-9.021863760743600302e-01
-8.980068885738632378e-01,-8.980068885738632378e-01
-8.938275613888504445e-01,-8.938275613888504445e-01
-8.896483943002857497e-01,-8.896483943002857497e-01
-8.854693870896868102e-01,-8.854693870896868102e-01
-8.812905395388808127e-01,-8.812905395388808127e-01
-8.771118514300657587e-01,-8.771118514300657587e-01
-8.729333225460325085e-01,-8.729333225460325085e-01
-8.687549526696963786e-01,-8.687549526696963786e-01
-8.645767415845357906e-01,-8.645767415845357906e-01
-8.603986890744106386e-01,-8.603986890744106386e-01
-8.562207949234317272e-01,-8.562207949234317272e-01
-8.520430589163487944e-01,-8.520430589163487944e-01
-8.478654808381056451e-01,-8.478654808381056451e-01
-8.436880604740029099e-01,-8.436880604740029099e-01
-8.395107976099039915e-01,-8.395107976099039915e-01
-8.353336920319278658e-01,-8.353336920319278658e-01
-8.311567435266854487e-01,-8.311567435266854487e-01
-8.269799518810763139e-01,-8.269799518810763139e-01
-8.228033168823298826e-01,-8.228033168823298826e-01
-8.186268383182206954e-01,-8.186268383182206954e-01
-8.144505159768266056e-01,-8.144505159768266056e-01
-8.102743496466493500e-01,-8.102743496466493500e-01
-8.060983391164742162e-01,-8.060983391164742162e-01
-8.019224841754764022e-01,-8.019224841754764022e-01
-7.977467846133337037e-01,-7.977467846133337037e-01
-7.935712402199971427e-01,-7.935712402199971427e-01
-7.893958507858506168e-01,-7.893958507858506168e-01
-7.852206161016204167e-01,-7.852206161016204167e-01
-7.810455359583763357e-01,-7.810455359583763357e-01
-7.768706101475892911e-01,-7.768706101475892911e-01
-7.726958384611443131e-01,-7.726958384611443131e-01
-7.685212206913385469e-01,-7.685212206913385469e-01
-7.643467566307052818e-01,-7.643467566307052818e-01
-7.601724460722136811e-01,-7.601724460722136811e-01
-7.559982888091576481e-01,-7.559982888091576481e-01
-7.518242846353040409e-01,-7.518242846353040409e-01
-7.476504333448401596e-01,-7.476504333448401596e-01
-7.434767347320856423e-01,-7.434767347320856423e-01
-7.393031885918659452e-01,-7.393031885918659452e-01
-7.351297947193413673e-01,-7.351297947193413673e-01
-7.309565529101018644e-01,-7.309565529101018644e-01
-7.267834629601661600e-01,-7.267834629601661600e-01
-7.226105246656828740e-01,-7.226105246656828740e-01
-7.184377378233015587e-01,-7.184377378233015587e-01
-7.142651022300022801e-01,-7.142651022300022801e-01
-7.100926176831905412e-01,-7.100926176831905412e-01
-7.059202839806968388e-01,-7.059202839806968388e-01
-7.017481009204784570e-01,-7.017481009204784570e-01
-6.975760683009881724e-01,-6.975760683009881724e-01
-6.934041859210060554e-01,-6.934041859210060554e-01
-6.892324535797338392e-01,-6.892324535797338392e-01
-6.850608710767926990e-01,-6.850608710767926990e-01
-6.808894382119285993e-01,-6.808894382119285993e-01
-6.767181547853784451e-01,-6.767181547853784451e-01
-6.725470205977144289e-01,-6.725470205977144289e-01
-6.683760354498897716e-01,-6.683760354498897716e-01
-6.642051991432973423e-01,-6.642051991432973423e-01
-6.600345114794765600e-01,-6.600345114794765600e-01
-6.558639722604036049e-01,-6.558639722604036049e-01
-6.516935812884485646e-01,-6.516935812884485646e-01
-6.475233383662957198e-01,-6.475233383662957198e-01
-6.433532432970660020e-01,-6.433532432970660020e-01
-6.391832958840851786e-01,-6.391832958840851786e-01
-6.350134959310742566e-01,-6.350134959310742566e-01
-6.308438432420946373e-01,-6.308438432420946373e-01
-6.266743376216181716e-01,-6.266743376216181716e-01
-6.225049788745222745e-01,-6.225049788745222745e-01
-6.183357668058138135e-01,-6.183357668058138135e-01
-6.141667012209277576e-01,-6.141667012209277576e-01
-6.099977819256963141e-01,-6.099977819256963141e-01
-6.058290087262849788e-01,-6.058290087262849788e-01
-6.016603814292487140e-01,-6.016603814292487140e-01
-5.974918998413543125e-01,-5.974918998413543125e-01
-5.933235637697553688e-01,-5.933235637697553688e-01
-5.891553730219390994e-01,-5.891553730219390994e-01
-5.849873274058070560e-01,-5.849873274058070560e-01
-5.808194267296211688e-01,-5.808194267296211688e-01
-5.766516708017801474e-01,-5.766516708017801474e-01
-5.724840594311746411e-01,-5.724840594311746411e-01
-5.683165924269762970e-01,-5.683165924269762970e-01
-5.641492695987306849e-01,-5.641492695987306849e-01
-5.599820907564015959e-01,-5.599820907564015959e-01
-5.558150557100975941e-01,-5.558150557100975941e-01
-5.516481642703069399e-01,-5.516481642703069399e-01
-5.474814162479154644e-01,-5.474814162479154644e-01
-5.433148114541318519e-01,-5.433148114541318519e-01
-5.391483497005420400e-01,-5.391483497005420400e-01
-5.349820307989348045e-01,-5.349820307989348045e-01
-5.308158545614736212e-01,-5.308158545614736212e-01
-5.266498208006689108e-01,-5.266498208006689108e-01
-5.224839293293497278e-01,-5.224839293293497278e-01
-5.183181799607787799e-01,-5.183181799607787799e-01
-5.141525725083704312e-01,-5.141525725083704312e-01
-5.099871067859221840e-01,-5.099871067859221840e-01
-5.058217826075743773e-01,-5.058217826075743773e-01
-5.016565997878037475e-01,-5.016565997878037475e-01
-4.974915581414343091e-01,-4.974915581414343091e-01
-4.933266574835537543e-01,-4.933266574835537543e-01
-4.891618976295919463e-01,-4.891618976295919463e-01
-4.849972783952295474e-01,-4.849972783952295474e-01
-4.808327995966198420e-01,-4.808327995966198420e-01
-4.766684610501806807e-01,-4.766684610501806807e-01
-4.725042625725784928e-01,-4.725042625725784928e-01
-4.683402039808531869e-01,-4.683402039808531869e-01
-4.641762850922813155e-01,-4.641762850922813155e-01
-4.600125057246195470e-01,-4.600125057246195470e-01
-4.558488656958503138e-01,-4.558488656958503138e-01
-4.516853648242251107e-01,-4.516853648242251107e-01
-4.475220029283890066e-01,-4.475220029283890066e-01
-4.433587798271853009e-01,-4.433587798271853009e-01
-4.391956953399448471e-01,-4.391956953399448471e-01
-4.350327492862205991e-01,-4.350327492862205991e-01
-4.308699414858214727e-01,-4.308699414858214727e-01
-4.267072717589917574e-01,-4.267072717589917574e-01
-4.225447399261123560e-01,-4.225447399261123560e-01
-4.183823458080364044e-01,-4.183823458080364044e-01
-4.142200892259425005e-01,-4.142200892259425005e-01
-4.100579700011659501e-01,-4.100579700011659501e-01
-4.058959879554411843e-01,-4.058959879554411843e-01
-4.017341429107517126e-01,-4.017341429107517126e-01
-3.975724346895150862e-01,-3.975724346895150862e-01
-3.934108631143769519e-01,-3.934108631143769519e-01
-3.892494280082431923e-01,-3.892494280082431923e-01
-3.850881291944021623e-01,-3.850881291944021623e-01
-3.809269664963303437e-01,-3.809269664963303437e-01
-3.767659397379815034e-01,-3.767659397379815034e-01
-3.726050487435340064e-01,-3.726050487435340064e-01
-3.684442933373770490e-01,-3.684442933373770490e-01
-3.642836733443368669e-01,-3.642836733443368669e-01
-3.601231885894364826e-01,-3.601231885894364826e-01
-3.559628388980802804e-01,-3.559628388980802804e-01
-3.518026240959509221e-01,-3.518026240959509221e-01
-3.476425440089980778e-01,-3.476425440089980778e-01
-3.434825984635114793e-01,-3.434825984635114793e-01
-3.393227872859869709e-01,-3.393227872859869709e-01
-3.351631103033437253e-01,-3.351631103033437253e-01
-3.310035673427762504e-01,-3.310035673427762504e-01
-3.268441582316981009e-01,-3.268441582316981009e-01
-3.226848827978575085e-01,-3.226848827978575085e-01
-3.185257408692651615e-01,-3.185257408692651615e-01
-3.143667322743051162e-01,-3.143667322743051162e-01
-3.102078568416447024e-01,-3.102078568416447024e-01
-3.060491144001671326e-01,-3.060491144001671326e-01
-3.018905047790887974e-01,-3.018905047790887974e-01
-2.977320278078834370e-01,-2.977320278078834370e-01
-2.935736833164072634e-01,-2.935736833164072634e-01
-2.894154711347625142e-01,-2.894154711347625142e-01
-2.852573910932754142e-01,-2.852573910932754142e-01
-2.810994430226707586e-01,-2.810994430226707586e-01
-2.769416267538254428e-01,-2.769416267538254428e-01
-2.727839421180402457e-01,-2.727839421180402457e-01
-2.686263889468940569e-01,-2.686263889468940569e-01
-2.644689670721296348e-01,-2.644689670721296348e-01
-2.603116763258848665e-01,-2.603116763258848665e-01
-2.561545165404924274e-01,-2.561545165404924274e-01
-2.519974875487174248e-01,-2.519974875487174248e-01
-2.478405891834967179e-01,-2.478405891834967179e-01
-2.436838212780434443e-01,-2.436838212780434443e-01
-2.395271836659157993e-01,-2.395271836659157993e-01
-2.353706761808422865e-01,-2.353706761808422865e-01
-2.312142986570024927e-01,-2.312142986570024927e-01
-2.270580509287674076e-01,-2.270580509287674076e-01
-2.229019328307370595e-01,-2.229019328307370595e-01
-2.187459441978980013e-01,-2.187459441978980013e-01
-2.145900848653820581e-01,-2.145900848653820581e-01
-2.104343546687455491e-01,-2.104343546687455491e-01
-2.062787534437795500e-01,-2.062787534437795500e-01
-2.021232810264558810e-01,-2.021232810264558810e-01
-1.979679372531517600e-01,-1.979679372531517600e-01
-1.938127219604099949e-01,-1.938127219604099949e-01
-1.896576349851614163e-01,-1.896576349851614163e-01
-1.855026761645675037e-01,-1.855026761645675037e-01
-1.813478453360135023e-01,-1.813478453360135023e-01
-1.771931423372313241e-01,-1.771931423372313241e-01
-1.730385670061141412e-01,-1.730385670061141412e-01
-1.688841191809870024e-01,-1.688841191809870024e-01
-1.647297987004117115e-01,-1.647297987004117115e-01
-1.605756054030726410e-01,-1.605756054030726410e-01
-1.564215391280966427e-01,-1.564215391280966427e-01
-1.522675997147702742e-01,-1.522675997147702742e-01
-1.481137870027187109e-01,-1.481137870027187109e-01
-1.439601008318578956e-01,-1.439601008318578956e-01
-1.398065410422782429e-01,-1.398065410422782429e-01
-1.356531074744212750e-01,-1.356531074744212750e-01
-1.314997999688858332e-01,-1.314997999688858332e-01
-1.273466183667055773e-01,-1.273466183667055773e-01
-1.231935625091021280e-01,-1.231935625091021280e-01
-1.190406322374816805e-01,-1.190406322374816805e-01
-1.148878273936520533e-01,-1.148878273936520533e-01
-1.107351478195437999e-01,-1.107351478195437999e-01
-1.065825933574851003e-01,-1.065825933574851003e-01
-1.024301638500322298e-01,-1.024301638500322298e-01
-9.827785913997599820e-02,-9.827785913997599820e-02
-9.412567907039665061e-02,-9.412567907039665061e-02
-8.997362348449217118e-02,-8.997362348449217118e-02
-8.582169222596774949e-02,-8.582169222596774949e-02
-8.166988513871070721e-02,-8.166988513871070721e-02
-7.751820206676607317e-02,-7.751820206676607317e-02
-7.336664285452088041e-02,-7.336664285452088041e-02
-6.921520734653113793e-02,-6.921520734653113793e-02
-6.506389538777085368e-02,-6.506389538777085368e-02
-6.091270682340260700e-02,-6.091270682340260700e-02
-5.676164149880030818e-02,-5.676164149880030818e-02
-5.261069925962175153e-02,-5.261069925962175153e-02
-4.845987995173550722e-02,-4.845987995173550722e-02
-4.430918342141287880e-02,-4.430918342141287880e-02
-4.015860951504729437e-02,-4.015860951504729437e-02
-3.600815807932766788e-02,-3.600815807932766788e-02
-3.185782896122374419e-02,-3.185782896122374419e-02
-2.770762200782628248e-02,-2.770762200782628248e-02
-2.355753706669216907e-02,-2.355753706669216907e-02
-1.940757398550752022e-02,-1.940757398550752022e-02
-1.525773261222990174e-02,-1.525773261222990174e-02
-1.110801279506329342e-02,-1.110801279506329342e-02
-6.958414382384092711e-03,-6.958414382384092711e-03
-2.808937223030938402e-03,-2.808937223030938402e-03
1.340418834083256794e-03,1.340418834083256794e-03
5.489653939745597899e-03,5.489653939745597899e-03
9.638768244456086265e-03,9.638768244456086265e-03
1.378776189862956914e-02,1.378776189862956914e-02
1.793663505220188803e-02,1.793663505220188803e-02
2.208538785496089174e-02,2.208538785496089174e-02
2.623402045647199587e-02,2.623402045647199587e-02
3.038253300602894447e-02,3.038253300602894447e-02
3.453092565271753678e-02,3.453092565271753678e-02
3.867919854528362178e-02,3.867919854528362178e-02
4.282735183234209764e-02,4.282735183234209764e-02
4.697538566216746814e-02,4.697538566216746814e-02
5.112330018286015410e-02,5.112330018286015410e-02
5.527109554221687482e-02,5.527109554221687482e-02
5.941877188783561969e-02,5.941877188783561969e-02
6.356632936707873327e-02,6.356632936707873327e-02
6.771376812697194048e-02,6.771376812697194048e-02
7.186108831446375023e-02,7.186108831446375023e-02
7.600829007611753507e-02,7.600829007611753507e-02
8.015537355826801713e-02,8.015537355826801713e-02
8.430233890711225087e-02,8.430233890711225087e-02
8.844918626851355770e-02,8.844918626851355770e-02
9.259591578813258783e-02,9.259591578813258783e-02
9.674252761141705070e-02,9.674252761141705070e-02
1.008890218834410657e-01,1.008890218834410657e-01
1.050353987492272934e-01,1.050353987492272934e-01
1.091816583534669927e-01,1.091816583534669927e-01
1.133278008405678161e-01,1.133278008405678161e-01
1.174738263548313344e-01,1.174738263548313344e-01
1.216197350401879151e-01,1.216197350401879151e-01
1.257655270404351433e-01,1.257655270404351433e-01
1.299112024990420888e-01,1.299112024990420888e-01
1.340567615593004080e-01,1.340567615593004080e-01
1.382022043643151288e-01,1.382022043643151288e-01
1.423475310568432795e-01,1.423475310568432795e-01
1.464927417794900100e-01,1.464927417794900100e-01
1.506378366746186082e-01,1.506378366746186082e-01
1.547828158842919355e-01,1.547828158842919355e-01
1.589276795504504514e-01,1.589276795504504514e-01
1.630724278147530626e-01,1.630724278147530626e-01
1.672170608186028251e-01,1.672170608186028251e-01
1.713615787031657067e-01,1.713615787031657067e-01
1.755059816094117209e-01,1.755059816094117209e-01
1.796502696781296371e-01,1.796502696781296371e-01
1.837944430497653325e-01,1.837944430497653325e-01
1.879385018646170247e-01,1.879385018646170247e-01
1.920824462627253593e-01,1.920824462627253593e-01
1.962262763839182078e-01,1.962262763839182078e-01
2.003699923678016193e-01,2.003699923678016193e-01
2.045135943537045309e-01,2.045135943537045309e-01
2.086570824808097191e-01,2.086570824808097191e-01
2.128004568879624525e-01,2.128004568879624525e-01
2.169437177139206252e-01,2.169437177139206252e-01
2.210868650971620220e-01,2.210868650971620220e-01
2.252298991758263647e-01,2.252298991758263647e-01
2.293728200880135182e-01,2.293728200880135182e-01
2.335156279714876160e-01,2.335156279714876160e-01
2.376583229638247197e-01,2.376583229638247197e-01
2.418009052023851746e-01,2.418009052023851746e-01
2.459433748242553230e-01,2.459433748242553230e-01
2.500857319663594147e-01,2.500857319663594147e-01
2.542279767653717881e-01,2.542279767653717881e-01
2.583701093577596142e-01,2.583701093577596142e-01
2.625121298797769009e-01,2.625121298797769009e-01
2.666540384674057629e-01,2.666540384674057629e-01
2.707958352564886484e-01,2.707958352564886484e-01
2.749375203825394909e-01,2.749375203825394909e-01
2.790790939809683069e-01,2.790790939809683069e-01
2.832205561869743926e-01,2.832205561869743926e-01
2.873619071353853416e-01,2.873619071353853416e-01
2.915031469609538073e-01,2.915031469609538073e-01
2.956442757981648795e-01,2.956442757981648795e-01
2.997852937813015872e-01,2.997852937813015872e-01
3.039262010444383488e-01,3.039262010444383488e-01
3.080669977213820188e-01,3.080669977213820188e-01
3.122076839457837982e-01,3.122076839457837982e-01
3.163482598510518606e-01,3.163482598510518606e-01
3.204887255703929849e-01,3.204887255703929849e-01
3.246290812368082257e-01,3.246290812368082257e-01
3.287693269830329612e-01,3.287693269830329612e-01
3.329094629416490259e-01,3.329094629416490259e-01
3.370494892449978908e-01,3.370494892449978908e-01
3.411894060252209648e-01,3.411894060252209648e-01
3.453292134142363912e-01,3.453292134142363912e-01
3.494689115437589200e-01,3.494689115437589200e-01
3.536085005453121211e-01,3.536085005453121211e-01
3.577479805501406762e-01,3.577479805501406762e-01
3.618873516893513775e-01,3.618873516893513775e-01
3.660266140938306378e-01,3.660266140938306378e-01
3.701657678942027463e-01,3.701657678942027463e-01
3.743048132209426671e-01,3.743048132209426671e-01
3.784437502042897750e-01,3.784437502042897750e-01
3.825825789742869354e-01,3.825825789742869354e-01
3.867212996607582998e-01,3.867212996607582998e-01
3.908599123933284014e-01,3.908599123933284014e-01
3.949984173014351452e-01,3.949984173014351452e-01
3.991368145142417667e-01,3.991368145142417667e-01
4.032751041607773868e-01,4.032751041607773868e-01
4.074132863698364249e-01,4.074132863698364249e-01
4.115513612700103518e-01,4.115513612700103518e-01
4.156893289897299892e-01,4.156893289897299892e-01
4.198271896570789918e-01,4.198271896570789918e-01
4.239649434000977157e-01,4.239649434000977157e-01
4.281025903466001425e-01,4.281025903466001425e-01
4.322401306240991614e-01,4.322401306240991614e-01
4.363775643600281695e-01,4.363775643600281695e-01
4.405148916814555227e-01,4.405148916814555227e-01
4.446521127154082764e-01,4.446521127154082764e-01
4.487892275886889992e-01,4.487892275886889992e-01
4.529262364278020536e-01,4.529262364278020536e-01
4.570631393591724212e-01,4.570631393591724212e-01
4.611999365088642611e-01,4.611999365088642611e-01
4.653366280029012092e-01,4.653366280029012092e-01
4.694732139671025095e-01,4.694732139671025095e-01
4.736096945269375746e-01,4.736096945269375746e-01
4.777460698077949930e-01,4.777460698077949930e-01
4.818823399348738379e-01,4.818823399348738379e-01
4.860185050331502499e-01,4.860185050331502499e-01
4.901545652273765485e-01,4.901545652273765485e-01
4.942905206421072117e-01,4.942905206421072117e-01
4.984263714017248548e-01,4.984263714017248548e-01
5.025621176304425619e-01,5.025621176304425619e-01
5.066977594522531492e-01,5.066977594522531492e-01
5.108332969909271659e-01,5.108332969909271659e-01
5.149687303700200003e-01,5.149687303700200003e-01
5.191040597129944478e-01,5.191040597129944478e-01
5.232392851430492930e-01,5.232392851430492930e-01
5.273744067831638294e-01,5.273744067831638294e-01
5.315094247561760188e-01,5.315094247561760188e-01
5.356443391847095503e-01,5.356443391847095503e-01
5.397791501912004852e-01,5.397791501912004852e-01
5.439138578979011429e-01,5.439138578979011429e-01
5.480484624268459060e-01,5.480484624268459060e-01
5.521829638998513312e-01,5.521829638998513312e-01
5.563173624386196225e-01,5.563173624386196225e-01
5.604516581646663553e-01,5.604516581646663553e-01
5.645858511992291051e-01,5.645858511992291051e-01
5.687199416633871296e-01,5.687199416633871296e-01
5.728539296780622569e-01,5.728539296780622569e-01
5.769878153639657059e-01,5.769878153639657059e-01
5.811215988416258416e-01,5.811215988416258416e-01
5.852552802313905067e-01,5.852552802313905067e-01
5.893888596533732871e-01,5.893888596533732871e-01
5.935223372275525433e-01,5.935223372275525433e-01
5.976557130736972479e-01,5.976557130736972479e-01
6.017889873113957400e-01,6.017889873113957400e-01
6.059221600600591673e-01,6.059221600600591673e-01
6.100552314388600905e-01,6.100552314388600905e-01
6.141882015668426176e-01,6.141882015668426176e-01
6.183210705628310322e-01,6.183210705628310322e-01
6.224538385455324896e-01,6.224538385455324896e-01
6.265865056333737027e-01,6.265865056333737027e-01
6.307190719446189586e-01,6.307190719446189586e-01
6.348515375973867725e-01,6.348515375973867725e-01
6.389839027095963742e-01,6.389839027095963742e-01
6.431161673989758132e-01,6.431161673989758132e-01
6.472483317830697302e-01,6.472483317830697302e-01
6.513803959792621168e-01,6.513803959792621168e-01
6.555123601046972670e-01,6.555123601046972670e-01
6.596442242763795871e-01,6.596442242763795871e-01
6.637759886111807006e-01,6.637759886111807006e-01
6.679076532256966736e-01,6.679076532256966736e-01
6.720392182363633671e-01,6.720392182363633671e-01
6.761706837594745334e-01,6.761706837594745334e-01
6.803020499111278596e-01,6.803020499111278596e-01
6.844333168072342932e-01,6.844333168072342932e-01
6.885644845635250366e-01,6.885644845635250366e-01
6.926955532955727524e-01,6.926955532955727524e-01
6.968265231187158459e-01,6.968265231187158459e-01
7.009573941481543891e-01,7.009573941481543891e-01
7.050881664989601116e-01,7.050881664989601116e-01
7.092188402859325169e-01,7.092188402859325169e-01
7.133494156237153438e-01,7.133494156237153438e-01
7.174798926268119992e-01,7.174798926268119992e-01
7.216102714095341542e-01,7.216102714095341542e-01
7.257405520859918635e-01,7.257405520859918635e-01
7.298707347701739456e-01,7.298707347701739456e-01
7.340008195758778164e-01,7.340008195758778164e-01
7.381308066166321069e-01,7.381308066166321069e-01
7.422606960059048298e-01,7.422606960059048298e-01
7.463904878569462831e-01,7.463904878569462831e-01
7.505201822828320157e-01,7.505201822828320157e-01
7.546497793964838108e-01,7.546497793964838108e-01
7.587792793105940792e-01,7.587792793105940792e-01
7.629086821377404348e-01,7.629086821377404348e-01
7.670379879902851084e-01,7.670379879902851084e-01
7.711671969804900773e-01,7.711671969804900773e-01
7.752963092203550843e-01,7.752963092203550843e-01
7.794253248217080099e-01,7.794253248217080099e-01
7.835542438963176703e-01,7.835542438963176703e-01
7.876830665556480149e-01,7.876830665556480149e-01
7.918117929110638498e-01,7.918117929110638498e-01
7.959404230737623376e-01,7.959404230737623376e-01
8.000689571547137113e-01,8.000689571547137113e-01
8.041973952647770707e-01,8.041973952647770707e-01
8.083257375145991297e-01,8.083257375145991297e-01
8.124539840147118053e-01,8.124539840147118053e-01
8.165821348754613851e-01,8.165821348754613851e-01
8.207101902069333654e-01,8.207101902069333654e-01
8.248381501191390797e-01,8.248381501191390797e-01
8.289660147219536368e-01,8.289660147219536368e-01
8.330937841249737019e-01,8.330937841249737019e-01
8.372214584377029034e-01,8.372214584377029034e-01
8.413490377694781142e-01,8.413490377694781142e-01
8.454765222294167160e-01,8.454765222294167160e-01
8.496039119265199613e-01,8.496039119265199613e-01
8.537312069696033623e-01,8.537312069696033623e-01
8.578584074673185622e-01,8.578584074673185622e-01
8.619855135281511149e-01,8.619855135281511149e-01
8.661125252604242597e-01,8.661125252604242597e-01
8.702394427722908166e-01,8.702394427722908166e-01
8.743662661717759299e-01,8.743662661717759299e-01
8.784929955666318513e-01,8.784929955666318513e-01
8.826196310645380017e-01,8.826196310645380017e-01
8.867461727730477916e-01,8.867461727730477916e-01
8.908726207994215329e-01,8.908726207994215329e-01
8.949989752508812346e-01,8.949989752508812346e-01
8.991252362344519522e-01,8.991252362344519522e-01
9.032514038569052772e-01,9.032514038569052772e-01
9.073774782249435233e-01,9.073774782249435233e-01
9.115034594451214556e-01,9.115034594451214556e-01
9.156293476237947759e-01,9.156293476237947759e-01
9.197551428671416618e-01,9.197551428671416618e-01
9.238808452811788641e-01,9.238808452811788641e-01
9.280064549717830236e-01,9.280064549717830236e-01
9.321319720447023283e-01,9.321319720447023283e-01
9.362573966054883456e-01,9.362573966054883456e-01
9.403827287594981321e-01,9.403827287594981321e-01
9.445079686119830509e-01,9.445079686119830509e-01
9.486331162680192719e-01,9.486331162680192719e-01
9.527581718325388582e-01,9.527581718325388582e-01
9.568831354102604880e-01,9.568831354102604880e-01
9.610080071057998108e-01,9.610080071057998108e-01
9.651327870236137141e-01,9.651327870236137141e-01
9.692574752679321559e-01,9.692574752679321559e-01
9.733820719429322477e-01,9.733820719429322477e-01
9.775065771525790481e-01,9.775065771525790481e-01
9.816309910006462136e-01,9.816309910006462136e-01
9.857553135908045938e-01,9.857553135908045938e-01
9.898795450265518436e-01,9.898795450265518436e-01
9.940036854112287434e-01,9.940036854112287434e-01
9.981277348480355194e-01,9.981277348480355194e-01
1.002251693439983882e+00,1.002251693439983882e+00
1.006375561289928999e+00,1.006375561289928999e+00
1.010499338500591593e+00,1.010499338500591593e+00
1.014623025174553383e+00,1.014623025174553383e+00
1.018746621414257980e+00,1.018746621414257980e+00
1.022870127321943601e+00,1.022870127321943601e+00
1.026993542999658393e+00,1.026993542999658393e+00
1.031116868549352139e+00,1.031116868549352139e+00
1.035240104072908673e+00,1.035240104072908673e+00
1.039363249671933609e+00,1.039363249671933609e+00
1.043486305447845375e+00,1.043486305447845375e+00
1.047609271502051964e+00,1.047609271502051964e+00
1.051732147935739103e+00,1.051732147935739103e+00
1.055854934849888238e+00,1.055854934849888238e+00
1.059977632345432630e+00,1.059977632345432630e+00
1.064100240523102814e+00,1.064100240523102814e+00
1.068222759483442585e+00,1.068222759483442585e+00
1.072345189326900039e+00,1.072345189326900039e+00
1.076467530153754071e+00,1.076467530153754071e+00
1.080589782064131921e+00,1.080589782064131921e+00
1.084711945158030266e+00,1.084711945158030266e+00
1.088834019535259934e+00,1.088834019535259934e+00
1.092956005295466992e+00,1.092956005295466992e+00
1.097077902538218241e+00,1.097077902538218241e+00
1.101199711362929268e+00,1.101199711362929268e+00
1.105321431868799387e+00,1.105321431868799387e+00
1.109443064154913339e+00,1.109443064154913339e+00
1.113564608320175786e+00,1.113564608320175786e+00
1.117686064463411677e+00,1.117686064463411677e+00
1.121807432683315620e+00,1.121807432683315620e+00
1.125928713078296228e+00,1.125928713078296228e+00
1.130049905746736805e+00,1.130049905746736805e+00
1.134171010786841016e+00,1.134171010786841016e+00
1.138292028296665759e+00,1.138292028296665759e+00
1.142412958374120491e+00,1.142412958374120491e+00
1.146533801116987439e+00,1.146533801116987439e+00
1.150654556622867641e+00,1.150654556622867641e+00
1.154775224989184723e+00,1.154775224989184723e+00
1.158895806313354537e+00,1.158895806313354537e+00
1.163016300692561344e+00,1.163016300692561344e+00
1.167136708223776465e+00,1.167136708223776465e+00
1.171257029003929473e+00,1.171257029003929473e+00
1.175377263129774086e+00,1.175377263129774086e+00
1.179497410697919690e+00,1.179497410697919690e+00
1.183617471804831567e+00,1.183617471804831567e+00
1.187737446546832221e+00,1.187737446546832221e+00
1.191857335020117814e+00,1.191857335020117814e+00
1.195977137320691996e+00,1.195977137320691996e+00
1.200096853544468267e+00,1.200096853544468267e+00
1.204216483787216241e+00,1.204216483787216241e+00
1.208336028144513463e+00,1.208336028144513463e+00
1.212455486711845554e+00,1.212455486711845554e+00
1.216574859584542923e+00,1.216574859584542923e+00
1.220694146857777440e+00,1.220694146857777440e+00
1.224813348626646814e+00,1.224813348626646814e+00
1.228932464986023598e+00,1.228932464986023598e+00
1.233051496030657557e+00,1.233051496030657557e+00
1.237170441855175218e+00,1.237170441855175218e+00
1.241289302554099860e+00,1.241289302554099860e+00
1.245408078221795556e+00,1.245408078221795556e+00
1.249526768952403666e+00,1.249526768952403666e+00
1.253645374840026694e+00,1.253645374840026694e+00
1.257763895978596835e+00,1.257763895978596835e+00
1.261882332461891298e+00,1.261882332461891298e+00
1.266000684383615571e+00,1.266000684383615571e+00
1.270118951837253318e+00,1.270118951837253318e+00
1.274237134916165637e+00,1.274237134916165637e+00
1.278355233713595496e+00,1.278355233713595496e+00
1.282473248322683501e+00,1.282473248322683501e+00
1.286591178836413718e+00,1.286591178836413718e+00
1.290709025347551941e+00,1.290709025347551941e+00
1.294826787948824443e+00,1.294826787948824443e+00
1.298944466732792291e+00,1.298944466732792291e+00
1.303062061791863346e+00,1.303062061791863346e+00
1.307179573218375523e+00,1.307179573218375523e+00
1.311297001104448245e+00,1.311297001104448245e+00
1.315414345542064600e+00,1.315414345542064600e+00
1.319531606623140396e+00,1.319531606623140396e+00
1.323648784439459325e+00,1.323648784439459325e+00
1.327765879082618561e+00,1.327765879082618561e+00
1.331882890644047190e+00,1.331882890644047190e+00
1.335999819215123896e+00,1.335999819215123896e+00
1.340116664887060383e+00,1.340116664887060383e+00
1.344233427750920917e+00,1.344233427750920917e+00
1.348350107897701822e+00,1.348350107897701822e+00
1.352466705418181814e+00,1.352466705418181814e+00
1.356583220403007051e+00,1.356583220403007051e+00
1.360699652942775284e+00,1.360699652942775284e+00
1.364816003127887534e+00,1.364816003127887534e+00
1.368932271048644456e+00,1.368932271048644456e+00
1.373048456795181060e+00,1.373048456795181060e+00
1.377164560457499798e+00,1.377164560457499798e+00
1.381280582125510081e+00,1.381280582125510081e+00
1.385396521888950794e+00,1.385396521888950794e+00
1.389512379837501976e+00,1.389512379837501976e+00
1.393628156060628509e+00,1.393628156060628509e+00
1.397743850647661823e+00,1.397743850647661823e+00
1.401859463687874952e+00,1.401859463687874952e+00
1.405974995270406369e+00,1.405974995270406369e+00
1.410090445484218691e+00,1.410090445484218691e+00
1.414205814418112217e+00,1.414205814418112217e+00
1.418321102160820413e+00,1.418321102160820413e+00
1.422436308800985483e+00,1.422436308800985483e+00
1.426551434427001830e+00,1.426551434427001830e+00
1.430666479127254753e+00,1.430666479127254753e+00
1.434781442989966127e+00,1.434781442989966127e+00
1.438896326103146217e+00,1.438896326103146217e+00
1.443011128554763545e+00,1.443011128554763545e+00
1.447125850432672278e+00,1.447125850432672278e+00
1.451240491824568046e+00,1.451240491824568046e+00
1.455355052817988604e+00,1.455355052817988604e+00
1.459469533500388660e+00,1.459469533500388660e+00
1.463583933959085925e+00,1.463583933959085925e+00
1.467698254281267989e+00,1.467698254281267989e+00
1.471812494554014306e+00,1.471812494554014306e+00
1.475926654864247789e+00,1.475926654864247789e+00
1.480040735298743915e+00,1.480040735298743915e+00
1.484154735944223535e+00,1.484154735944223535e+00
1.488268656887278496e+00,1.488268656887278496e+00
1.492382498214312569e+00,1.492382498214312569e+00
1.496496260011639823e+00,1.496496260011639823e+00
1.500609942365426441e+00,1.500609942365426441e+00
1.504723545361738246e+00,1.504723545361738246e+00
1.508837069086543803e+00,1.508837069086543803e+00
1.512950513625642923e+00,1.512950513625642923e+00
1.517063879064743936e+00,1.517063879064743936e+00
1.521177165489395522e+00,1.521177165489395522e+00
1.525290372985012244e+00,1.525290372985012244e+00
1.529403501636946494e+00,1.529403501636946494e+00
1.533516551530445859e+00,1.533516551530445859e+00
1.537629522750525002e+00,1.537629522750525002e+00
1.541742415382117759e+00,1.541742415382117759e+00
1.545855229510107343e+00,1.545855229510107343e+00
1.549967965219186450e+00,1.549967965219186450e+00
1.554080622593944527e+00,1.554080622593944527e+00
1.558193201718867105e+00,1.558193201718867105e+00
1.562305702678279840e+00,1.562305702678279840e+00
1.566418125556378937e+00,1.566418125556378937e+00
1.570530470437299542e+00,1.570530470437299542e+00
1.574642737405073767e+00,1.574642737405073767e+00
1.578754926543504133e+00,1.578754926543504133e+00
1.582867037936313004e+00,1.582867037936313004e+00
1.586979071667175667e+00,1.586979071667175667e+00
1.591091027819578674e+00,1.591091027819578674e+00
1.595202906476906213e+00,1.595202906476906213e+00
1.599314707722442330e+00,1.599314707722442330e+00
1.603426431639297434e+00,1.603426431639297434e+00
1.607538078310501550e+00,1.607538078310501550e+00
1.611649647819009878e+00,1.611649647819009878e+00
1.615761140247580663e+00,1.615761140247580663e+00
1.619872555678874226e+00,1.619872555678874226e+00
1.623983894195455635e+00,1.623983894195455635e+00
1.628095155879764278e+00,1.628095155879764278e+00
1.632206340814117862e+00,1.632206340814117862e+00
1.636317449080718189e+00,1.636317449080718189e+00
1.640428480761666918e+00,1.640428480761666918e+00
1.644539435938916938e+00,1.644539435938916938e+00
1.648650314694268371e+00,1.648650314694268371e+00
1.652761117109532885e+00,1.652761117109532885e+00
1.656871843266332744e+00,1.656871843266332744e+00
1.660982493246106806e+00,1.660982493246106806e+00
1.665093067130288818e+00,1.665093067130288818e+00
1.669203565000099143e+00,1.669203565000099143e+00
1.673313986936722841e+00,1.673313986936722841e+00
1.677424333021233949e+00,1.677424333021233949e+00
1.681534603334527089e+00,1.681534603334527089e+00
1.685644797957395413e+00,1.685644797957395413e+00
1.689754916970532150e+00,1.689754916970532150e+00
1.693864960454562141e+00,1.693864960454562141e+00
1.697974928489925039e+00,1.697974928489925039e+00
1.702084821156957695e+00,1.702084821156957695e+00
1.706194638535914354e+00,1.706194638535914354e+00
1.710304380706916927e+00,1.710304380706916927e+00
1.714414047749959868e+00,1.714414047749959868e+00
1.718523639744974796e+00,1.718523639744974796e+00
1.722633156771764762e+00,1.722633156771764762e+00
1.726742598909937865e+00,1.726742598909937865e+00
1.730851966239068229e+00,1.730851966239068229e+00
1.734961258838646492e+00,1.734961258838646492e+00
1.739070476787980324e+00,1.739070476787980324e+00
1.743179620166277921e+00,1.743179620166277921e+00
1.747288689052665323e+00,1.747288689052665323e+00
1.751397683526139781e+00,1.751397683526139781e+00
1.755506603665586196e+00,1.755506603665586196e+00
1.759615449549770005e+00,1.759615449549770005e+00
1.763724221257403357e+00,1.763724221257403357e+00
1.767832918867010106e+00,1.767832918867010106e+00
1.771941542457001084e+00,1.771941542457001084e+00
1.776050092105767586e+00,1.776050092105767586e+00
1.780158567891507282e+00,1.780158567891507282e+00
1.784266969892302823e+00,1.784266969892302823e+00
1.788375298186218432e+00,1.788375298186218432e+00
1.792483552851114492e+00,1.792483552851114492e+00
1.796591733964725268e+00,1.796591733964725268e+00
1.800699841604807450e+00,1.800699841604807450e+00
1.804807875848926546e+00,1.804807875848926546e+00
1.808915836774477537e+00,1.808915836774477537e+00
1.813023724458821651e+00,1.813023724458821651e+00
1.817131538979224192e+00,1.817131538979224192e+00
1.821239280412821460e+00,1.821239280412821460e+00
1.825346948836620964e+00,1.825346948836620964e+00
1.829454544327522747e+00,1.829454544327522747e+00
1.833562066962344694e+00,1.833562066962344694e+00
1.837669516817769022e+00,1.837669516817769022e+00
1.841776893970421769e+00,1.841776893970421769e+00
1.845884198496803741e+00,1.845884198496803741e+00
1.849991430473231002e+00,1.849991430473231002e+00
1.854098589975972100e+00,1.854098589975972100e+00
1.858205677081262497e+00,1.858205677081262497e+00
1.862312691865134706e+00,1.862312691865134706e+00
1.866419634403494676e+00,1.866419634403494676e+00
1.870526504772217713e+00,1.870526504772217713e+00
1.874633303047040123e+00,1.874633303047040123e+00
1.878740029303576753e+00,1.878740029303576753e+00
1.882846683617389605e+00,1.882846683617389605e+00
1.886953266063918111e+00,1.886953266063918111e+00
1.891059776718417629e+00,1.891059776718417629e+00
1.895166215656097997e+00,1.895166215656097997e+00
1.899272582952137967e+00,1.899272582952137967e+00
1.903378878681515340e+00,1.903378878681515340e+00
1.907485102919068476e+00,1.907485102919068476e+00
1.911591255739651052e+00,1.911591255739651052e+00
1.915697337217950214e+00,1.915697337217950214e+00
1.919803347428503226e+00,1.919803347428503226e+00
1.923909286445840916e+00,1.923909286445840916e+00
1.928015154344359328e+00,1.928015154344359328e+00
1.932120951198272429e+00,1.932120951198272429e+00
1.936226677081763770e+00,1.936226677081763770e+00
1.940332332068928967e+00,1.940332332068928967e+00
1.944437916233738850e+00,1.944437916233738850e+00
1.948543429650042569e+00,1.948543429650042569e+00
1.952648872391571144e+00,1.952648872391571144e+00
1.956754244532024067e+00,1.956754244532024067e+00
1.960859546144939625e+00,1.960859546144939625e+00
1.964964777303777055e+00,1.964964777303777055e+00
1.969069938081920323e+00,1.969069938081920323e+00
1.973175028552559773e+00,1.973175028552559773e+00
1.977280048788841560e+00,1.977280048788841560e+00
1.981384998863869873e+00,1.981384998863869873e+00
1.985489878850597689e+00,1.985489878850597689e+00
1.989594688821826995e+00,1.989594688821826995e+00
1.993699428850303157e+00,1.993699428850303157e+00
1.997804099008682943e+00,1.997804099008682943e+00
2.001908699369491895e+00,2.001908699369491895e+00
2.006013230005208925e+00,2.006013230005208925e+00
2.010117690988180605e+00,2.010117690988180605e+00
2.014222082390619839e+00,2.014222082390619839e+00
2.018326404284669362e+00,2.018326404284669362e+00
2.022430656742413735e+00,2.022430656742413735e+00
2.026534839835790525e+00,2.026534839835790525e+00
2.030638953636586752e+00,2.030638953636586752e+00
2.034742998216610310e+00,2.034742998216610310e+00
2.038846973647490124e+00,2.038846973647490124e+00
2.042950880000774294e+00,2.042950880000774294e+00
2.047054717347932762e+00,2.047054717347932762e+00
2.051158485760290695e+00,2.051158485760290695e+00
2.055262185309119083e+00,2.055262185309119083e+00
2.059365816065570343e+00,2.059365816065570343e+00
2.063469378100698748e+00,2.063469378100698748e+00
2.067572871485472419e+00,2.067572871485472419e+00
2.071676296290771102e+00,2.071676296290771102e+00
2.075779652587346646e+00,2.075779652587346646e+00
2.079882940445835882e+00,2.079882940445835882e+00
2.083986159936835669e+00,2.083986159936835669e+00
2.088089311130857162e+00,2.088089311130857162e+00
2.092192394098265851e+00,2.092192394098265851e+00
2.096295408909285563e+00,2.096295408909285563e+00
2.100398355634142789e+00,2.100398355634142789e+00
2.104501234342952554e+00,2.104501234342952554e+00
2.108604045105684222e+00,2.108604045105684222e+00
2.112706787992238766e+00,2.112706787992238766e+00
2.116809463072388819e+00,2.116809463072388819e+00
2.120912070415881701e+00,2.120912070415881701e+00
2.125014610092294642e+00,2.125014610092294642e+00
2.129117082171193331e+00,2.129117082171193331e+00
2.133219486722001790e+00,2.133219486722001790e+00
2.137321823813928656e+00,2.137321823813928656e+00
2.141424093516319349e+00,2.141424093516319349e+00
2.145526295898335434e+00,2.145526295898335434e+00
2.149628431028909326e+00,2.149628431028909326e+00
2.153730498977077357e+00,2.153730498977077357e+00
2.157832499811665805e+00,2.157832499811665805e+00
2.161934433601403249e+00,2.161934433601403249e+00
2.166036300414979632e+00,2.166036300414979632e+00
2.170138100321004071e+00,2.170138100321004071e+00
2.174239833387928478e+00,2.174239833387928478e+00
2.178341499684111060e+00,2.178341499684111060e+00
2.182443099277898924e+00,2.182443099277898924e+00
2.186544632237430008e+00,2.186544632237430008e+00
2.190646098630876892e+00,2.190646098630876892e+00
2.194747498526226082e+00,2.194747498526226082e+00
2.198848831991401021e+00,2.198848831991401021e+00
2.202950099094199476e+00,2.202950099094199476e+00
2.207051299902383690e+00,2.207051299902383690e+00
2.211152434483633300e+00,2.211152434483633300e+00
2.215253502905477401e+00,2.215253502905477401e+00
2.219354505235378028e+00,2.219354505235378028e+00
2.223455441540644451e+00,2.223455441540644451e+00
2.227556311888666762e+00,2.227556311888666762e+00
2.231657116346610792e+00,2.231657116346610792e+00
2.235757854981489601e+00,2.235757854981489601e+00
2.239858527860367321e+00,2.239858527860367321e+00
2.243959135050183296e+00,2.243959135050183296e+00
2.248059676617730318e+00,2.248059676617730318e+00
2.252160152629719914e+00,2.252160152629719914e+00
2.256260563152856058e+00,2.256260563152856058e+00
2.260360908253635337e+00,2.260360908253635337e+00
2.264461187998545899e+00,2.264461187998545899e+00
2.268561402453985743e+00,2.268561402453985743e+00
2.272661551686217862e+00,2.272661551686217862e+00
2.276761635761439528e+00,2.276761635761439528e+00
2.280861654745755196e+00,2.280861654745755196e+00
2.284961608705149416e+00,2.284961608705149416e+00
2.289061497705572990e+00,2.289061497705572990e+00
2.293161321812898557e+00,2.293161321812898557e+00
2.297261081092849544e+00,2.297261081092849544e+00
2.301360775611086318e+00,2.301360775611086318e+00
2.305460405433121807e+00,2.305460405433121807e+00
2.309559970624546654e+00,2.309559970624546654e+00
2.313659471250708144e+00,2.313659471250708144e+00
2.317758907376886057e+00,2.317758907376886057e+00
2.321858279068385933e+00,2.321858279068385933e+00
2.325957586390223319e+00,2.325957586390223319e+00
2.330056829407492813e+00,2.330056829407492813e+00
2.334156008185186870e+00,2.334156008185186870e+00
2.338255122788149176e+00,2.338255122788149176e+00
2.342354173281133711e+00,2.342354173281133711e+00
2.346453159728860705e+00,2.346453159728860705e+00
2.350552082195960679e+00,2.350552082195960679e+00
2.354650940746934040e+00,2.354650940746934040e+00
2.358749735446219908e+00,2.358749735446219908e+00
2.362848466358165034e+00,2.362848466358165034e+00
2.366947133547000703e+00,2.366947133547000703e+00
2.371045737076926230e+00,2.371045737076926230e+00
2.375144277012066318e+00,2.375144277012066318e+00
2.379242753416400014e+00,2.379242753416400014e+00
2.383341166353817986e+00,2.383341166353817986e+00
2.387439515888177155e+00,2.387439515888177155e+00
2.391537802083247399e+00,2.391537802083247399e+00
2.395636025002671143e+00,2.395636025002671143e+00
2.399734184710026863e+00,2.399734184710026863e+00
2.403832281268779347e+00,2.403832281268779347e+00
2.407930314742356970e+00,2.407930314742356970e+00
2.412028285194114829e+00,2.412028285194114829e+00
2.416126192687289453e+00,2.416126192687289453e+00
2.420224037284948615e+00,2.420224037284948615e+00
2.424321819050227145e+00,2.424321819050227145e+00
2.428419538046098669e+00,2.428419538046098669e+00
2.432517194335497290e+00,2.432517194335497290e+00
2.436614787981238983e+00,2.436614787981238983e+00
2.440712319045971856e+00,2.440712319045971856e+00
2.444809787592410188e+00,2.444809787592410188e+00
2.448907193683110162e+00,2.448907193683110162e+00
2.453004537380587546e+00,2.453004537380587546e+00
2.457101818747212008e+00,2.457101818747212008e+00
2.461199037845271498e+00,2.461199037845271498e+00
2.465296194737065072e+00,2.465296194737065072e+00
2.469393289484703935e+00,2.469393289484703935e+00
2.473490322150235787e+00,2.473490322150235787e+00
2.477587292795698559e+00,2.477587292795698559e+00
2.481684201482968088e+00,2.481684201482968088e+00
2.485781048273846494e+00,2.485781048273846494e+00
2.489877833230089266e+00,2.489877833230089266e+00
2.493974556413387056e+00,2.493974556413387056e+00
2.498071217885286632e+00,2.498071217885286632e+00
2.502167817707279696e+00,2.502167817707279696e+00
2.506264355940760247e+00,2.506264355940760247e+00
2.510360832647076545e+00,2.510360832647076545e+00
2.514457247887508906e+00,2.514457247887508906e+00
2.518553601723198199e+00,2.518553601723198199e+00
2.522557605727202557e+00,2.522557605727202557e+00
