-1.611992089662968253e+00,-1.778265342063178878e-02
-1.608265780196326267e+00,-1.377809542809149690e-02
-1.604643590829908151e+00,-9.564743332152403354e-03
-1.599540299381978725e+00,-5.352356053810125580e-03
-1.595680506155664036e+00,-1.139847696414952871e-03
-1.591105516382991913e+00,3.072470637648705427e-03
-1.586679924133983510e+00,7.283711970961559423e-03
-1.583024821999417187e+00,1.149604831546213735e-02
-1.578594415539402052e+00,1.570716756061896202e-02
-1.574742911288302460e+00,1.992169220587702849e-02
-1.570342193975991618e+00,2.412902713750586514e-02
-1.566312276723588193e+00,2.834130697923731290e-02
-1.562363481521855002e+00,3.255178886080611900e-02
-1.557803359604293059e+00,3.676450908800754647e-02
-1.551784828181000941e+00,4.097217032547528781e-02
-1.549367259298293442e+00,4.518566107375709962e-02
-1.543958489905575382e+00,4.939099891787102070e-02
-1.540639221494368494e+00,5.360339633834099171e-02
-1.536645100803551545e+00,5.782085917550494614e-02
-1.532486016330040224e+00,6.202260903430789618e-02
-1.528646807618649683e+00,6.623551705630581488e-02
-1.523695537942373113e+00,7.044471786474737485e-02
-1.519763473430123968e+00,7.464822304975393674e-02
-1.515468574561870563e+00,7.886030786277853366e-02
-1.511478560321893427e+00,8.306884165899219852e-02
-1.507153426556350651e+00,8.722919504406634328e-02
-1.503034451942930838e+00,9.147951679819632531e-02
-1.498959036552599100e+00,9.567921800897805085e-02
-1.494742039346831364e+00,9.989459375608311653e-02
-1.490582640238071965e+00,1.041072874839099605e-01
-1.486324065997910226e+00,1.082540021231250815e-01
-1.482073558824931192e+00,1.125255875862717359e-01
-1.478188920800066475e+00,1.167127212688215954e-01
-1.473826560112019513e+00,1.209306304949245847e-01
-1.470177237301801609e+00,1.251360574040962792e-01
-1.465435051093794572e+00,1.293505589621972707e-01
-1.461165713838376901e+00,1.335468091083232833e-01
-1.457305523875096265e+00,1.377602812762261930e-01
-1.452500406282727807e+00,1.419677689672823595e-01
-1.448677493592563925e+00,1.461664024910470649e-01
-1.444572116081919821e+00,1.503711048525422367e-01
-1.440107037372915011e+00,1.545700889180450233e-01
-1.435960068130354594e+00,1.588289539346533497e-01
-1.431452692402973570e+00,1.629853260168138140e-01
-1.427459985745621163e+00,1.671885406502905402e-01
-1.423382798474869260e+00,1.713939782329995110e-01
-1.419093876891455830e+00,1.756043375478073543e-01
-1.415319598908387766e+00,1.798122305924463316e-01
-1.410228432328709092e+00,1.840077284864836127e-01
-1.406448994076587189e+00,1.882123328159556186e-01
-1.402373989170297319e+00,1.924187527824064992e-01
-1.398154326966884797e+00,1.966022114361358764e-01
-1.394054835739851006e+00,2.008230145807813338e-01
-1.389632234090800944e+00,2.050206164398182818e-01
-1.385675481678301013e+00,2.091980188398915308e-01
-1.381442983881856934e+00,2.133359151602369774e-01
-1.377126837264697867e+00,2.176274774657684929e-01
-1.372798772595965611e+00,2.218096310964361439e-01
-1.368804178576946251e+00,2.260203790930008783e-01
-1.364465793834402030e+00,2.302192839625777365e-01
-1.360382598931043185e+00,2.344226478184688878e-01
-1.356232132561187909e+00,2.385799866979101402e-01
-1.352092428284780157e+00,2.428136515367309567e-01
-1.347684178814102518e+00,2.470298294799450067e-01
-1.343945952910768904e+00,2.512133152718876161e-01
-1.339376811672274625e+00,2.554205475213571219e-01
-1.334927157926917074e+00,2.596049832437252736e-01
-1.330960960667817217e+00,2.639596527870585740e-01
-1.326987364066686714e+00,2.680344491602840717e-01
-1.322616635244638461e+00,2.722364416529741149e-01
-1.318379805753698841e+00,2.764400317437479826e-01
-1.314335610641112817e+00,2.806771042802562732e-01
-1.310008247482908894e+00,2.848455663002747995e-01
-1.306770707560941824e+00,2.890386333195206214e-01
-1.301570546180042642e+00,2.932863477370029059e-01
-1.297535761173021607e+00,2.974296114868119068e-01
-1.293235928328915874e+00,3.016335082849475047e-01
-1.289042996630096249e+00,3.058172393078505968e-01
-1.284829414640917600e+00,3.100294338320564447e-01
-1.280703309380733623e+00,3.142168134046241512e-01
-1.276760070427224614e+00,3.184157722248315281e-01
-1.272276641500879935e+00,3.226161692856400198e-01
-1.267967310967273997e+00,3.268095344194948959e-01
-1.263891475566211176e+00,3.309869048404042724e-01
-1.259908352908455376e+00,3.352287720399856896e-01
-1.255510635191339874e+00,3.393858635608875685e-01
-1.251364966053261307e+00,3.435940371497944179e-01
-1.246951389010769740e+00,3.478412336789306614e-01
-1.242866746213895590e+00,3.519840733682451095e-01
-1.238821430900541420e+00,3.561619952519784471e-01
-1.234369059209815100e+00,3.603483695028041334e-01
-1.229974018382076872e+00,3.645741173478567188e-01
-1.226133145359759924e+00,3.687746541103899545e-01
-1.221994620515672869e+00,3.729758202698481018e-01
-1.217728874866205180e+00,3.771259434138711786e-01
-1.208338840327066732e+00,3.813609349217813582e-01
-1.209475271710565680e+00,3.855515056354091863e-01
-1.205098240452763259e+00,3.897089500583861832e-01
-1.200789655573604842e+00,3.939448226967342537e-01
-1.196854392015125557e+00,3.981281486819785442e-01
-1.192682558377934132e+00,4.023368971301085617e-01
-1.188464063779712365e+00,4.065241062796211557e-01
-1.184328231947320065e+00,4.100357908083930858e-01
-1.179963728734283679e+00,4.148551459919826434e-01
-1.175933544696260658e+00,4.191077753398924632e-01
-1.171766189511269207e+00,4.233020749479460831e-01
-1.167452730035689612e+00,4.275157065986816551e-01
-1.163284846788613436e+00,4.316830050599040902e-01
-1.159086745146451936e+00,4.358833824192038242e-01
-1.154399259174403003e+00,4.400680826982819593e-01
-1.150140890751083722e+00,4.442471981543815729e-01
-1.145877761294166630e+00,4.484477731610110318e-01
-1.142151476978592983e+00,4.526545962480019170e-01
-1.138374278137135986e+00,4.568192110574118558e-01
-1.133943094109057581e+00,4.610222749243536033e-01
-1.129838337533337622e+00,4.653420200737745649e-01
-1.125586475008947707e+00,4.693951828309609886e-01
-1.121469622814358136e+00,4.735927607939174333e-01
-1.117336247548227801e+00,4.777995785926378303e-01
-1.113069937685291722e+00,4.819455644019013940e-01
-1.108885058917884692e+00,4.861557234020147944e-01
-1.104728183019248133e+00,4.902946710131167452e-01
-1.100478878533070359e+00,4.945408647282679704e-01
-1.096653736890019548e+00,4.987333889180465274e-01
-1.092048424477098933e+00,5.029054617581900644e-01
-1.087985580258507667e+00,5.070531874514423443e-01
-1.083642736422538722e+00,5.112738748174077141e-01
-1.079616009459340331e+00,5.154728260529521933e-01
-1.075454962359677413e+00,5.196891447667433273e-01
-1.071278755670260763e+00,5.238692269259423995e-01
-1.067118415894052319e+00,5.280826200614425758e-01
-1.062876733638701499e+00,5.322588235756224861e-01
-1.058683554626756562e+00,5.364552423652790836e-01
-1.054514731750611389e+00,5.405998153164098818e-01
-1.050486982343977749e+00,5.448061111021609282e-01
-1.046296971413897881e+00,5.490150577167286494e-01
-1.041503650069023124e+00,5.531169621147248305e-01
-1.038083832933583084e+00,5.573834425021110262e-01
-1.033549318344815449e+00,5.615624882672596296e-01
-1.029325979547477843e+00,5.657181475986974295e-01
-1.025338386725555884e+00,5.699859917556164834e-01
-1.017578012855174352e+00,5.741054666891208802e-01
-1.016828443472071797e+00,5.783093661060655366e-01
-1.012692700551982794e+00,5.824968545265338804e-01
-1.008474939314202956e+00,5.867162276332253956e-01
-1.004433989699514029e+00,5.909043418425978800e-01
-1.000198381711464135e+00,5.950545580924451183e-01
-9.957912429646129659e-01,5.992414996462626098e-01
-9.918819480523239918e-01,6.034354844155789266e-01
-9.870566319535230004e-01,6.076521369130283290e-01
-9.834735936138940815e-01,6.117984184192222230e-01
-9.792120665499659538e-01,6.160107648497533672e-01
-9.749006761463534509e-01,6.201559218822956243e-01
-9.708115391745104628e-01,6.243451886206918822e-01
-9.667489339593153819e-01,6.285154423800162204e-01
-9.624810290585787964e-01,6.327172988811725629e-01
-9.582913153144418938e-01,6.369117329889436574e-01
-9.542576414349317471e-01,6.406478642164884496e-01
-9.499114295681452269e-01,6.452901447781242972e-01
-9.458689359824219434e-01,6.494687142081606579e-01
-9.416710611511391882e-01,6.536248987004854571e-01
-9.374013081160783578e-01,6.578134169628460093e-01
-9.332871148802268646e-01,6.620064824172993134e-01
-9.291341575306746314e-01,6.661877806414437941e-01
-9.247663295377215320e-01,6.703630907504886105e-01
-9.207267195396717785e-01,6.745539973736156547e-01
-9.165555805799943112e-01,6.787244731933208541e-01
-9.123691359120287281e-01,6.829317135417992679e-01
-9.081403041336304494e-01,6.871043573435335894e-01
-9.040413502898800857e-01,6.912845258757429612e-01
-8.990082378621344628e-01,6.954209279137580912e-01
-8.957470524798425426e-01,6.997805303956580181e-01
-8.915067105795990710e-01,7.038312010958380771e-01
-8.872199640931750508e-01,7.080141672749689086e-01
-8.832552716722763542e-01,7.121885256063259506e-01
-8.788783731159619528e-01,7.163755251574943639e-01
-8.705833442817476620e-01,7.205598433872372199e-01
-8.705289066263155462e-01,7.247296303590031741e-01
-8.664764099567598965e-01,7.289091168103464247e-01
-8.622189427776925097e-01,7.330973846777151248e-01
-8.580554127834887357e-01,7.372552495232598258e-01
-8.539387454755242857e-01,7.414623981524347540e-01
-8.498962856248748476e-01,7.456443712738134444e-01
-8.455826848378575900e-01,7.497816704388265974e-01
-8.413679332886629947e-01,7.540195547428610867e-01
-8.370558501501783599e-01,7.581733357139993634e-01
-8.330060210347995930e-01,7.620891470478601271e-01
-8.274958677203585466e-01,7.665584460871940342e-01
-8.244525460516087811e-01,7.707020246849877188e-01
-8.205077594102150318e-01,7.748753305536874025e-01
-8.163481891295192305e-01,7.790661462447228125e-01
-8.121865806099521912e-01,7.832533647473454153e-01
-8.079689342182214684e-01,7.874678154528014229e-01
-8.037715887745722210e-01,7.915803638967759959e-01
-8.003573374179833166e-01,7.957599981702735414e-01
-7.954831279332492677e-01,7.999654029559072344e-01
-7.912626846831880556e-01,8.041363052708689896e-01
-7.870323036519335513e-01,8.083152286607857562e-01
-7.828870056998593618e-01,8.124922531520349933e-01
-7.787129623368780340e-01,8.166654952083854946e-01
-7.746107665958954502e-01,8.208436919239668894e-01
-7.701357902399503796e-01,8.250231065211318660e-01
-7.662635439493719058e-01,8.293777359018422723e-01
-7.620179797955644041e-01,8.333719903781453553e-01
-7.580966138932965226e-01,8.375578890976087543e-01
-7.537590470267261367e-01,8.416499014942863122e-01
-7.494795313089139821e-01,8.457682677962925499e-01
-7.453731376027956657e-01,8.500766589358195180e-01
-7.412604477338342601e-01,8.542672676770751705e-01
-7.370855197318950669e-01,8.584157855223472078e-01
-7.330139234393562297e-01,8.626184303004302834e-01
-7.286934681385166535e-01,8.668037675094893979e-01
-7.244826298920679086e-01,8.709538487264112394e-01
-7.204008441724079059e-01,8.787534243953841750e-01
-7.160731939133071489e-01,8.793076739735609104e-01
-7.120411782790447841e-01,8.834947909075927530e-01
-7.078409773211071787e-01,8.876069294454783654e-01
-7.036036977510382595e-01,8.918080823645286870e-01
-6.995275892602963452e-01,8.960085669578637946e-01
-6.953504943232562407e-01,9.001321224725771231e-01
-6.911675441365265904e-01,9.043309276709105005e-01
-6.871854828700987294e-01,9.085303040809158404e-01
-6.827564830315799860e-01,9.126989041003771286e-01
-6.786939526283342072e-01,9.168827529300576096e-01
-6.745229370482828113e-01,9.210473109684793602e-01
-6.703305493788189739e-01,9.252460207031267814e-01
-6.662216687667545933e-01,9.293996066671437184e-01
-6.618483803849073421e-01,9.335729705287137969e-01
-6.577609413770002522e-01,9.376258595402919838e-01
-6.535798658330336242e-01,9.419812390315688289e-01
-6.496020127581312309e-01,9.461851682281836595e-01
-6.453354999514129275e-01,9.502635122765898945e-01
-6.411142899743333956e-01,9.544095980571962734e-01
-6.368997042685335952e-01,9.586279784941066362e-01
-6.328171729239850940e-01,9.627735304136927352e-01
-6.284960292265073800e-01,9.669523574455833881e-01
-6.244149885222360918e-01,9.711110726846104990e-01
-6.202574710042949580e-01,9.753120073814547375e-01
-6.154377965579971299e-01,9.794567701884213662e-01
-6.120333820229557631e-01,9.836145243468360500e-01
-6.077651242033415002e-01,9.877875179691271157e-01
-6.037914129416812603e-01,9.919547187667753230e-01
-5.995077842888094644e-01,9.961244803938777981e-01
-5.949566698710566648e-01,1.000298351294481858e+00
-5.911354873410967770e-01,1.004488779023953171e+00
-5.869827271493968102e-01,1.008646776786465082e+00
-5.828293906257613344e-01,1.012850457318708486e+00
-5.783008673847744863e-01,1.016992781383024624e+00
-5.742188753264056977e-01,1.021163240778582448e+00
-5.703200385545674767e-01,1.025310621256521282e+00
-5.661340519693902618e-01,1.029497945317303209e+00
-5.619861089245385966e-01,1.033668061765024238e+00
-5.577692579381989813e-01,1.037814361866496338e+00
-5.536571274606199022e-01,1.042010067013992236e+00
-5.491257956738493373e-01,1.046157752488413806e+00
-5.450578824887077900e-01,1.050383172692955336e+00
-5.411644071784449395e-01,1.054516148565926015e+00
-5.369605060979918409e-01,1.058684357079497707e+00
-5.327857660596295730e-01,1.062852317158591742e+00
-5.287660303946231100e-01,1.067012244808896781e+00
-5.244036830678848737e-01,1.071177970339791452e+00
-5.202985635757249039e-01,1.075375609025049251e+00
-5.161447262492202537e-01,1.079507069720582635e+00
-5.119500643739678392e-01,1.083686226095651461e+00
-5.078329090347133423e-01,1.087872017611650977e+00
-5.039574856586648277e-01,1.092039642931397880e+00
-4.994779213888973501e-01,1.096653202014611583e+00
-4.953658315329829698e-01,1.100344063966459673e+00
-4.912598688103724243e-01,1.104531898353575459e+00
-4.870388086286634444e-01,1.108714205000558950e+00
-4.828497224619576755e-01,1.112844648010497428e+00
-4.786856051925842959e-01,1.117027399256220743e+00
-4.744650063502782178e-01,1.121182788464294866e+00
-4.703356250236014890e-01,1.125328221262815509e+00
-4.662577110329693131e-01,1.129464998094848127e+00
-4.620134872305876605e-01,1.133689378934860992e+00
-4.579231023251217891e-01,1.137847078053178640e+00
-4.536728530081370891e-01,1.142006511690301984e+00
-4.495426488515865682e-01,1.146192575723229856e+00
-4.454159159097581533e-01,1.150346974418534174e+00
-4.411435151808260624e-01,1.154499174435314579e+00
-4.369957696230197808e-01,1.158433789057130792e+00
-4.329033962572426120e-01,1.162773993352432145e+00
-4.288688013933936727e-01,1.167032312208321709e+00
-4.244413744309238901e-01,1.171186228985838795e+00
-4.204360174757331148e-01,1.175348756331243250e+00
-4.162698151092094623e-01,1.179510425639771487e+00
-4.120933187291366817e-01,1.183718024800616053e+00
-4.079344675911176221e-01,1.187843784973282579e+00
-4.038000029061419305e-01,1.192027781289465294e+00
-3.996784279900635894e-01,1.196149845890856600e+00
-3.954623817569205002e-01,1.200337457910493955e+00
-3.912874861375397195e-01,1.204601424882470795e+00
-3.872337678007866657e-01,1.208640941832952009e+00
-3.829543179394208074e-01,1.212832844328658677e+00
-3.789220001594066911e-01,1.216974390566706976e+00
-3.747019731827738731e-01,1.221139582540029966e+00
-3.704942418910168733e-01,1.225299903872510310e+00
-3.663313380510904160e-01,1.229476282821421185e+00
-3.621813492081962238e-01,1.233612948397730946e+00
-3.580383213198599091e-01,1.237788966430704907e+00
-3.538975508690662686e-01,1.241955115889199712e+00
-3.497169970937068495e-01,1.246377092951733268e+00
-3.455955071862510941e-01,1.250303244164732819e+00
-3.414345903270943339e-01,1.254478854495883366e+00
-3.372228309588447548e-01,1.258590246362545573e+00
-3.330728391977644254e-01,1.262737464574637425e+00
-3.289493626822763694e-01,1.266912303971435172e+00
-3.247538882614908751e-01,1.271068844687648136e+00
-3.206883688302564206e-01,1.275232161836368228e+00
-3.163823340449913868e-01,1.279300115777575408e+00
-3.122448836401521266e-01,1.283554801933360912e+00
-3.081474838132172156e-01,1.287713250193307069e+00
-3.039757780708538526e-01,1.291919765550565646e+00
-2.998156824376936314e-01,1.296036606076542919e+00
-2.956805902574437539e-01,1.300208098861966644e+00
-2.914392378501728942e-01,1.304369124853452799e+00
-2.873380013588113790e-01,1.308512816637914522e+00
-2.831807847668181832e-01,1.312683086802199917e+00
-2.790317097476029407e-01,1.316841946997728385e+00
-2.748791987570469164e-01,1.321001498207897029e+00
-2.707517871459645953e-01,1.325213949965846183e+00
-2.665683016896955859e-01,1.329311688998957131e+00
-2.623715359117144708e-01,1.333485843492861145e+00
-2.582670765006704894e-01,1.337642976406021811e+00
-2.541085179183930620e-01,1.341823204276800574e+00
-2.499461570471517291e-01,1.345952520341292313e+00
-2.458166833567358989e-01,1.350124714421382155e+00
-2.416784195319343631e-01,1.354247952701577162e+00
-2.374786855620034665e-01,1.358541511526154988e+00
-2.333216332004923732e-01,1.362591359602947971e+00
-2.291747040471416863e-01,1.366773267828313099e+00
-2.250298703543314183e-01,1.370898382972625118e+00
-2.208514156787309002e-01,1.375023969049991468e+00
-2.167436204945982769e-01,1.379099411323132518e+00
-2.125601654708968447e-01,1.383373450866715260e+00
-2.083988416621498363e-01,1.387542347116913266e+00
-2.042287042029471422e-01,1.391701430114359983e+00
-2.000987719526918784e-01,1.395920028256449230e+00
-1.959380473445293536e-01,1.400235608419068356e+00
-1.918764538193507008e-01,1.404185897263669602e+00
-1.876421579313112264e-01,1.408325677923859542e+00
-1.834912075675122489e-01,1.412488621221667628e+00
-1.793323966439832606e-01,1.416606124217007823e+00
-1.751727580726575306e-01,1.420793052079786234e+00
-1.710265619367863366e-01,1.424952614165038156e+00
-1.668782334162430825e-01,1.429104403044433536e+00
-1.626920893809357116e-01,1.433233044114270438e+00
-1.585655935690983842e-01,1.437450179398040984e+00
-1.544201233687086949e-01,1.441574177868189643e+00
-1.502535836544204306e-01,1.445718295644169649e+00
-1.461138132761478081e-01,1.449887365901020075e+00
-1.419566085396866129e-01,1.454034374545813968e+00
-1.377998026450677482e-01,1.458166845315046478e+00
-1.336553750707828447e-01,1.462352376278324151e+00
-1.294965331119426466e-01,1.466508043101638847e+00
-1.253418806484735137e-01,1.470658526637529384e+00
-1.211978820761192566e-01,1.474814500744243473e+00
-1.170301167194637282e-01,1.478961617426258979e+00
-1.129030586997199492e-01,1.483127012182495985e+00
-1.087329623659651912e-01,1.487275800252352731e+00
-1.046015329551114315e-01,1.491444965376589327e+00
-1.004525795685147216e-01,1.495583358759508874e+00
-9.629620744925770914e-02,1.499739260574843414e+00
-9.214711500935646171e-02,1.503898057177440961e+00
-8.801086762577414735e-02,1.508048457426567346e+00
-8.375182637150846432e-02,1.512203081712297559e+00
-7.965906482591478266e-02,1.516351506952825279e+00
-7.554401043022629381e-02,1.520503558054476123e+00
-7.139573091085704704e-02,1.524660611450406655e+00
-6.724848575213770996e-02,1.528818097525166841e+00
-6.313651500133943273e-02,1.532967135580122209e+00
-5.894320106989303643e-02,1.537119010076740899e+00
-5.479617606495001958e-02,1.541274603747391225e+00
-5.064674792718881768e-02,1.545428071218430510e+00
-4.650162405462565651e-02,1.549589484436257214e+00
-4.234678725614937633e-02,1.553729557316099630e+00
-3.819932417799232205e-02,1.557885997461074368e+00
-3.405027193502552230e-02,1.562035578686667536e+00
-2.989638436674901811e-02,1.566183680049498150e+00
-2.575364285461834157e-02,1.570335987776853459e+00
-2.160463232783627063e-02,1.574490731555001410e+00
-1.745636684361340230e-02,1.578642125251850770e+00
-1.331261706608233286e-02,1.582792951330040054e+00
-9.161483476943010906e-03,1.586945252359669212e+00
-5.012203385861058180e-03,1.591095884492865542e+00
-8.649478752419392791e-04,1.595247829148091601e+00
3.282960178558558262e-03,1.599398051555295019e+00
7.430461858071724102e-03,1.603548202504274656e+00
1.157777179004026991e-02,1.607699425289975670e+00
1.572420225496795609e-02,1.611849874516099845e+00
1.987129389801767232e-02,1.616001127923582192e+00
2.402344881038032121e-02,1.620151633039005334e+00
2.816720143341544524e-02,1.624299849847194555e+00
3.231098457971082194e-02,1.628450547768259815e+00
3.646148704628215942e-02,1.632598789973621400e+00
4.060675732694640772e-02,1.636749476484741894e+00
4.475485625240349652e-02,1.640407495651076575e+00
4.890124823991004455e-02,1.645049862566153154e+00
5.304612198767200137e-02,1.648997796028522478e+00
5.718926318549288901e-02,1.653348892019061767e+00
6.134025894797512368e-02,1.657496018458878284e+00
6.548003527005608060e-02,1.661641864894197518e+00
6.962641597440544228e-02,1.665799724224526601e+00
7.377265979580749367e-02,1.669946220299997508e+00
7.791888613697028898e-02,1.674092037262274735e+00
8.206166116259727694e-02,1.678253120857696956e+00
8.621412188012145261e-02,1.682383269413493032e+00
9.035570736916720413e-02,1.686142717953497572e+00
9.449604111289144903e-02,1.690676153596783138e+00
9.865136411354491486e-02,1.694837920353352345e+00
1.027946990108065117e-01,1.698985588778171518e+00
1.069468215297970648e-01,1.703134590505346324e+00
1.110840599485898306e-01,1.707281305414841022e+00
1.152311949871296370e-01,1.711421745532434091e+00
1.193664995777720117e-01,1.715553772117963449e+00
1.235215909570467341e-01,1.719726629112407146e+00
1.276629799055146730e-01,1.723865236817885283e+00
1.318051642712727567e-01,1.728016079066497346e+00
1.359597853598453199e-01,1.732241864621905991e+00
1.400275984916923289e-01,1.736302928610765850e+00
1.442321780165169987e-01,1.740472846082901759e+00
1.483841480713588012e-01,1.744608658994879935e+00
1.525254457082778625e-01,1.748749896286353023e+00
1.566019048932727475e-01,1.752899849517626230e+00
1.609889606950825058e-01,1.757063248393810895e+00
1.649474415501894775e-01,1.761208320694341412e+00
1.690883619781836655e-01,1.765332218326076230e+00
1.732257726972317169e-01,1.769499992038836345e+00
1.774213599869710611e-01,1.773660496581835222e+00
1.815199939509850591e-01,1.777766957926065317e+00
1.856685551174335203e-01,1.782050365010158677e+00
1.897985456250074199e-01,1.786068168201352835e+00
1.939419607999161022e-01,1.790223961962942312e+00
1.980982579774934749e-01,1.794282021174948838e+00
2.022295250555942170e-01,1.798502302320027058e+00
2.063926711054308027e-01,1.802619545930892020e+00
2.105222460372664361e-01,1.806788854374180353e+00
2.146668011551579047e-01,1.811056426675899722e+00
2.187940462657569363e-01,1.815077193803472433e+00
2.229514535474883541e-01,1.819213166019002514e+00
2.270778315920473078e-01,1.823416693507969200e+00
2.311917814100126201e-01,1.827514715471414197e+00
2.353767143481869661e-01,1.831651537504735971e+00
2.395124493528210108e-01,1.835796377297705950e+00
2.436564826766220992e-01,1.840006499297258236e+00
2.478112667112698508e-01,1.844095050038051298e+00
2.519343855096307649e-01,1.848233230199618937e+00
2.560716182979237976e-01,1.852384560047262374e+00
2.602183470431531642e-01,1.856526608051434213e+00
2.643268306517008170e-01,1.860660655345848458e+00
2.685117740145871457e-01,1.864595486665701074e+00
2.726418491163525859e-01,1.868693649980723848e+00
2.767759483505681795e-01,1.873080598777160155e+00
2.808788546884661841e-01,1.877253923726747376e+00
2.850128406136427373e-01,1.881366173464742220e+00
2.891972289031093934e-01,1.885489939973986839e+00
2.933313959687556816e-01,1.889685802199160269e+00
2.973770361223817549e-01,1.893860772658415348e+00
3.016010824519577693e-01,1.897955402799104796e+00
3.057325658093811294e-01,1.902071003197702170e+00
3.099036861533328580e-01,1.906254694739562217e+00
3.140232773553597312e-01,1.910370605882672157e+00
3.182598659405853070e-01,1.914540621814597943e+00
3.223193465530012070e-01,1.918658011041642908e+00
3.264514110054923535e-01,1.922817162509680378e+00
3.305773855664291827e-01,1.926991413564475453e+00
3.347137616457829257e-01,1.931135245888174756e+00
3.388587763774018047e-01,1.935340144514928085e+00
3.430150770617603762e-01,1.939433887720964256e+00
3.471735903789731070e-01,1.943545218521998796e+00
3.513650519360176361e-01,1.947645961635640077e+00
3.554815100996622235e-01,1.951805420975215588e+00
3.595509831566424674e-01,1.955958438403409438e+00
3.637045804153133388e-01,1.959942848841955909e+00
3.678071217283419014e-01,1.964268027907502656e+00
3.721492229448879474e-01,1.968570455130476349e+00
3.761345174452233042e-01,1.972469541255676084e+00
3.802571952506731967e-01,1.976655151692559009e+00
3.843933431854571481e-01,1.980809121773515091e+00
3.885267444516719570e-01,1.984964642972970372e+00
3.927374486973491674e-01,1.989080771502254708e+00
3.967258622422095704e-01,1.993204521816965613e+00
4.009324625323950619e-01,1.997362974714833816e+00
4.050635972615100333e-01,2.001479516340836984e+00
4.093602950035877264e-01,2.005580318408958007e+00
4.125370429322110510e-01,2.009750655568919520e+00
4.174919753463746108e-01,2.013853372020442123e+00
4.216117832215930950e-01,2.018245430768448756e+00
4.257302049038544922e-01,2.022246614554010335e+00
4.298626379750967175e-01,2.026265703939082119e+00
4.340356652007231197e-01,2.030455281318443106e+00
4.381651948728453871e-01,2.034663956845034427e+00
4.422405704175726981e-01,2.038731896280601141e+00
4.465418072497605029e-01,2.042851975277867105e+00
4.505537213197084445e-01,2.047052727474241607e+00
4.547001489832836474e-01,2.051127143795850039e+00
4.588493695311015030e-01,2.055289838131958646e+00
4.629698023635258619e-01,2.067076445207491453e+00
4.670491346116875109e-01,2.063568859035882497e+00
4.712423994090443324e-01,2.067803825381844263e+00
4.754304012449617756e-01,2.071813059693443648e+00
4.796296641235001101e-01,2.076032303185473715e+00
4.836458837518726184e-01,2.080230108635475972e+00
4.878219328566241741e-01,2.084271678571310460e+00
4.919799979651369171e-01,2.088415139823051270e+00
4.960377386569052582e-01,2.092415073712051488e+00
5.000979893862194103e-01,2.096651655495088917e+00
5.043276387748110157e-01,2.100850023972864022e+00
5.084496350800092879e-01,2.104832665829509786e+00
5.127806459775944292e-01,2.109129552963300291e+00
5.167049940103349837e-01,2.113209413176508455e+00
5.208399290038261409e-01,2.117405645224765820e+00
5.249847211563638538e-01,2.121500715966611494e+00
5.289800262371735506e-01,2.125623482568068212e+00
5.335905953486304032e-01,2.129778805425637245e+00
5.373470024522435384e-01,2.133850932110290977e+00
5.415100563658535870e-01,2.138072225279953109e+00
5.453692462645320926e-01,2.142276365523795079e+00
5.498006800482176937e-01,2.146321824716754811e+00
5.539118502947047995e-01,2.150456302503036099e+00
5.580424103625932775e-01,2.154580365213671023e+00
5.621266698863017774e-01,2.158172907921335426e+00
5.663068917845317518e-01,2.162803993689203175e+00
5.704411796971795567e-01,2.166990392039482849e+00
5.745190992726094681e-01,2.171093672836180488e+00
5.787164318355610959e-01,2.175288141260083297e+00
5.828466044698656923e-01,2.179407342981642515e+00
5.869789294511399413e-01,2.183521200979353427e+00
5.911183169297568041e-01,2.187706998658604185e+00
5.952637407911147704e-01,2.191771694457809616e+00
5.993775710852411454e-01,2.195900925659417524e+00
6.035249695835952499e-01,2.200200213587136133e+00
6.076330113750527673e-01,2.204330056064476739e+00
6.117372916643388780e-01,2.208366829931371456e+00
6.159047804151249750e-01,2.212499854161373847e+00
6.200337800168805868e-01,2.216668147020430357e+00
6.241780364782067991e-01,2.220764751857480235e+00
6.283211611356641635e-01,2.224908107806920832e+00
6.325986915864492133e-01,2.229037998641031582e+00
6.364293130590592540e-01,2.233089740733961825e+00
6.406747873919599323e-01,2.237234778205803298e+00
6.448441210048555527e-01,2.240860934181685415e+00
6.489757845653494339e-01,2.245406428758507822e+00
6.530893215420303655e-01,2.249698124118465703e+00
6.572144686471702579e-01,2.253821879125705863e+00
6.613855041165100923e-01,2.257965592170869673e+00
6.654882404567542542e-01,2.261658260285669630e+00
6.696192554024540389e-01,2.266196280452760448e+00
6.737765581224560707e-01,2.270320708973122770e+00
6.778738281293253953e-01,2.274503550336577362e+00
6.819899005231239153e-01,2.278560627697172158e+00
6.861568888849060022e-01,2.282727169322665617e+00
6.900521543199201746e-01,2.286881985147830143e+00
6.944030943686535506e-01,2.290944529498408322e+00
6.986581297159450976e-01,2.295137061075328333e+00
7.026796778772905760e-01,2.299236716779356371e+00
7.067662009216832963e-01,2.303403893770856747e+00
7.108669742199965613e-01,2.307513609219296491e+00
7.150478381251073046e-01,2.311640138099687825e+00
7.191632931912110838e-01,2.315906781181394258e+00
7.232730646921874396e-01,2.317179322622094695e+00
7.274337250013720446e-01,2.324056815406936316e+00
7.315685224988445201e-01,2.328190100705695542e+00
7.356778611314526151e-01,2.332372264186821198e+00
7.397760937166260042e-01,2.336481948890110516e+00
7.439288820097628152e-01,2.340574736794532207e+00
7.480606428712780476e-01,2.344945409271621983e+00
7.522280665517651066e-01,2.348525160679412416e+00
7.562848185998503059e-01,2.352853798389630047e+00
7.604753744535899251e-01,2.357109965081237490e+00
7.646097875369900487e-01,2.361383212183203018e+00
7.687268465503632742e-01,2.365421571045797755e+00
7.728276075087925356e-01,2.370360258613408710e+00
7.768770294338749327e-01,2.373634736480667584e+00
7.810981015387378212e-01,2.380557134508093586e+00
7.852350923857298604e-01,2.381878388708206451e+00
7.893513081589731417e-01,2.385578930456654589e+00
7.935014176552086518e-01,2.390084169851898643e+00
7.976140903353940992e-01,2.394243079115787154e+00
8.013602314365582124e-01,2.398397295308849486e+00
8.058581307324866883e-01,2.402565070336688535e+00
8.100065567517518161e-01,2.406692435065207469e+00
8.141110274128027235e-01,2.410813595437211632e+00
8.182411617536919923e-01,2.414989761604147134e+00
8.223687753169210968e-01,2.419018712963027173e+00
8.264831444214328915e-01,2.422977381701373112e+00
8.306442568662243398e-01,2.427348855651419335e+00
8.347675793294033753e-01,2.431258704162699846e+00
8.388622294714542793e-01,2.435536079229411399e+00
8.429814315323673757e-01,2.439692267792265667e+00
8.471197058406739755e-01,2.444086697644267225e+00
8.511021416709287912e-01,2.447714885177651567e+00
8.553923791878164096e-01,2.452035338964870803e+00
8.594556469447438563e-01,2.456253036115098709e+00
8.636471916376786684e-01,2.460272796739362278e+00
8.677545649360282054e-01,2.464449450482782744e+00
8.717671192586474715e-01,2.468313151240455916e+00
8.760182973998635880e-01,2.472811206696339248e+00
8.801553892811120328e-01,2.476801034072066976e+00
8.842685031830713749e-01,2.480980691275203931e+00
8.883590546896192874e-01,2.485149030726621522e+00
8.925031042591696773e-01,2.489229460906762448e+00
8.966514626344388450e-01,2.493287580742767240e+00
9.007440971407958408e-01,2.497504584753311718e+00
9.048985923580641355e-01,2.501727532723642788e+00
9.090704736855306223e-01,2.505792375190280641e+00
9.131219195490510865e-01,2.509899500137799500e+00
9.172301962095723571e-01,2.514034420459105412e+00
9.213800655216133340e-01,2.518035447542511740e+00
9.254026663698549093e-01,2.522343598843534984e+00
9.296263480820803338e-01,2.526221840539215613e+00
9.337654935055490490e-01,2.530632568798920623e+00
9.378923827701041160e-01,2.534608139190693166e+00
9.420230396231199510e-01,2.538598869611651487e+00
9.461294555582852039e-01,2.542906391540430633e+00
9.502711802677302755e-01,2.546959861999808172e+00
9.543754240465111005e-01,2.551349312936952884e+00
9.584935003197329051e-01,2.555169207310655111e+00
9.626241450702418545e-01,2.559357433044550767e+00
9.668341669350773993e-01,2.563527568636752463e+00
9.708428795438521774e-01,2.567623925398370588e+00
9.750306946609920145e-01,2.571839156955157080e+00
9.791098362210211015e-01,2.575768150973545723e+00
9.832469272887536249e-01,2.580626993604838937e+00
9.873658926606575514e-01,2.584204091255512203e+00
9.914835938662514003e-01,2.588241709663848589e+00
9.955978151312948610e-01,2.592177877064302471e+00
9.997315241730160285e-01,2.596553133430393068e+00
1.003853741280941847e+00,2.585954679274520274e+00
1.007975376995740913e+00,2.604645964413154324e+00
1.012100947754354330e+00,2.608878899954517827e+00
1.016214959302938370e+00,2.613025373454064493e+00
1.020348373527224295e+00,2.617332456140033514e+00
1.024463619934507186e+00,2.621299076732228173e+00
1.028608755085156368e+00,2.625365890831862892e+00
1.032711398074811715e+00,2.629477111680436074e+00
1.036833855265737903e+00,2.633621954188431147e+00
1.040960469157355961e+00,2.637710938983297559e+00
1.045064405649642980e+00,2.641846904372862515e+00
1.049178174854038303e+00,2.645949241571234012e+00
1.053070116224272379e+00,2.656329778942586373e+00
1.057456090700628515e+00,2.527412503694888457e+00
1.061553975515233894e+00,2.658494334126728198e+00
1.065670599362132709e+00,2.662398500204016472e+00
1.069793356158279307e+00,2.666510079861868832e+00
1.073935144779142092e+00,2.670553594481895221e+00
1.077979646200445396e+00,2.674828993430573121e+00
1.082221227686091858e+00,2.678367069641669929e+00
1.086312812671655692e+00,2.683094568493386678e+00
1.090395423249191698e+00,2.686994148287338735e+00
1.094514722934357920e+00,2.691492527110246336e+00
1.098657524162751864e+00,2.695646246172191063e+00
1.102776250386573231e+00,2.699559359637831335e+00
1.106899058486009890e+00,2.703740723828613746e+00
1.111013520940322685e+00,2.707761155925185292e+00
1.115114321749825610e+00,2.711998060202315486e+00
1.119241497849866818e+00,2.716072013370284921e+00
1.123374277970464075e+00,2.720144664917075517e+00
1.127515990319249095e+00,2.724314411878009601e+00
1.131607521930625193e+00,2.728456255470872449e+00
1.135725112544974991e+00,2.732486660606103790e+00
1.139849514037212908e+00,2.736285603900801000e+00
1.143985151028767078e+00,2.740856541609605124e+00
1.148120434863340922e+00,2.746072670471068733e+00
1.152201931452235151e+00,2.749018783452247483e+00
1.156284689729043302e+00,2.753151733543718116e+00
1.160437696842062216e+00,2.757420581951626648e+00
1.164569091824345204e+00,2.761649498566053573e+00
1.168696986781705416e+00,2.765342069308789341e+00
1.172820118193079963e+00,2.769702165140367711e+00
1.176838385730526904e+00,2.773813043795609889e+00
1.181077842324262495e+00,2.778069418050613582e+00
1.184516242014436171e+00,2.782169001104925599e+00
1.189273710384815663e+00,2.786175399341352055e+00
1.193402592466810574e+00,2.790380268047906398e+00
1.197524804639580331e+00,2.792938053860160252e+00
1.201636696892965706e+00,2.798637710208939922e+00
1.205763398980641554e+00,2.802655825158161029e+00
1.209799826597635075e+00,2.806789451833499704e+00
1.214004722107189016e+00,2.811102455242562748e+00
1.218106691236017447e+00,2.815075615474461834e+00
1.222409055483125950e+00,2.819107025713206482e+00
1.226330464732165559e+00,2.823218796899516825e+00
1.230470560082851827e+00,2.827456537632722977e+00
1.234581828327261377e+00,2.831410805209118031e+00
1.238493818154539960e+00,2.835549167583210739e+00
1.242820928793168411e+00,2.839772358483593884e+00
1.246941500556907778e+00,2.843857106031173032e+00
1.250996219742906757e+00,2.847943372682112617e+00
1.255168084987017929e+00,2.852074449668561051e+00
1.259284243592037944e+00,2.856170831962958623e+00
1.263402638143175549e+00,2.860695091296526549e+00
1.267510920130989760e+00,2.864551761319101608e+00
1.271648120137291338e+00,2.868615208181913623e+00
1.275768828415820622e+00,2.872865314198493003e+00
1.279861768953543866e+00,2.876953732684308207e+00
1.284006910861439366e+00,2.880984893760450305e+00
1.288108601444388990e+00,2.885822130844693412e+00
1.292248905541107495e+00,2.889113771933813801e+00
1.296351396280554846e+00,2.893337748954837529e+00
1.300462021842405669e+00,2.895028029458564411e+00
1.304583180420599842e+00,2.901597111111866134e+00
1.308689326781191653e+00,2.905895427387727992e+00
1.312823790617532627e+00,2.909941436546810145e+00
1.316921076996883544e+00,2.913936631827529489e+00
1.321030478616462389e+00,2.917684380840831260e+00
1.325151122330037845e+00,2.922107766633157411e+00
1.329278605647058242e+00,2.926179279662763477e+00
1.333433826522793186e+00,2.930660569424087036e+00
1.337517860166876016e+00,2.934538110979555192e+00
1.341607031133628780e+00,2.938601753626316260e+00
1.345743797571372191e+00,2.942655135784296050e+00
1.349754249377294268e+00,2.947825962066094263e+00
1.353958307263699590e+00,2.951080753664425238e+00
1.358084791883198195e+00,2.955229201773938108e+00
1.362187595719849931e+00,2.959203103468039942e+00
1.366327702701554792e+00,2.963459131555382875e+00
1.370422921215463052e+00,2.967265999696705236e+00
1.374537837606442992e+00,2.971468944396758793e+00
1.378659645677623447e+00,2.976455615753997641e+00
1.382776541677681603e+00,2.980211737569057995e+00
1.386886645633996995e+00,2.983825538737619354e+00
1.391005139623865183e+00,2.988100757757478299e+00
1.395126802110560948e+00,2.992185409077239733e+00
1.399034528610038075e+00,2.996225915381133476e+00
1.403347911041318952e+00,3.000719122213175716e+00
1.407465815444321366e+00,3.004476563660315236e+00
1.411575451212401688e+00,3.008952355559785907e+00
1.415685253673806043e+00,3.013093859396144936e+00
1.419787105324012089e+00,3.016928204704877103e+00
1.423930361254595711e+00,3.020914501493004778e+00
1.428039683298218510e+00,3.024969595679496415e+00
1.432107700856276145e+00,3.029341633218436414e+00
1.436250136494853891e+00,3.032599012521425941e+00
1.440382166521145590e+00,3.037733018897793791e+00
1.444484315067447788e+00,3.041573034054914082e+00
1.448605986438218807e+00,3.045745820982891594e+00
1.452716730568945902e+00,3.049921451179961274e+00
1.456852519718710104e+00,3.053903506788263833e+00
1.460943616823023872e+00,3.060099845233631655e+00
1.465062017852314602e+00,3.062287587225898555e+00
1.469172014098873991e+00,3.066261831889182332e+00
1.473275920760824809e+00,3.070179412754744597e+00
1.477398602399182082e+00,3.074258656089724262e+00
1.481515768795286903e+00,3.078622191316389589e+00
1.485621459674825617e+00,3.082644217547785281e+00
1.489744715779093509e+00,3.086918785849809055e+00
1.493842131447222776e+00,3.090846458227607840e+00
1.497958691659951880e+00,3.095089150640398579e+00
1.502077682099809630e+00,3.099021495258047487e+00
1.506185512827950213e+00,3.103457684950330808e+00
1.510310595821269031e+00,3.107379924510961011e+00
1.514438189976790472e+00,3.111423010812891299e+00
1.518523321887425448e+00,3.115483198905322659e+00
1.522637778436109146e+00,3.119750628802275827e+00
1.526749903280639975e+00,3.124086215661442623e+00
1.530859261135220306e+00,3.128335474988357845e+00
1.534969927501283138e+00,3.131977081557333342e+00
1.539080984566385979e+00,3.136026354093073287e+00
1.543207158427269743e+00,3.140140000488108818e+00
1.547309018064951580e+00,3.144388569984763571e+00
1.551417966223893607e+00,3.148609225051015592e+00
1.555531949699755723e+00,3.152751736713555353e+00
1.559641565462791535e+00,3.156269772875021751e+00
1.563751645038451876e+00,3.160988255990987206e+00
1.567867627283632270e+00,3.165195701749146551e+00
1.571977649646302266e+00,3.168943772851202212e+00
1.576027711718420043e+00,3.173136927670327623e+00
1.580199867975313532e+00,3.177312188912675417e+00
1.584310879897796731e+00,3.181401563602716642e+00
1.588421839262726731e+00,3.185726055075294383e+00
1.592532146301738338e+00,3.189169043161884431e+00
1.596643017309214763e+00,3.193815529543090115e+00
1.600753854871340698e+00,3.197690313181357880e+00
1.604864497519947975e+00,3.202044467563838204e+00
1.608975455608578686e+00,3.206246905675402381e+00
1.613098292665735345e+00,3.210520728815012603e+00
1.617203109296116104e+00,3.214448464982083031e+00
1.621307028313020426e+00,3.218401830287729304e+00
1.625415555643626053e+00,3.221959125997626572e+00
1.629526893124753517e+00,3.226487775386802426e+00
1.633628722912741082e+00,3.230391680490322770e+00
1.637749237192633434e+00,3.234858168062663353e+00
1.641859481484941430e+00,3.238888983260733490e+00
1.645960845295836084e+00,3.243057110961810707e+00
1.650084136612705921e+00,3.247383164721536097e+00
1.654183171474477909e+00,3.251325377633260238e+00
1.658297239123833755e+00,3.255369462713040285e+00
1.662404514913625508e+00,3.259694792453855072e+00
1.666517337030346102e+00,3.263912167399292130e+00
1.670622067103247010e+00,3.268054268761900083e+00
1.674797645599038320e+00,3.271920050372062683e+00
1.678844774168384735e+00,3.275948962790105057e+00
1.682963769461641057e+00,3.278934502927788763e+00
1.687062677064992133e+00,3.284329046857147993e+00
1.691173511508133220e+00,3.288381818194670458e+00
1.695277159979979631e+00,3.292268421950495849e+00
1.699390239455324192e+00,3.296387057190609760e+00
1.703503616812646726e+00,3.300667973474804562e+00
1.707608668672772723e+00,3.304805611961497469e+00
1.711717861698208498e+00,3.308123907115626317e+00
1.715833388370308299e+00,3.313014074751751359e+00
1.719933554298605394e+00,3.316893364697661717e+00
1.724042131696711166e+00,3.321314343694419691e+00
1.728145086106380068e+00,3.325507785067563837e+00
1.732262664192113055e+00,3.329342310182872744e+00
1.736383244716464436e+00,3.333726659376719859e+00
1.740474933261468626e+00,3.337294173966033561e+00
1.744494686211900181e+00,3.341647713066718595e+00
1.748700115460206650e+00,3.342412285761069413e+00
1.752799635088350572e+00,3.350109157417278105e+00
1.756876449815195418e+00,3.366066399039499224e+00
1.761006513555007702e+00,3.358216632752505149e+00
1.765210760647183852e+00,3.362564436336670681e+00
1.769229828789684156e+00,3.366382129123441480e+00
1.773330283727911016e+00,3.370682313009566222e+00
1.777443597403348008e+00,3.374858970641940736e+00
1.781474054777108851e+00,3.378863745602738611e+00
1.785741384350399308e+00,3.382567109279817963e+00
1.789765791492198721e+00,3.387141894362810213e+00
1.793779405359900769e+00,3.390990019470229377e+00
1.798011437313450589e+00,3.395412039285202077e+00
1.802088035311658620e+00,3.399405187352529722e+00
1.806235206370697455e+00,3.403615623505841903e+00
1.810305217738073624e+00,3.407826947167158060e+00
1.814413977827018076e+00,3.412049003090882771e+00
1.818478035673563031e+00,3.415216809004274268e+00
1.822624310690074800e+00,3.420268608212722050e+00
1.826732170579355996e+00,3.424185211756208602e+00
1.830846162775817465e+00,3.428388899379915422e+00
1.834946473309770898e+00,3.432357885138895170e+00
1.839023124215794169e+00,3.436208827261282295e+00
1.843152607797864606e+00,3.441447831711049510e+00
1.847240367854363186e+00,3.444249223912598801e+00
1.851358101555743874e+00,3.448166572709050470e+00
1.855475557240818807e+00,3.452807358769656609e+00
1.859549495279978704e+00,3.458257624239684525e+00
1.863841939092601541e+00,3.461064945871853205e+00
1.867707147335489815e+00,3.464534128257522383e+00
1.871879225287931270e+00,3.466763211649668719e+00
1.876023137008797637e+00,3.473409512793370624e+00
1.879984926511524268e+00,3.477763695453584880e+00
1.884237995914680441e+00,3.481371265496512102e+00
1.888323655848038074e+00,3.485871871940497080e+00
1.892460357378891844e+00,3.489665168333968559e+00
1.896525778707074172e+00,3.493359909162615295e+00
1.900647878052379447e+00,3.497941700511647767e+00
1.904747563908465224e+00,3.502029909940380215e+00
1.908848523739077097e+00,3.506129361631757035e+00
1.912949973084935529e+00,3.510136185285195332e+00
1.917048951477362095e+00,3.514279241563676770e+00
1.921198376545415032e+00,3.518286728632676663e+00
1.925276539661865627e+00,3.522061322270572781e+00
1.929344661610531420e+00,3.526693527638275150e+00
1.933453688708780760e+00,3.530648391550699650e+00
1.937578819376515105e+00,3.534699035681168056e+00
1.941639996430036819e+00,3.539778187072228910e+00
1.945789875231891175e+00,3.543363331493996071e+00
1.949959956071205758e+00,3.547488545621042100e+00
1.953994855682750220e+00,3.551023751100179204e+00
1.958140890455140282e+00,3.555287956405680738e+00
1.962215298091186888e+00,3.559473251455651521e+00
1.966298779617684733e+00,3.563483289599151504e+00
1.970432332829874289e+00,3.568455834699607365e+00
1.974512365384790247e+00,3.571491875052445586e+00
1.978657030257460647e+00,3.575778828172766488e+00
1.982748323101512389e+00,3.579957934124807117e+00
1.986923543531212033e+00,3.583958799776048032e+00
1.990897492787365053e+00,3.587858761263539087e+00
1.995042741449704948e+00,3.591865281651140940e+00
1.999101331732067610e+00,3.595512955360010032e+00
2.003311502760327656e+00,3.600706438289627442e+00
2.007338834328757038e+00,3.604665918685410197e+00
2.011477902587979205e+00,3.608898588596447077e+00
2.015638134931784009e+00,3.612219818696829954e+00
2.019651010599976093e+00,3.616147011324446048e+00
2.023775699440704123e+00,3.620733255650839588e+00
2.027838444057108891e+00,3.625230693268259863e+00
2.031962672189160379e+00,3.628355364431639529e+00
2.036155579194217857e+00,3.633738812985096267e+00
2.040161760773916200e+00,3.637497943229776709e+00
2.044263146803439568e+00,3.641510744344608419e+00
2.048416190388058666e+00,3.646009696788204302e+00
2.052509958926067135e+00,3.649775354684478224e+00
2.056572534947842534e+00,3.653930530488512574e+00
2.060680800852054961e+00,3.658162265708300609e+00
2.064811906119954799e+00,3.662078085159218510e+00
2.068848352102111043e+00,3.667166166212776801e+00
2.073001498648326724e+00,3.669951999283529886e+00
2.077134055531377754e+00,3.674137746870836274e+00
2.081211204422765526e+00,3.678400107204724101e+00
2.085295250532362310e+00,3.682489384917046138e+00
2.089409096224133400e+00,3.686618664647614452e+00
2.093518163294073808e+00,3.691491790934725792e+00
2.097603632494632109e+00,3.695082730560242723e+00
2.101833214613240131e+00,3.698338031779519142e+00
2.105765250389479704e+00,3.703651321089783899e+00
2.109898899906514913e+00,3.707298023552901611e+00
2.113971398446090166e+00,3.713650824755730717e+00
2.118078875964862551e+00,3.715392217656659390e+00
2.122255726770867490e+00,3.720416824679188217e+00
2.126331239464238188e+00,3.724681353469961209e+00
2.130420463828016864e+00,3.728324348059131488e+00
2.134689179758161082e+00,3.731866103206988861e+00
2.137939750401550931e+00,3.735943938274600029e+00
2.142662381547955519e+00,3.740317842959227868e+00
2.146826152400878485e+00,3.744333395772204476e+00
2.150940165858744813e+00,3.748624185779579676e+00
2.155033022667860010e+00,3.751685419667940558e+00
2.159136322958716381e+00,3.756770044045096846e+00
2.163204704512578402e+00,3.760316312923665194e+00
2.167304922772685050e+00,3.764522861753128780e+00
2.171471320777352609e+00,3.767811723881933084e+00
2.175565440447322807e+00,3.772915088948474605e+00
2.179689018435543524e+00,3.776982973566484603e+00
2.183809569923612859e+00,3.781258209409750215e+00
2.187820341125888746e+00,3.784806369100668810e+00
2.191864941511018294e+00,3.789524070234311814e+00
2.196032329404121519e+00,3.793683676753239808e+00
2.200145179563868680e+00,3.796701295038634072e+00
2.204233373661364404e+00,3.798914504427890471e+00
2.208416236407125588e+00,3.806318616110096364e+00
2.212380682012839106e+00,3.809994377873457516e+00
2.216528453969965007e+00,3.814511991781405875e+00
2.220610070999888386e+00,3.817966649336808516e+00
2.224762284700990023e+00,3.821936934590334012e+00
2.228849826887762120e+00,3.826273282335814763e+00
2.232841189371794322e+00,3.832769544169057241e+00
2.237007498502568303e+00,3.835367279092428916e+00
2.241124332103473726e+00,3.838777294292755826e+00
2.245230060609322287e+00,3.842614223470125268e+00
2.249300049185145589e+00,3.846530711305212513e+00
2.253443599242969775e+00,3.849425781839295624e+00
2.257581075539085269e+00,3.853809233624374109e+00
2.261670015464982697e+00,3.858985657032991234e+00
2.265741713814265701e+00,3.862860798798238626e+00
2.269870001818837579e+00,3.867334068460028362e+00
2.273760277475536995e+00,3.871412950750172222e+00
2.279251674123078608e+00,3.875819916015058375e+00
2.282176546420739527e+00,3.879030666425927976e+00
2.286236328111153959e+00,3.885633238819102608e+00
2.290375856223732853e+00,3.889866883673726683e+00
2.294409201204651971e+00,3.892038660824563401e+00
2.298529433639508568e+00,3.895057478020871322e+00
2.302649525635486416e+00,3.899723615561174306e+00
2.306406826761092876e+00,3.904266617185490951e+00
2.310667645698738504e+00,3.907881642578787229e+00
2.315038109930002364e+00,3.912972398487256420e+00
2.318988410838722647e+00,3.915488074546287223e+00
2.323191844369310033e+00,3.920543992043182158e+00
2.325839414129458493e+00,3.924578272360879971e+00
2.331211358888594987e+00,3.929193067211535606e+00
2.335468501071109149e+00,3.933552712005318419e+00
2.339546735114880427e+00,3.937127159179483193e+00
2.343608442818617021e+00,3.940567181640866501e+00
2.347678155674445044e+00,3.944824260947092931e+00
2.351773075145245251e+00,3.949206904030601706e+00
2.355933272246822696e+00,3.953151368318098768e+00
2.359553978669481467e+00,3.957312208412161247e+00
2.364115133423009496e+00,3.960979340316417741e+00
2.368249274017993233e+00,3.965480144100778759e+00
2.372362288822469356e+00,3.970028712735298448e+00
2.376420007546606872e+00,3.973797983861696359e+00
2.380545005100139111e+00,3.978018051958631673e+00
2.384642070691937121e+00,3.982093165786024791e+00
2.383072617901269119e+00,3.986422517254808007e+00
2.392976339013340947e+00,3.990054724553569798e+00
2.396859865527529720e+00,3.994792991307090979e+00
2.400922144605370789e+00,3.998571575278972112e+00
2.405128111417374370e+00,4.002681769476128970e+00
2.409200310419326918e+00,4.006983659896258487e+00
2.413356203852881965e+00,4.012101607329197073e+00
2.417344565957389335e+00,4.014937387371531941e+00
2.421418576860914662e+00,4.018836108922609007e+00
2.425542711297556053e+00,4.022670623089653397e+00
2.429354161158117087e+00,4.027940072193096910e+00
2.433745342732398953e+00,4.031194140984065477e+00
2.437921342823822890e+00,4.030834441944082691e+00
2.441965156091428391e+00,4.038792529341183268e+00
2.446072007943631554e+00,4.043295911547962973e+00
2.450127923843429478e+00,4.046697900319428776e+00
2.454155470977257281e+00,4.051510233200859012e+00
2.458164747280046747e+00,4.056815938432511537e+00
2.462440138476108764e+00,4.061906984334619608e+00
2.466576497819308322e+00,4.064069178498231238e+00
2.470598170013335704e+00,4.069436400593873238e+00
2.474721566027049846e+00,4.072529508192972436e+00
2.478819254975415109e+00,4.076683878023891872e+00
2.482929946596998505e+00,4.080076146755322597e+00
2.487026632523574143e+00,4.084130805992962188e+00
2.491059058731417863e+00,4.088674986538131328e+00
2.495379125795636810e+00,4.091790134751441599e+00
2.499251718623903162e+00,4.096287414672258542e+00
2.502966884087676647e+00,4.100588226684104498e+00
2.507496801861233138e+00,4.104788429429885532e+00
2.511626323718612497e+00,4.108646959497115780e+00
2.515685367814528561e+00,4.133950425646021110e+00
2.519877309183672587e+00,4.117139100429459297e+00
2.523827278311712607e+00,4.121911756077795808e+00
