-9.668128479517767992e-01,-1.280000000000000249e+00
1.531823994064738059e+01,-1.280000000000000249e+00
-1.385356558492398804e+00,-1.280000000000000249e+00
-1.128162809641489961e+00,-1.280000000000000249e+00
-4.297750159861149499e-02,-1.280000000000000249e+00
-8.872105369797846919e-01,-1.280000000000000249e+00
-1.629651698375174540e+00,-1.280000000000000249e+00
9.196316216899461660e-01,-1.280000000000000249e+00
2.169263936973184481e-01,-1.280000000000000249e+00
-3.114599620246136347e+00,-1.280000000000000249e+00
