1.364787010355824748e+01
1.364787010355824748e+01
1.360267661864354594e+01
1.355733885629801350e+01
1.351185684750157101e+01
1.346623063241134588e+01
1.342046026050320329e+01
1.337454579069919802e+01
1.332848729151422695e+01
1.328228484119143182e+01
1.323593852784235558e+01
1.318944844959218621e+01
1.314281471471291418e+01
1.309603744177528206e+01
1.304911675978941332e+01
1.300205280834851251e+01
1.295484573778007409e+01
1.290749570928359979e+01
1.286000289508684524e+01
1.281236747859192349e+01
1.276458965452314054e+01
1.271666962908184750e+01
1.266860762009016028e+01
1.262040385715170743e+01
1.257205858179906244e+01
1.252357204764874865e+01
1.247494452056081826e+01
1.242617627878330921e+01
1.237726761311863655e+01
1.232821882707663796e+01
1.227903023703059837e+01
1.222970217238117918e+01
1.218023497570539071e+01
1.213062900292551660e+01
1.208088462346581693e+01
1.203100222041154055e+01
1.198098219067595060e+01
1.193082494515237180e+01
1.188053090888624830e+01
1.183010052123346689e+01
1.177953423602319027e+01
1.172883252172646884e+01
1.167799586161045511e+01
1.162702475391383139e+01
1.157591971200541181e+01
1.152468126454924224e+01
1.147330995567576650e+01
1.142180634513730908e+01
1.137017100848318307e+01
1.131840453722158735e+01
1.126650753898495871e+01
1.121448063770045245e+01
1.116232447374855141e+01
1.111003970413657349e+01
1.105762700266123311e+01
1.100508706007529547e+01
1.095242058425616705e+01
1.089962830036422936e+01
1.084671095101715821e+01
1.079366929645029316e+01
1.074050411468192934e+01
1.068721620168283337e+01
1.063380637153089481e+01
1.058027545658362989e+01
1.052662430763792756e+01
1.047285379409322204e+01
1.041896480411632986e+01
1.036495824479476546e+01
1.031083504230789849e+01
1.025659614208009529e+01
1.020224250894234252e+01
1.014777512729378550e+01
1.009319500124902547e+01
1.003850315480622513e+01
9.983700631996814678e+00
9.928788497038015137e+00
9.873767834492916506e+00
9.818639749412618301e+00
9.763405367494867093e+00
9.708065835229630736e+00
9.652622320046885918e+00
9.597076010467167961e+00
9.541428116237268497e+00
9.485679868481163624e+00
9.429832519841998106e+00
9.373887344613583750e+00
9.317845638886694815e+00
9.261708720680964291e+00
9.205477930078322046e+00
9.149154629360461755e+00
9.092740203127938514e+00
9.036236058438033680e+00
8.979643624925998324e+00
8.922964354926159913e+00
8.866199723598388260e+00
8.809351229037060804e+00
8.752420392394503423e+00
8.695408757991904380e+00
8.638317893425965011e+00
8.581149389682273920e+00
8.523904861232901808e+00
8.466585946142805241e+00
8.409194306165961308e+00
8.351731626840994238e+00
8.294199617586912154e+00
8.236600011783526298e+00
8.178934566864873190e+00
8.121205064397175377e+00
8.063413310157960368e+00
8.005561134214282504e+00
7.947650390985102398e+00
7.889682959317670274e+00
7.831660742546867837e+00
7.773585668554466643e+00
7.715459689827928180e+00
7.657284783504235470e+00
7.599062951425535672e+00
7.540796220176978260e+00
7.482486641125825955e+00
7.424136290458428711e+00
7.365747269203377634e+00
7.307321703262365631e+00
7.248861743427416293e+00
7.190369565395833718e+00
7.131847369784467539e+00
7.073297382127683441e+00
7.014721852885053011e+00
6.956123057432865409e+00
6.897503296054319222e+00
6.838864893928242594e+00
6.780210201099892586e+00
6.721541592464613579e+00
6.662861467729828568e+00
6.604172251380081349e+00
6.545476392636306429e+00
6.486776365400801048e+00
6.428074668210351561e+00
6.369373824170302179e+00
6.310676380890862802e+00
6.251984910416410024e+00
6.193302009140901454e+00
6.134630297729417592e+00
6.075972421023893233e+00
6.017331047947006795e+00
5.958708871399398532e+00
5.900108608145304245e+00
5.841532998701826962e+00
5.782984807210531208e+00
5.724466821310056908e+00
5.665981852002147434e+00
5.607532733500863564e+00
5.549122323088255371e+00
5.490753500958611255e+00
5.432429170048156841e+00
5.374152255868954953e+00
5.315925706330117073e+00
5.257752491551914709e+00
5.199635603676089346e+00
5.141578056660386586e+00
5.083582886080583840e+00
5.025653148911803036e+00
4.967791923306121404e+00
4.910002308370523316e+00
4.852287423924019905e+00
4.794650410261022344e+00
4.737094427897855731e+00
4.679622657314591372e+00
4.622238298694608893e+00
4.564944571646304183e+00
4.507744714927317986e+00
4.450641986155289942e+00
4.393639661513505601e+00
4.336741035452135407e+00
4.279949420371957025e+00
4.223268146312212146e+00
4.166700560625999472e+00
4.110250027646404902e+00
4.053919928348342694e+00
3.997713660000353997e+00
3.941634635813135557e+00
3.885686284574931815e+00
3.829872050284494733e+00
3.774195391775717390e+00
3.718659782331411812e+00
3.663268709293020731e+00
3.608025673665220090e+00
3.552934189708905510e+00
3.497997784528326104e+00
3.443219997651745690e+00
3.388604380605456878e+00
3.334154496481032570e+00
3.279873919493118350e+00
3.225766234534865884e+00
3.171835036719266920e+00
3.118083930922122438e+00
3.064516531314920744e+00
3.011136460886635557e+00
2.957947350967858657e+00
2.904952840739110087e+00
2.852156576741389671e+00
2.799562212374740344e+00
2.747173407390596012e+00
2.694993827383938889e+00
2.643027143270642920e+00
2.591277030767161982e+00
2.539747169859509768e+00
2.488441244267596719e+00
2.437362940906058650e+00
2.386515949335620057e+00
2.335903961213262825e+00
2.285530669734665121e+00
2.235399769072759835e+00
2.185514953811759753e+00
2.135879918372848962e+00
2.086498356440789070e+00
2.037373960381864357e+00
1.988510420658530231e+00
1.939911425241227727e+00
1.891580659012618959e+00
1.843521803172233797e+00
1.795738534634081729e+00
1.748234525421862529e+00
1.701013442061499736e+00
1.654078944967397602e+00
1.607434687829631503e+00
1.561084316994846954e+00
1.515031470845836115e+00
1.469279779179025303e+00
1.423832862576738689e+00
1.378694331781094018e+00
1.333867787062595456e+00
1.289356817588036108e+00
1.245165000787518128e+00
1.201295901717379433e+00
1.157753072424328344e+00
1.114540051307099766e+00
1.071660362477375283e+00
1.029117515120092641e+00
9.869150028518782758e-01
9.450563030811997001e-01
9.035448763665189231e-01
8.623841657752113754e-01
8.215775962428581991e-01
7.811285739313360565e-01
7.410404855896561838e-01
7.013166979143142798e-01
6.619605569106935539e-01
6.229753872559073979e-01
5.843644916625116981e-01
5.461311502447032673e-01
5.082786198852233817e-01
4.708101336051060959e-01
4.337288999353953733e-01
3.970381022905559165e-01
3.607408983455978602e-01
3.248404194153308722e-01
2.893397698366897419e-01
2.542420263545697723e-01
2.195502375106183346e-01
1.852674230359700469e-01
1.513965732478397830e-01
1.179406484500351848e-01
8.490257833776396201e-02
5.228526140649912557e-02
2.009156436619811623e-02
-1.167567844008024144e-02
-4.301366561280151046e-02
-7.391962926667443312e-02
-1.043908355965114249e-01
-1.344245854372623783e-01
-1.640182148180781840e-01
-1.931690955107697172e-01
-2.218746355717811647e-01
-2.501322798776465794e-01
-2.779395106544592653e-01
-3.052938479999186550e-01
-3.321928503988573200e-01
-3.586341152318245906e-01
-3.846152792755886951e-01
-4.101340191970792581e-01
-4.351880520394568186e-01
-4.597751356999922878e-01
-4.838930694004165978e-01
-5.075396941487814173e-01
-5.307128931935914951e-01
-5.534105924687202638e-01
-5.756307610304632894e-01
-5.973714114855178670e-01
-6.186306004091880473e-01
-6.394064287568111959e-01
-6.596970422634136355e-01
-6.795006318354112063e-01
-6.988154339332259823e-01
-7.176397309425484039e-01
-7.359718515378513848e-01
-7.538101710348079632e-01
-7.711531117330594487e-01
-7.879991432492465808e-01
-8.043467828387412810e-01
-8.201945957083283112e-01
-8.355411953176168360e-01
-8.503852436702765694e-01
-8.647254515948692433e-01
-8.785605790134348725e-01
-8.918894352014432592e-01
-9.047108790355261609e-01
-9.170238192300403934e-01
-9.288272145635715349e-01
-9.401200740926415333e-01
-9.509014573561312966e-01
-9.611704745668981920e-01
-9.709262867925715357e-01
-9.801681061253967320e-01
-9.888951958387449670e-01
-9.971068705349481753e-01
-1.004802496279184165e+00
-1.011981490722564603e+00
-1.018643323214156515e+00
-1.024787514899501373e+00
-1.030413638809791754e+00
-1.035521319937511064e+00
-1.040110235300917285e+00
-1.044180113996917347e+00
-1.047730737241264531e+00
-1.050761938398533824e+00
-1.053273602998430203e+00
-1.055265668741616647e+00
-1.056738125493656533e+00
-1.057691015265512791e+00
-1.058124432184811337e+00
-1.058038522453423891e+00
-1.057433484293861747e+00
-1.056309567884745837e+00
-1.054667075282315958e+00
-1.052506360333177238e+00
-1.049827828573396848e+00
-1.046631937116860867e+00
-1.042919194532292648e+00
-1.038690160707075982e+00
-1.033945446702529525e+00
-1.028685714595248823e+00
-1.022911677308974365e+00
-1.016624098433976053e+00
-1.009823792035065448e+00
-1.002511622450710460e+00
-9.946885040784393395e-01
-9.863554011511096453e-01
-9.775133275017121592e-01
-9.681633463167351739e-01
-9.583065698806376709e-01
-9.479441593083949291e-01
-9.370773242680382475e-01
-9.257073226928097531e-01
-9.138354604823842875e-01
-9.014630911958610993e-01
-8.885916157328175302e-01
-8.752224820056087040e-01
-8.613571846013237110e-01
-8.469972644340048040e-01
-8.321443083884528802e-01
-8.167999489533893653e-01
-8.009658638462202607e-01
-7.846437756279853737e-01
-7.678354513103162748e-01
-7.505427019525651167e-01
-7.327673822508887769e-01
-7.145113901191358918e-01
-6.957766662603193097e-01
-6.765651937309140607e-01
-6.568789974966019463e-01
-6.367201439800228568e-01
-6.160907406014894949e-01
-5.949929353115193109e-01
-5.734289161160146531e-01
-5.514009105945816280e-01
-5.289111854108909938e-01
-5.059620458182102487e-01
-4.825558351561688442e-01
-4.586949343411982905e-01
-4.343817613521067655e-01
-4.096187707075833462e-01
-3.844084529398294481e-01
-3.587533340607834131e-01
-3.326559750226013579e-01
-3.061189711740474606e-01
-2.791449517105801248e-01
-2.517365791201969794e-01
-2.238965486233556179e-01
-1.956275876088194587e-01
-1.669324550657694251e-01
-1.378139410100854279e-01
-1.082748659074707215e-01
-7.831808009303682649e-02
-4.794646318596738899e-02
-1.716292350174454875e-02
1.402960253927558291e-02
4.562815100658332984e-02
7.762973105711826194e-02
1.100313255355264558e-01
1.428281657378592528e-01
1.759486244732906546e-01
2.092369874864243307e-01
2.426002769955332150e-01
2.760330437611365206e-01
3.095356637371903807e-01
3.431085133766241246e-01
3.767519696481825275e-01
4.104664100531691950e-01
4.442522126428589679e-01
4.781097560345290431e-01
5.120394194284013656e-01
5.460415826242043247e-01
5.801166260372780936e-01
6.142649307154340876e-01
6.484868783542118154e-01
6.827828513137654820e-01
7.171532326347154207e-01
7.515984060535341182e-01
7.861187560192894885e-01
8.207146677083725361e-01
8.553865270406807442e-01
8.901347206952203717e-01
9.249596361252759857e-01
9.598616615744075542e-01
9.948411860905033155e-01
1.029898599542522497e+00
1.065034292634935875e+00
1.100248656922376611e+00
1.135542084826019593e+00
1.170914969646758452e+00
1.206367705581659289e+00
1.241900687737939490e+00
1.277514312147971731e+00
1.313208975784481813e+00
1.348985076573643527e+00
1.384843013411778845e+00
1.420783186178336432e+00
1.456805995750874771e+00
1.492911844020436307e+00
1.529101133903375542e+00
1.565374269358835280e+00
1.601731655401108956e+00
1.638173698113657872e+00
1.674700804665427256e+00
1.711313383322202730e+00
1.748011843462808690e+00
1.784796595592299528e+00
1.821668051355978424e+00
1.858626623554600954e+00
1.895672726155874566e+00
1.932806774310838582e+00
1.970029184366682840e+00
2.007340373880283302e+00
2.044740761633467852e+00
2.082230767644716263e+00
2.119810813184789478e+00
2.157481320789495616e+00
2.195242714273553553e+00
2.233095418745627558e+00
2.271039860618970341e+00
2.309076467628198959e+00
2.347205668841651161e+00
2.385427894674030380e+00
2.423743576902495533e+00
2.462153148677649117e+00
2.500657044538611817e+00
2.539255700426006346e+00
2.577949553695610518e+00
2.616739043132748854e+00
2.655624608963202071e+00
2.694606692870273879e+00
2.733685738005795063e+00
2.772862189003256983e+00
2.812136491994286391e+00
2.851509094618257301e+00
2.890980446038377227e+00
2.930550996954121246e+00
2.970221199614752283e+00
3.009991507833544411e+00
3.049862376999216362e+00
3.089834264091724236e+00
3.129907627693686134e+00
3.170082928005216072e+00
3.210360626857297284e+00
3.250741187722457237e+00
3.291225075733079652e+00
3.331812757690749471e+00
3.372504702080355798e+00
3.413301379085950327e+00
3.454203260600001713e+00
3.495210820241307914e+00
3.536324533364834988e+00
3.577544877076559882e+00
3.618872330248443792e+00
3.660307373527320607e+00
3.701850489353655238e+00
3.743502161972100506e+00
3.785262877444167895e+00
3.827133123664996361e+00
3.869113390372091121e+00
3.911204169163175148e+00
3.953405953507550308e+00
3.995719238759137593e+00
4.038144522171881690e+00
4.080682302910341619e+00
4.123333082066698907e+00
4.166097362670737603e+00
4.208975649705825717e+00
4.251968450122615373e+00
4.295076272849104093e+00
4.338299628809179076e+00
4.381639030932933387e+00
4.425094994169635143e+00
4.468668035504726355e+00
4.512358673969301570e+00
4.556167430657526829e+00
4.600094828737567809e+00
4.644141393465372580e+00
4.688307652201251230e+00
4.732594134418436127e+00
4.777001371721598666e+00
4.821529897858362723e+00
4.866180248731870606e+00
4.910952962418511092e+00
4.955848579175268220e+00
5.000867641459174173e+00
5.046010693939635416e+00
5.091278283509335090e+00
5.136670959303046402e+00
5.182189272705516991e+00
5.227833777369603752e+00
5.273605029229171848e+00
5.319503586512214000e+00
5.365530009755278940e+00
5.411684861816429049e+00
5.457968707890001880e+00
5.504382115518746232e+00
5.550925654611403637e+00
5.597599897453414464e+00
5.644405418722709733e+00
5.691342795501317831e+00
5.738412607288159606e+00
5.785615436021187108e+00
5.832951866082535908e+00
5.880422484315380061e+00
5.928027880039672404e+00
5.975768645061611650e+00
6.023645373693032212e+00
6.071658662763477210e+00
6.119809111634091359e+00
6.168097322209031397e+00
6.216523898950812033e+00
6.265089448899935576e+00
6.313794581682827811e+00
6.362639909525896975e+00
6.411626047271383300e+00
6.460753612391441969e+00
6.510023225003238601e+00
6.559435507881395289e+00
6.608991086473070098e+00
6.658690588909911057e+00
6.708534646023754711e+00
6.758523891362868241e+00
6.808658961202813664e+00
6.858940494563419144e+00
6.909369133218330461e+00
6.959945521712435301e+00
7.010670307378292776e+00
7.061544140345715093e+00
7.112567673559883730e+00
7.163741562790902684e+00
7.215066466649295407e+00
7.266543046604696521e+00
7.318171966995086208e+00
7.369953895043407144e+00
7.421889500869480294e+00
7.473979457502631263e+00
7.526224440902496760e+00
7.578625129968957097e+00
7.631182206555809699e+00
7.683896355482878526e+00
7.736768264552099872e+00
7.789798624566087071e+00
7.842988129336656122e+00
7.896337475699249708e+00
7.949847363528522948e+00
8.003518495748757289e+00
8.057351578354136734e+00
8.111347320419755036e+00
8.165506434115266998e+00
8.219829634715294375e+00
8.274317640616109415e+00
8.328971173356332969e+00
8.383790957618831641e+00
8.438777721252602504e+00
8.493932195282912545e+00
8.549255113924598248e+00
8.604747214599891336e+00
8.660409237949190597e+00
8.716240945089349879e+00
8.772227367732444492e+00
8.828343093969275301e+00
8.884577026753271767e+00
8.940929370989811886e+00
8.997400623871012471e+00
9.053991283688104019e+00
9.110701849833535704e+00
9.167532822814541404e+00
9.224484704249801936e+00
9.281557996874708394e+00
9.338753204541717423e+00
9.396070832226254055e+00
9.453511386037552811e+00
9.511075373210184480e+00
9.568763302116160219e+00
9.626575682264695288e+00
9.684513024300382966e+00
9.742575840018302458e+00
9.800764642361915691e+00
9.859079945421550306e+00
9.917522264439199375e+00
9.976092115814394035e+00
1.003479001710892859e+01
1.009361648704410186e+01
1.015257204550616166e+01
1.021165721354504008e+01
1.027087251338080875e+01
1.033021846840935609e+01
1.038969560320015262e+01
1.044930444349824228e+01
1.050904551622302918e+01
1.056891934947698886e+01
1.062892647254857970e+01
1.068906741590720522e+01
1.074934271120988072e+01
1.080975289130100947e+01
1.087029849021159222e+01
1.093098004316719951e+01
1.099179808658552560e+01
1.105275315807871195e+01
1.111384579645197235e+01
1.117507654170199949e+01
1.123644593502972278e+01
1.129795451883343027e+01
1.135960283670737070e+01
1.142139143344543761e+01
1.148332085503876243e+01
1.154539164868275414e+01
1.160760436277397467e+01
1.166995954691101289e+01
1.173245775188877893e+01
1.179509952970206221e+01
1.185788543355464242e+01
1.192081601784720668e+01
1.198389183817999815e+01
1.204711345135534906e+01
1.211048141537078315e+01
1.217399628942594880e+01
1.223765863392190312e+01
1.230146901045403673e+01
1.236542798181193525e+01
1.242953611197910213e+01
1.249379396613668369e+01
1.255820211065800329e+01
1.262276111310650606e+01
1.268747154223186691e+01
1.275233396797004914e+01
1.281734896144604008e+01
1.288251709496724828e+01
1.294783894202305063e+01
1.301331507727614500e+01
1.307894607656490038e+01
1.314473251690746025e+01
1.321067497648714273e+01
1.327677403465552786e+01
1.334303027193086599e+01
1.340944426998359873e+01
1.347601661164807751e+01
1.354274788091605863e+01
1.360963866292650337e+01
1.367668954395746361e+01
1.374390111143250159e+01
1.381127395391918000e+01
1.387880866111201250e+01
1.394650582383654758e+01
1.401436603404002668e+01
1.408238988478839104e+01
1.415057797026260644e+01
1.421893088575390074e+01
1.428744922765850056e+01
1.435613359346273121e+01
1.442498458174426545e+01
1.449400279217412901e+01
1.456318882550001881e+01
1.463254328354143219e+01
1.470206676918243360e+01
1.477175988636524195e+01
1.484162324008975631e+01
1.491165743640063646e+01
1.498186308238029163e+01
1.505224078613771788e+01
1.512279115680328978e+01
1.519351480453044978e+01
1.526441234047485374e+01
1.533548437678795295e+01
1.540673152661395662e+01
1.547815440407113741e+01
1.554975362425495078e+01
1.562152980322582607e+01
1.569348355799258599e+01
1.576561550650441923e+01
1.583792626764386036e+01
1.591041646122188347e+01
1.598308670795766950e+01
1.605593762947300007e+01
1.612896984827922964e+01
1.620218398776215452e+01
1.627558067218387094e+01
1.634916052666178388e+01
1.642292417715754382e+01
1.649687225045792616e+01
1.657100537417511177e+01
1.664532417673019538e+01
1.671982928733149620e+01
1.679452133597928665e+01
1.686940095342977486e+01
1.694446877120027040e+01
1.701972542154353008e+01
1.709517153743581375e+01
1.717080775257830538e+01
1.724663470134946053e+01
1.732265301881684039e+01
1.739886334071536567e+01
1.747526630342188625e+01
1.755186254396000933e+01
1.762865269995529616e+01
1.770563740964425037e+01
1.778281731184388548e+01
1.786019304593298074e+01
1.793776525185325355e+01
1.801553457005795877e+01
1.809350164152839113e+01
1.817166710773503979e+01
1.825003161061778911e+01
1.832859579258710525e+01
1.840736029647674243e+01
1.848632576554692974e+01
1.856549284344772843e+01
1.864486217420560266e+01
1.872443440221660182e+01
1.880421017219285318e+01
1.888419012916833140e+01
1.896437491847021306e+01
1.904476518568850807e+01
1.912536157666743719e+01
1.920616473746600761e+01
1.928717531435199106e+01
1.936839395376295059e+01
1.944982130229074002e+01
1.953145800666370135e+01
1.961330471369712569e+01
1.969536207029977248e+01
1.977763072342833439e+01
1.986011132005894808e+01
1.994280450718138198e+01
2.002571093174845274e+01
2.010883124066843664e+01
2.019216608075904418e+01
2.027571609873168157e+01
2.035948194117505494e+01
2.044346425449251115e+01
2.052766368490300763e+01
2.061208087839988323e+01
2.069671648071711445e+01
2.078157113731458949e+01
2.086664549332583718e+01
2.095194019354473269e+01
2.103745588238212605e+01
2.112319320383584298e+01
2.120915280147739779e+01
2.129533531838062288e+01
2.138174139711963662e+01
2.146837167972963201e+01
2.155522680765495735e+01
2.164230742174173017e+01
2.172961416218538133e+01
2.181714766849033182e+01
2.190490857943943226e+01
2.199289753306986839e+01
2.208111516662334495e+01
2.216956211650881414e+01
2.225823901826409923e+01
2.234714650651381262e+01
2.243628521494526495e+01
2.252565577625778559e+01
2.261525882212963623e+01
2.270509498316101826e+01
2.279516488883721337e+01
2.288546916751596427e+01
2.297600844635720563e+01
2.306678335128101409e+01
2.315779450693102959e+01
2.324904253662692000e+01
2.334052806233300359e+01
2.343225170460141626e+01
2.352421408253302459e+01
2.361641581372349208e+01
2.370885751421122478e+01
2.380153979846387458e+01
2.389446327930658853e+01
2.398762856786613185e+01
2.408103627353670717e+01
2.417468700392410597e+01
2.426858136480728234e+01
2.436271996008314034e+01
2.445710339171243319e+01
2.455173225966629147e+01
2.464660716187056266e+01
2.474172869418046972e+01
2.483709745030975569e+01
2.493271402176340246e+01
2.502857899780484985e+01
2.512469296539090635e+01
2.522105650912624597e+01
2.531767021120057493e+01
2.541453465134206269e+01
2.551165040674201734e+01
2.560901805199952008e+01
2.570663815909773220e+01
2.580451129731537563e+01
2.590263803316701186e+01
2.600101893034666745e+01
2.609965454967235843e+01
2.619854544903716231e+01
2.629769218332602776e+01
2.639709530436862295e+01
2.649675536086639482e+01
2.659667289832729153e+01
2.669684845903301351e+01
2.679728258193940249e+01
2.689797580262915488e+01
2.699892865323573332e+01
2.710014166238232747e+01
2.720161535512784923e+01
2.730335025288443518e+01
2.740534687336663922e+01
2.750760573049432622e+01
2.761012733433563326e+01
2.771291219106598902e+01
2.781596080287806672e+01
2.791927366789454368e+01
2.802285128010824522e+01
2.812669412932506319e+01
2.823080270107992717e+01
2.833517747656667396e+01
2.843981893256513871e+01
2.854472754136207513e+01
2.864990377067379512e+01
2.875534808358658623e+01
2.886106093848099619e+01
2.896704278894157625e+01
2.907329408367848700e+01
2.917981526645739265e+01
2.928660677603532392e+01
2.939366904606660214e+01
2.950100250502804045e+01
2.960860757613339445e+01
2.971648467725256637e+01
2.982463422085146831e+01
2.993305661389958772e+01
3.004175225778000780e+01
3.015072154821058348e+01
3.025996487516486511e+01
3.036948262279159394e+01
3.047927516933301462e+01
3.058934288704057991e+01
3.069968614207253310e+01
3.081030529442223198e+01
3.092120069784915160e+01
3.103237269977279666e+01
3.114382164118447349e+01
3.125554785656905210e+01
3.136755167381283016e+01
3.147983341412345126e+01
3.159239339193946350e+01
3.170523191483666636e+01
3.181834928343503321e+01
3.193174579131038726e+01
3.204542172492696750e+01
3.215937736353188825e+01
3.227361297904621296e+01
3.238812883599278791e+01
3.250292519140320024e+01
3.261800229472761004e+01
3.273336038774545642e+01
3.284899970446488737e+01
3.296492047102331924e+01
3.308112290559739677e+01
3.319760721833399941e+01
3.331437361123925456e+01
3.343142227807109634e+01
3.354875340425272157e+01
3.366636716678382157e+01
3.378426373415098283e+01
3.390244326622465820e+01
3.402090591417002230e+01
3.413965182032961110e+01
3.425868111813593231e+01
3.437799393204507936e+01
3.449759037742065004e+01
3.461747056042473503e+01
3.473763457792232856e+01
3.485808251739828023e+01
3.497881445686313384e+01
3.509983046474538071e+01
3.522113059980860328e+01
3.534271491102881413e+01
3.546458343749885245e+01
3.558673620836908214e+01
3.570917324272863169e+01
3.583189454949302899e+01
3.595490012730776641e+01
3.607818996447125670e+01
3.620176403883529304e+01
3.632562231769544780e+01
3.644976475770419455e+01
3.657419130475781088e+01
3.669890189390083179e+01
3.682389644926257688e+01
3.694917488393610228e+01
3.707473709987163346e+01
3.720058298778600658e+01
3.732671242706768311e+01
3.745312528570060095e+01
3.757982142014959237e+01
3.770680067526492962e+01
3.783406288418559171e+01
3.796160786824014366e+01
3.808943543687585276e+01
3.821754538755420327e+01
3.834593750564393133e+01
3.847461156433305263e+01
3.860356732453230677e+01
3.873280453479947028e+01
3.886232293124562176e+01
3.899212223743290906e+01
3.912220216426955943e+01
3.925256240993182644e+01
3.938320265980640755e+01
3.951412258635967589e+01
3.964532184905372958e+01
3.977680009427541563e+01
3.990855695523559632e+01
4.004059205188122661e+01
4.017290499082180588e+01
4.030549536524605259e+01
4.043836275482281195e+01
4.057150672559535565e+01
4.070492682995755018e+01
4.083862260654712628e+01
4.097259358013290154e+01
4.110683926156735168e+01
4.124135914769317424e+01
4.137615272128265786e+01
4.151121945093946408e+01
4.164655879104232383e+01
4.178217018165305774e+01
4.191805304842038282e+01
4.205420680256164445e+01
4.219063084078069181e+01
4.232732454514665221e+01
4.246428728305012612e+01
4.260151840716325466e+01
4.273901725534341978e+01
4.287678315056015776e+01
4.301481540087947053e+01
4.315311329932484341e+01
4.329167612385743524e+01
4.343050313732756962e+01
4.356959358740595434e+01
4.370894670651572511e+01
4.384856171175081840e+01
4.398843780488404320e+01
4.412857417226152990e+01
4.426896998477383960e+01
4.440962439782222759e+01
4.455053655121204059e+01
4.469170556914463077e+01
4.483313056018435816e+01
4.497481061720650786e+01
4.511674481733341935e+01
4.525893222190157417e+01
4.540137187644370442e+01
4.554406281062514950e+01
4.568700403823577005e+01
4.583019455714202905e+01
4.597363334924348521e+01
4.611731938046370516e+01
4.626125160070312603e+01
4.626125160070312603e+01
