-6.329942265100150678e+00,-5.952415712253509739e+00
-6.360730279922472974e+00,-5.983203727075832035e+00
-6.389712929686266918e+00,-6.013412899622871066e+00
-6.418431353574789888e+00,-6.043361997136096342e+00
-6.446886400658908833e+00,-6.073051869320338803e+00
-6.475078920418118500e+00,-6.102483366031409062e+00
-6.503009762742343547e+00,-6.131657337273693109e+00
-6.530679777933189101e+00,-6.160574633197583694e+00
-6.558089816705752639e+00,-6.189236104096934810e+00
-6.585240730189991787e+00,-6.217642600406382947e+00
-6.612133369932110760e+00,-6.245794972698548442e+00
-6.638768587896090700e+00,-6.273694071681235052e+00
-6.665147236464671998e+00,-6.301340748194419028e+00
-6.691270168440915711e+00,-6.328735853207282602e+00
-6.717138237049254279e+00,-6.355880237815061840e+00
-6.742752295936580431e+00,-6.382774753235827880e+00
-6.768113199173482641e+00,-6.409420250807212227e+00
-6.793221801254929026e+00,-6.435817581982948177e+00
-6.818078957101478821e+00,-6.461967598329422913e+00
-6.842685522060055980e+00,-6.487871151522075941e+00
-6.867042351904668607e+00,-6.513529093341672294e+00
-6.891150302837283803e+00,-6.538942275670565962e+00
-6.915010231488218473e+00,-6.564111550488747504e+00
-6.938622994916985753e+00,-6.589037769869896977e+00
-6.961989450612604102e+00,-6.613721785977263679e+00
-6.985110456494069808e+00,-6.638164451059481053e+00
-7.007986870910830390e+00,-6.662366617446270567e+00
-7.030619552642700221e+00,-6.686329137543991941e+00
-7.053009360900357017e+00,-6.710052863831168501e+00
-7.075157155325323188e+00,-6.733538648853860664e+00
-7.097063795989884127e+00,-6.756787345220898189e+00
-7.118730143397222321e+00,-6.779799805599104445e+00
-7.140157058480888885e+00,-6.802576882708252448e+00
-7.161345402604864852e+00,-6.825119429316084840e+00
-7.182296037563068225e+00,-6.847428298233095845e+00
-7.203009825578847725e+00,-6.869504342307243050e+00
-7.223487629304628399e+00,-6.891348414418573043e+00
-7.243730311820923085e+00,-6.912961367473642760e+00
-7.263738736635917626e+00,-6.934344054399949719e+00
-7.283513767684457463e+00,-6.955497328140140212e+00
-7.303056269327083072e+00,-6.976422041646145544e+00
-7.322367106349137345e+00,-6.997119047873219699e+00
-7.341447143959270782e+00,-7.017589199773786923e+00
-7.360297247788532893e+00,-7.037833350291264445e+00
-7.378918283888774354e+00,-7.057852352353679137e+00
-7.397311118731161983e+00,-7.077647058867215790e+00
-7.415476619204760311e+00,-7.097218322709647254e+00
-7.433415652614482561e+00,-7.116566996723578065e+00
-7.451129086679549651e+00,-7.135693933709648995e+00
-7.468617789531416307e+00,-7.154599986419585278e+00
-7.485882629711648306e+00,-7.173286007549082299e+00
-7.502924476169892998e+00,-7.191752849730638886e+00
-7.519744198261308021e+00,-7.210001365526207628e+00
-7.536342665744350633e+00,-7.228032407419761718e+00
-7.552720748778105175e+00,-7.245846827809709012e+00
-7.568879317919586569e+00,-7.263445479001193306e+00
-7.584819244121023374e+00,-7.280829213198282801e+00
-7.600541398726668341e+00,-7.297998882495995154e+00
-7.616046653469971339e+00,-7.314955338872251467e+00
-7.631335880470231814e+00,-7.331699434179672181e+00
-7.646409952229236140e+00,-7.348232020137229981e+00
-7.661269741627945606e+00,-7.364553948321853838e+00
-7.675916121922548463e+00,-7.380666070159795034e+00
-7.690349966740986254e+00,-7.396569236917970080e+00
-7.704572150078950799e+00,-7.412264299695143777e+00
-7.718583546295844755e+00,-7.427752109412983472e+00
-7.732385030110668467e+00,-7.443033516806968564e+00
-7.745977476597485811e+00,-7.458109372417237815e+00
-7.759361761181234662e+00,-7.472980526579266147e+00
-7.772538759632926286e+00,-7.487647829414434852e+00
-7.785509348064953983e+00,-7.502112130820494329e+00
-7.798274402926271165e+00,-7.516374280461874946e+00
-7.810834800997070282e+00,-7.530435127759914415e+00
-7.823191419383896950e+00,-7.544295521882959044e+00
-7.835345135514147685e+00,-7.557956311736331756e+00
-7.847296827130515240e+00,-7.571418345952194429e+00
-7.859047372285553834e+00,-7.584682472879324067e+00
-7.870597649335576484e+00,-7.597749540572718452e+00
-7.881948536934959115e+00,-7.610620396783146724e+00
-7.893100914029901105e+00,-7.623295888946554300e+00
-7.904055659852200932e+00,-7.635776864173383416e+00
-7.914813653912938562e+00,-7.648064169237764887e+00
-7.925375775995676442e+00,-7.660158650566637029e+00
-7.935742906149948261e+00,-7.672061154228708268e+00
-7.945915924684403997e+00,-7.683772525923388663e+00
-7.955895712159565036e+00,-7.695293610969558884e+00
-7.965683149380879513e+00,-7.706625254294298344e+00
-7.975279117391257167e+00,-7.717768300421451677e+00
-7.984684497463594433e+00,-7.728723593460178343e+00
-7.993900171093282658e+00,-7.739491977093368114e+00
-8.002927019990082158e+00,-7.750074294565955313e+00
-8.011765926070518518e+00,-7.760471388673204629e+00
-8.020417771449618982e+00,-7.770684101748858374e+00
-8.028883438432629305e+00,-7.780713275653236671e+00
-8.037163809506768786e+00,-7.790559751761251484e+00
-8.045259767332435530e+00,-7.800224370950356700e+00
-8.053172194734690592e+00,-7.809707973588407626e+00
-8.060901974694395733e+00,-7.819011399521490269e+00
-8.068449990339058076e+00,-7.828135488061627179e+00
-8.075817124933909241e+00,-7.837081077974514365e+00
-8.083004261872371643e+00,-7.845849007467101899e+00
-8.090012284666777020e+00,-7.854440114175201160e+00
-8.096842076938724375e+00,-7.862855235150994382e+00
-8.103494522409352641e+00,-7.871095206850537984e+00
-8.109970504889581377e+00,-7.879160865121181523e+00
-8.116270908269873630e+00,-7.887053045189000855e+00
-8.122396616510306089e+00,-7.894772581646146037e+00
-8.128348513630211158e+00,-7.902320308438217644e+00
-8.134127483697756844e+00,-7.909697058851565821e+00
-8.139734410819503552e+00,-7.916903665500615084e+00
-8.145170179129511467e+00,-7.923940960315139392e+00
-8.150435672778794327e+00,-7.930809774527574518e+00
-8.155531775924266924e+00,-7.937510938660261139e+00
-8.160459372717717486e+00,-7.944045282512761652e+00
-8.165219347294723207e+00,-7.950413635149103264e+00
-8.169812583763187419e+00,-7.956616824885136552e+00
-8.174239966192176965e+00,-7.962655679275799869e+00
-8.178502378600281730e+00,-7.968531025102481458e+00
-8.182600704944032799e+00,-7.974243688360382443e+00
-8.186535829106265538e+00,-7.979794494245907366e+00
-8.190308634884150507e+00,-7.985184267144131098e+00
-8.193920005977444632e+00,-7.990413830616260427e+00
-8.197370825976406650e+00,-7.995484007387173797e+00
-8.200661978349707226e+00,-8.000395619333030339e+00
-8.203794346432346174e+00,-8.005149487468916192e+00
-8.206768813413191310e+00,-8.009746431936584088e+00
-8.209586262322860151e+00,-8.014187271992264883e+00
-8.212247576021155737e+00,-8.018472825994521713e+00
-8.214753637184660562e+00,-8.022603911392298670e+00
-8.217105328294220357e+00,-8.026581344712916177e+00
-8.219303531622170311e+00,-8.030405941550327498e+00
-8.221349129219889917e+00,-8.034078516553355698e+00
-8.223243002904929710e+00,-8.037599883414131341e+00
-8.224986034248324529e+00,-8.040970854856617223e+00
-8.226579104561810851e+00,-8.044192242625268108e+00
-8.228023094884846955e+00,-8.047264857473841460e+00
-8.229318885971943942e+00,-8.050189509154344947e+00
-8.230467358279597079e+00,-8.052967006406142048e+00
-8.231469391953460502e+00,-8.055598156945215749e+00
-8.232325866815447313e+00,-8.058083767453592117e+00
-8.233037662350628949e+00,-8.060424643568968150e+00
-8.233605657694456070e+00,-8.062621589874483519e+00
-8.234030731619732535e+00,-8.064675409888714341e+00
-8.234313762523690627e+00,-8.066586906055860595e+00
-8.234455628415101813e+00,-8.068356879736118259e+00
-8.234457206901286241e+00,-8.069986131196305479e+00
-8.234319375175347844e+00,-8.071475459600664593e+00
-8.234043010003222918e+00,-8.072825663001939489e+00
-8.233628987710936542e+00,-8.074037538332660802e+00
-8.233078184171905178e+00,-8.075111881396662028e+00
-8.232391474794024333e+00,-8.076049486860913618e+00
-8.231569734507184322e+00,-8.076851148247564893e+00
-8.230613837750713202e+00,-8.077517657926239991e+00
-8.229524658460675823e+00,-8.078049807106680191e+00
-8.228303070057588542e+00,-8.078448385831610068e+00
-8.226949945434022027e+00,-8.078714182969910951e+00
-8.225466156942333740e+00,-8.078847986210130117e+00
-8.223852576382540747e+00,-8.078850582054236895e+00
-8.222110074990126805e+00,-8.078722755811760692e+00
-8.220239523424307748e+00,-8.078465291594216779e+00
-8.218241791756064174e+00,-8.078078972309846506e+00
-8.216117749456410380e+00,-8.077564579658764288e+00
-8.213868265384981271e+00,-8.076922894128365726e+00
-8.211494207778446963e+00,-8.076154694989188698e+00
-8.208996444239339496e+00,-8.075260760291023132e+00
-8.206375841724899090e+00,-8.074241866859509287e+00
-8.203633266536057178e+00,-8.073098790293029126e+00
-8.200769584306801363e+00,-8.071832304960015136e+00
-8.197785659993378715e+00,-8.070443183996651726e+00
-8.194682357863982247e+00,-8.068932199304960307e+00
-8.191460541488456926e+00,-8.067300121551330250e+00
-8.188121073728291677e+00,-8.065547720165421097e+00
-8.184664816726822778e+00,-8.063675763339482216e+00
-8.181092631899467449e+00,-8.061685018028143190e+00
-8.177405379924472584e+00,-8.059576249948612769e+00
-8.173603920733686579e+00,-8.057350223581305926e+00
-8.169689113503567413e+00,-8.055007702170906114e+00
-8.165661816646554882e+00,-8.052549447727962217e+00
-8.161522887802533432e+00,-8.049976221030831880e+00
-8.157273183830710650e+00,-8.047288781628154197e+00
-8.152913560801607673e+00,-8.044487887841789586e+00
-8.148444873989395987e+00,-8.041574296770212626e+00
-8.143867977864559293e+00,-8.038548764292393400e+00
-8.139183726086663739e+00,-8.035412045072170883e+00
-8.134392971497568681e+00,-8.032164892563130820e+00
-8.129496566114923439e+00,-8.028808059013940124e+00
-8.124495361125861237e+00,-8.025342295474183985e+00
-8.119390206881114125e+00,-8.021768351800773189e+00
-8.114181952889278904e+00,-8.018086976664758225e+00
-8.108871447811615951e+00,-8.014298917558747348e+00
-8.103459539457009697e+00,-8.010404920804770512e+00
-8.097947074777293253e+00,-8.006405731562706407e+00
-8.092334899862937192e+00,-8.002302093839187336e+00
-8.086623859939006564e+00,-7.998094750497084959e+00
-8.080814799361561995e+00,-7.993784443265489870e+00
-8.074908561614353886e+00,-7.989371912750190319e+00
-8.068905989305777737e+00,-7.984857898444738922e+00
-8.062807924166424556e+00,-7.980243138742014963e+00
-8.056615207046693428e+00,-7.975528370946353363e+00
-8.050328677915032927e+00,-7.970714331286160359e+00
-8.043949175856386802e+00,-7.965801754927088751e+00
-8.037477539071039345e+00,-7.960791375985783347e+00
-8.030914604873931495e+00,-7.955683927544090039e+00
-8.024261209694209640e+00,-7.950480141663881284e+00
-8.017518189075286017e+00,-7.945180749402357634e+00
-8.010686377675202863e+00,-7.939786480827901727e+00
-8.003766609267410459e+00,-7.934298065036495373e+00
-7.996759716741969726e+00,-7.928716230168603829e+00
-7.989666532107051466e+00,-7.923041703426676463e+00
-7.982487886490940099e+00,-7.917275211093109277e+00
-7.975224610144366011e+00,-7.911417478548756321e+00
-7.967877532443258914e+00,-7.905469230291990002e+00
-7.960447481891904431e+00,-7.899431189958207256e+00
-7.952935286126425751e+00,-7.893304080339973439e+00
-7.945341771918819518e+00,-7.887088623407564114e+00
-7.937667765181224411e+00,-7.880785540330073502e+00
-7.929914090970685336e+00,-7.874395551497046952e+00
-7.922081573494324402e+00,-7.867919376540534415e+00
-7.914171036114826308e+00,-7.861357734357770966e+00
-7.906183301356414006e+00,-7.854711343134184176e+00
-7.898119190911177867e+00,-7.847980920367039204e+00
-7.889979525645793856e+00,-7.841167182889458687e+00
-7.881765125608676925e+00,-7.834270846894963114e+00
-7.873476810037448814e+00,-7.827292627962467719e+00
-7.865115397366899685e+00,-7.820233241081723463e+00
-7.856681705237228641e+00,-7.813093400679221645e+00
-7.848176550502758531e+00,-7.805873820644565697e+00
-7.839600749240993594e+00,-7.798575214357192920e+00
-7.830955116762023493e+00,-7.791198294713648664e+00
-7.822240467618374993e+00,-7.783743774155151840e+00
-7.813457615615149621e+00,-7.776212364695652468e+00
-7.804607373820617866e+00,-7.768604777950267604e+00
-7.795690554577099363e+00,-7.760921725164081408e+00
-7.786707969512224992e+00,-7.753163917241341352e+00
-7.777660429550547150e+00,-7.745332064775031000e+00
-7.768548744925535487e+00,-7.737426878076792747e+00
-7.759373725191840876e+00,-7.729449067207182722e+00
-7.750136179237951950e+00,-7.721399342006261435e+00
-7.740836915299141197e+00,-7.713278412124559225e+00
-7.731476740970766315e+00,-7.705086987054269088e+00
-7.722056463221857570e+00,-7.696825776160782340e+00
-7.712576888409037323e+00,-7.688495488714542248e+00
-7.703038822290707799e+00,-7.680096833923080624e+00
-7.693443070041549703e+00,-7.671630520963400812e+00
-7.683790436267322832e+00,-7.663097259014584495e+00
-7.674081725019917144e+00,-7.654497757290606330e+00
-7.664317739812654295e+00,-7.645832725073349323e+00
-7.654499283635917806e+00,-7.637102871745927501e+00
-7.644627158972948422e+00,-7.628308906826074320e+00
-7.634702167815941465e+00,-7.619451539999754885e+00
-7.624725111682337797e+00,-7.610531481154993116e+00
-7.614696791631383022e+00,-7.601549440415746872e+00
-7.604618008280834118e+00,-7.592506128175994462e+00
-7.594489561823937862e+00,-7.583402255133879777e+00
-7.584312252046533587e+00,-7.574238532325995976e+00
-7.574086878344409968e+00,-7.565015671161738453e+00
-7.563814239740759504e+00,-7.555734383457705761e+00
-7.553495134903851493e+00,-7.546395381472198238e+00
-7.543130362164816916e+00,-7.536999377939700651e+00
-7.532720719535607401e+00,-7.527547086105411012e+00
-7.522267004727030582e+00,-7.518039219759788949e+00
-7.511770015166968406e+00,-7.508476493273045449e+00
-7.501230548018622102e+00,-7.498859621629630823e+00
-7.490649400198918784e+00,-7.489189320462671162e+00
-7.480027368396960696e+00,-7.479466306088355054e+00
-7.469365249092554393e+00,-7.469691295540194176e+00
-7.458663838574787874e+00,-7.459865006603232374e+00
-7.447923932960669902e+00,-7.449988157848125070e+00
-7.437146328213785296e+00,-7.440061468665064126e+00
-7.426331820162989317e+00,-7.430085659297613887e+00
-7.415481204521071845e+00,-7.420061450876268339e+00
-7.404595276903471301e+00,-7.409989565451972737e+00
-7.393674832846933498e+00,-7.399870726029320167e+00
-7.382720667828138517e+00,-7.389705656599588224e+00
-7.371733577282324035e+00,-7.379495082173551879e+00
-7.360714356621819832e+00,-7.369239728813994361e+00
-7.349663801254511242e+00,-7.358940323668004879e+00
-7.338582706602256422e+00,-7.348597594998953042e+00
-7.327471868119200593e+00,-7.338212272218196830e+00
-7.316332081309955271e+00,-7.327785085916421082e+00
-7.305164141747702899e+00,-7.317316767894716634e+00
-7.293968845092152264e+00,-7.306808051195211817e+00
-7.282746987107358905e+00,-7.296259670131441055e+00
-7.271499363679385652e+00,-7.285672360318248053e+00
-7.260226770833821064e+00,-7.275046858701340824e+00
-7.248930004753063372e+00,-7.264383903586399072e+00
-7.237609861793501409e+00,-7.253684234667787223e+00
-7.226267138502414866e+00,-7.242948593056780737e+00
-7.214902631634711128e+00,-7.232177721309358986e+00
-7.203517138169424072e+00,-7.221372363453546939e+00
-7.192111455325946423e+00,-7.210533265016184856e+00
-7.180686380580091566e+00,-7.199661173049285878e+00
-7.169242711679817859e+00,-7.188756836155842933e+00
-7.157781246660714913e+00,-7.177821004515049452e+00
-7.146302783861241181e+00,-7.166854429907079549e+00
-7.134808121937599168e+00,-7.155857865737207391e+00
-7.123298059878390376e+00,-7.144832067059422087e+00
-7.111773397018914977e+00,-7.133777790599438617e+00
-7.100234933055133979e+00,-7.122695794777079925e+00
-7.088683468057357828e+00,-7.111586839728094134e+00
-7.077119802483551325e+00,-7.100451687325332273e+00
-7.065544737192290370e+00,-7.089291101199300726e+00
-7.053959073455388307e+00,-7.078105846758049324e+00
-7.042363612970131470e+00,-7.066896691206412839e+00
-7.030759157871155907e+00,-7.055664403564609444e+00
-7.019146510741911982e+00,-7.044409754686149938e+00
-7.007526474625777269e+00,-7.033133517275025781e+00
-6.995899853036757321e+00,-7.021836465902293156e+00
-6.984267449969749464e+00,-7.010519377021843468e+00
-6.972630069910447759e+00,-6.999183028985545008e+00
-6.960988517844779011e+00,-6.987828202057631444e+00
-6.949343599267930216e+00,-6.976455678428369112e+00
-6.937696120192967442e+00,-6.965066242227003102e+00
-6.926046887158992860e+00,-6.953660679533907540e+00
-6.914396707238832818e+00,-6.942239778392082172e+00
-6.902746388046328008e+00,-6.930804328817796289e+00
-6.891096737743154677e+00,-6.919355122810550540e+00
-6.879448565045166220e+00,-6.907892954362232274e+00
-6.867802679228304896e+00,-6.896418619465514155e+00
-6.856159890133998402e+00,-6.884932916121460522e+00
-6.844521008174162091e+00,-6.873436644346412550e+00
-6.832886844335643417e+00,-6.861930606178002989e+00
-6.821258210184293347e+00,-6.850415605680492348e+00
-6.809635917868437360e+00,-6.838892448949227543e+00
-6.798020780121984075e+00,-6.827361944114361592e+00
-6.786413610266976093e+00,-6.815824901343781050e+00
-6.774815222215693211e+00,-6.804282132845216324e+00
-6.763226430472265349e+00,-6.792734452867613015e+00
-6.751648050133802315e+00,-6.781182677701636408e+00
-6.740080896891036843e+00,-6.769627625679454752e+00
-6.728525787028498684e+00,-6.758070117173705427e+00
-6.716983537424177086e+00,-6.746510974595643972e+00
-6.705454965548739210e+00,-6.734951022392586140e+00
-6.693940889464226274e+00,-6.723391087044429781e+00
-6.682442127822330491e+00,-6.711831997059558574e+00
-6.670959499862100017e+00,-6.700274582969825587e+00
-6.659493825407306389e+00,-6.688719677324858282e+00
-6.648045924863176026e+00,-6.677168114685507305e+00
-6.636616619212816204e+00,-6.665620731616613170e+00
-6.625206730013044165e+00,-6.654078366678927381e+00
-6.613817079389836096e+00,-6.642541860420333677e+00
-6.602448490033292927e+00,-6.631012055366316105e+00
-6.591101785192119422e+00,-6.619489796009599303e+00
-6.579777788667758642e+00,-6.607975928799195486e+00
-6.568477324807926010e+00,-6.596471302128545489e+00
-6.557201218499873363e+00,-6.584976766323098474e+00
-6.545950295163056154e+00,-6.573493173627031894e+00
-6.534725380741534195e+00,-6.562021378189363929e+00
-6.523527301695846603e+00,-6.550562236049305653e+00
-6.512356884994492390e+00,-6.539116605120948833e+00
-6.501214958105034469e+00,-6.527685345177250298e+00
-6.490102348984787994e+00,-6.516269317833366159e+00
-6.479019886071075263e+00,-6.504869386529282593e+00
-6.467968398271199959e+00,-6.493486416511817794e+00
-6.456948714951948887e+00,-6.482121274816009304e+00
-6.445961665928738427e+00,-6.470774830245790810e+00
-6.435008081454473228e+00,-6.459447953354132466e+00
-6.424088792207950149e+00,-6.448141516422499109e+00
-6.413204629282041935e+00,-6.436856393439775559e+00
-6.402356424171383509e+00,-6.425593460080531116e+00
-6.391545008759941027e+00,-6.414353593682797339e+00
-6.380771215308069344e+00,-6.403137673225192117e+00
-6.370035876439434475e+00,-6.391946579303603215e+00
-6.359339825127477752e+00,-6.380781194107207455e+00
-6.348683894681766304e+00,-6.369642401394091991e+00
-6.338068918733949175e+00,-6.358531086466303606e+00
-6.327495731223443443e+00,-6.347448136144372199e+00
-6.316965166382995989e+00,-6.336394438741461244e+00
-6.306478058723890001e+00,-6.325370884036964014e+00
-6.296035243020920547e+00,-6.314378363249669945e+00
-6.285637554297213825e+00,-6.303417769010490446e+00
-6.275285827808801287e+00,-6.292489995334797470e+00
-6.264980899029009009e+00,-6.281595937594342871e+00
-6.254723603632630358e+00,-6.270736492488740765e+00
-6.244514777479984957e+00,-6.259912558016658579e+00
-6.234355256600739636e+00,-6.249125033446549793e+00
-6.224245877177672526e+00,-6.238374819287173523e+00
-6.214187475530152938e+00,-6.227662817257630934e+00
-6.204180888097706514e+00,-6.216989930257231123e+00
-6.194226951423221550e+00,-6.206357062334955543e+00
-6.184326502136237025e+00,-6.195765118658698611e+00
-6.174480376936081427e+00,-6.185215005484273831e+00
-6.164689412574862359e+00,-6.174707630124071756e+00
-6.154954445840505883e+00,-6.164243900915575836e+00
-6.145276313539639546e+00,-6.153824727189629584e+00
-6.135655852480489614e+00,-6.143451019238518995e+00
-6.126093899455707259e+00,-6.133123688283848907e+00
-6.116591291225191185e+00,-6.122843646444259491e+00
-6.107148864498917362e+00,-6.112611806703043271e+00
-6.097767455919708368e+00,-6.102429082875516997e+00
-6.088447902046077331e+00,-6.092296389576411286e+00
-6.079191039335107405e+00,-6.082214642187061315e+00
-6.069997704125238869e+00,-6.072184756822519347e+00
-6.060868732619287158e+00,-6.062207650298670814e+00
-6.051804960867375627e+00,-6.052284240099208290e+00
-6.042807224750017525e+00,-6.042415444342640996e+00
-6.033876359961183766e+00,-6.032602181749204817e+00
-6.025013201991601619e+00,-6.022845371607846943e+00
-6.016218586112003663e+00,-6.013145933743160754e+00
-6.007493322884005948e+00,-6.003504812204145225e+00
-5.998837258884446300e+00,-5.993923854108690108e+00
-5.990248547618183039e+00,-5.984405561647644589e+00
-5.981725589074017080e+00,-5.974950931557273748e+00
-5.973267981793849657e+00,-5.965559714879500319e+00
-5.964875407311133415e+00,-5.956231582982574935e+00
-5.956547547262804443e+00,-5.946966207328426179e+00
-5.948284083389967947e+00,-5.937763259472976785e+00
-5.940084697538676295e+00,-5.928622411066459819e+00
-5.931949071660689299e+00,-5.919543333853788170e+00
-5.923876887814156333e+00,-5.910525699674852973e+00
-5.915867828164447673e+00,-5.901569180464900199e+00
-5.907921574984900559e+00,-5.892673448254921453e+00
-5.900037810657558168e+00,-5.883838175171973717e+00
-5.892216217674018708e+00,-5.875063033439630544e+00
-5.884456478636092669e+00,-5.866347695378291149e+00
-5.876758276256751401e+00,-5.857691833405681336e+00
-5.869121293360795022e+00,-5.849095120037187456e+00
-5.861545212885715728e+00,-5.840557227886321812e+00
-5.854029717882511363e+00,-5.832077829665145430e+00
-5.846574491516459915e+00,-5.823656598184701494e+00
-5.839179217067965055e+00,-5.815293206355477196e+00
-5.831843577933405243e+00,-5.806987327187869141e+00
-5.824567257625922423e+00,-5.798738633792638097e+00
-5.817349939776320866e+00,-5.790546799381395715e+00
-5.810191308133834553e+00,-5.782411497267094802e+00
-5.803091046567086408e+00,-5.774332400864562231e+00
-5.796048839064852132e+00,-5.766309183690928819e+00
-5.789064369736987459e+00,-5.758341519366229733e+00
-5.782137322815291469e+00,-5.750429081613884108e+00
-5.775267382654366344e+00,-5.742571544261256378e+00
-5.768454233732537517e+00,-5.734768581240192731e+00
-5.761697560652741856e+00,-5.727019866587582442e+00
-5.754997048143415839e+00,-5.719325074445919199e+00
-5.748352381059415706e+00,-5.711683879063873093e+00
-5.741763244382934062e+00,-5.704095954796894574e+00
-5.735229323224427134e+00,-5.696560976107807761e+00
-5.728750302823556240e+00,-5.689078617567389529e+00
-5.722325868550097283e+00,-5.681648553855023209e+00
-5.715955705904917750e+00,-5.674270459759267027e+00
-5.709639500520914623e+00,-5.666944010178561086e+00
-5.703376938163991383e+00,-5.659668880121834889e+00
-5.697167704733985261e+00,-5.652444744709114843e+00
-5.691011486265704633e+00,-5.645271279172288104e+00
-5.684907968929898914e+00,-5.638148158855692316e+00
-5.678856839034182258e+00,-5.631075059216826162e+00
-5.672857783024120693e+00,-5.624051655827052798e+00
-5.666910487484202008e+00,-5.617077624372299738e+00
-5.661014639138844728e+00,-5.610152640653769396e+00
-5.655169924853453267e+00,-5.603276380588638972e+00
-5.649376031635398476e+00,-5.596448520210827837e+00
-5.643632646635090566e+00,-5.589668735671715183e+00
-5.637939457147048472e+00,-5.582936703240925169e+00
-5.632296150610880403e+00,-5.576252099307065890e+00
-5.626702414612445580e+00,-5.569614600378478997e+00
-5.621157936884827677e+00,-5.563023883084085242e+00
-5.615662405309500116e+00,-5.556479624174109233e+00
-5.610215507917367006e+00,-5.549981500520964062e+00
-5.604816932889850278e+00,-5.543529189119968947e+00
-5.599466368560072738e+00,-5.537122367090262287e+00
-5.594163503413838612e+00,-5.530760711675569041e+00
-5.588908026090898318e+00,-5.524443900245110228e+00
-5.583699625385975196e+00,-5.518171610294388074e+00
-5.578537990249937906e+00,-5.511943519446116824e+00
-5.573422809791011900e+00,-5.505759305451050523e+00
-5.568353773275852348e+00,-5.499618646188928039e+00
-5.563330570130702313e+00,-5.493521219669275979e+00
-5.558352889942675290e+00,-5.487466704032449627e+00
-5.553420422460821015e+00,-5.481454777550428759e+00
-5.548532857597400891e+00,-5.475485118627823056e+00
-5.543689885429024855e+00,-5.469557405802781602e+00
-5.538891196197972988e+00,-5.463671317747987644e+00
-5.534136480313271989e+00,-5.457826533271536107e+00
-5.529425428352002569e+00,-5.452022731318013626e+00
-5.524757731060596200e+00,-5.446259590969397379e+00
-5.520133079355971972e+00,-5.440536791446135112e+00
-5.515551164326865319e+00,-5.434854012108061738e+00
-5.511011677235096329e+00,-5.429210932455497129e+00
-5.506514309516813199e+00,-5.423607232130219558e+00
-5.502058752783824502e+00,-5.418042590916556378e+00
-5.497644698824871057e+00,-5.412516688742428528e+00
-5.493271839606926221e+00,-5.407029205680352391e+00
-5.488939867276556583e+00,-5.401579821948629956e+00
-5.484648474161186726e+00,-5.396168217912357790e+00
-5.480397352770523867e+00,-5.390794074084510612e+00
-5.476186195797801304e+00,-5.385457071127156325e+00
-5.472014696121256350e+00,-5.380156889852493407e+00
-5.467882546805405752e+00,-5.374893211223984224e+00
-5.463789441102452571e+00,-5.369665716357562957e+00
-5.459735072453703708e+00,-5.364474086522754703e+00
-5.455719134490934152e+00,-5.359318003143854980e+00
-5.451741321037857801e+00,-5.354197147801144752e+00
-5.447801326111452624e+00,-5.349111202232016637e+00
-5.443898843923495434e+00,-5.344059848332310736e+00
-5.440033568881936787e+00,-5.339042768157376884e+00
-5.436205195592400230e+00,-5.334059643923446004e+00
-5.432413418859617593e+00,-5.329110158008838027e+00
-5.428657933688946002e+00,-5.324193992955166266e+00
-5.424938435287774752e+00,-5.319310831468701650e+00
-5.421254619067163105e+00,-5.314460356421598419e+00
-5.417606180643190328e+00,-5.309642250853215728e+00
-5.413992815838604145e+00,-5.304856197971453469e+00
-5.410414220684302222e+00,-5.300101881154020589e+00
-5.406870091420874047e+00,-5.295378983949849072e+00
-5.403360124500181882e+00,-5.290687190080362257e+00
-5.399884016586909752e+00,-5.286026183440952764e+00
-5.396441464560147949e+00,-5.281395648102254370e+00
-5.393032165515002418e+00,-5.276795268311595066e+00
-5.389655816764172158e+00,-5.272224728494403934e+00
-5.386312115839601233e+00,-5.267683713255607358e+00
-5.383000760494049075e+00,-5.263171907381114067e+00
-5.379721448702817099e+00,-5.258688995839214897e+00
-5.376473878665336770e+00,-5.254234663782042958e+00
-5.373257748806818057e+00,-5.249808596547122619e+00
-5.370072757780015138e+00,-5.245410479658779934e+00
-5.366918604466810905e+00,-5.241039998829712943e+00
-5.363794987980035955e+00,-5.236696839962498018e+00
-5.360701607665070867e+00,-5.232380689151064246e+00
-5.357638163101622553e+00,-5.228091232682370304e+00
-5.354604354105511277e+00,-5.223828157037850417e+00
-5.351599880730333325e+00,-5.219591148895077026e+00
-5.348624443269301310e+00,-5.215379895129316878e+00
-5.345677742257009868e+00,-5.211194082815154616e+00
-5.342759478471169388e+00,-5.207033399228127024e+00
-5.339869352934549340e+00,-5.202897531846353729e+00
-5.337007066916584108e+00,-5.198786168352199866e+00
-5.334172321935426453e+00,-5.194698996633974275e+00
-5.331364819759677687e+00,-5.190635704787574412e+00
-5.328584262410242189e+00,-5.186595981118227172e+00
-5.325830352162292058e+00,-5.182579514142197752e+00
-5.323102791546979518e+00,-5.178585992588530473e+00
-5.320401283353525912e+00,-5.174615105400825144e+00
-5.317725530631072672e+00,-5.170666541738960120e+00
-5.315075236690542937e+00,-5.166739990980911301e+00
-5.312450105106655940e+00,-5.162835142724539139e+00
-5.309849839719895215e+00,-5.158951686789457369e+00
-5.307274144638391533e+00,-5.155089313218802261e+00
-5.304722724239987031e+00,-5.151247712281126212e+00
-5.302195283174228280e+00,-5.147426574472262928e+00
-5.299691526364355809e+00,-5.143625590517217461e+00
-5.297211159009385995e+00,-5.139844451372049150e+00
-5.294753886586022418e+00,-5.136082848225839825e+00
-5.292319414850801707e+00,-5.132340472502598061e+00
-5.289907449842267795e+00,-5.128617015863234485e+00
-5.287517697882876178e+00,-5.124912170207508666e+00
-5.285149865581189488e+00,-5.121225627676082581e+00
-5.282803659833994914e+00,-5.117557080652453294e+00
-5.280478787828343457e+00,-5.113906221765063265e+00
-5.278174957043873405e+00,-5.110272743889296976e+00
-5.275891875254828278e+00,-5.106656340149569928e+00
-5.273629250532330559e+00,-5.103056703921389214e+00
-5.271386791246420955e+00,-5.099473528833478042e+00
-5.269164206068396084e+00,-5.095906508769928678e+00
-5.266961203973053784e+00,-5.092355337872277232e+00
-5.264777494240895805e+00,-5.088819710541692132e+00
-5.262612786460280745e+00,-5.085299321441183906e+00
-5.260466790529825687e+00,-5.081793865497765239e+00
-5.258339216660637305e+00,-5.078303037904724704e+00
-5.256229775378628233e+00,-5.074826534123758393e+00
-5.254138177526861853e+00,-5.071364049887343128e+00
-5.252064134267818929e+00,-5.067915281200946254e+00
-5.250007357085785031e+00,-5.064479924345356210e+00
-5.247967557789181114e+00,-5.061057675878998907e+00
-5.245944448513043312e+00,-5.057648232640218566e+00
-5.243937741721303780e+00,-5.054251291749743302e+00
-5.241947150209341544e+00,-5.050866550612951755e+00
-5.239972387106178076e+00,-5.047493706922352885e+00
-5.238013165877177357e+00,-5.044132458659973395e+00
-5.236069200326390671e+00,-5.040782504099801997e+00
-5.234140204599043500e+00,-5.037443541810247893e+00
-5.232225893184093479e+00,-5.034115270656641883e+00
-5.230325980916632034e+00,-5.030797389803709052e+00
-5.228440182980406803e+00,-5.027489598718133834e+00
-5.226568214910564336e+00,-5.024191597171089541e+00
-5.224709792596037516e+00,-5.020903085240782104e+00
-5.222864632282210096e+00,-5.017623763315114616e+00
-5.221032450573410699e+00,-5.014353332094195537e+00
-5.219212964435563151e+00,-5.011091492593074292e+00
-5.217405891198957590e+00,-5.007837946144341856e+00
-5.215610948560765792e+00,-5.004592394400830813e+00
-5.213827854587727018e+00,-5.001354539338301208e+00
-5.212056327718791238e+00,-4.998124083258183248e+00
-5.210296086767833401e+00,-4.994900728790319988e+00
-5.208546850926531135e+00,-4.991684178895759771e+00
-5.206808339766908489e+00,-4.988474136869498921e+00
-5.205080273244142575e+00,-4.985270306343331015e+00
-5.203362371699370215e+00,-4.982072391288724589e+00
-5.201654355862324053e+00,-4.978880096019587143e+00
-5.199955946854409206e+00,-4.975693125195270738e+00
-5.198266866191339375e+00,-4.972511183823407066e+00
-5.196586835786042968e+00,-4.969333977262856195e+00
-5.194915577951384478e+00,-4.966161211226683747e+00
-5.193252815403148759e+00,-4.962992591785130969e+00
-5.191598271263089259e+00,-4.959827825368620324e+00
-5.189951669061521500e+00,-4.956666618770817934e+00
-5.188312732740492095e+00,-4.953508679151632066e+00
-5.186681186656592502e+00,-4.950353714040353736e+00
-5.185056755583936194e+00,-4.947201431338733357e+00
-5.183439164717235315e+00,-4.944051539324114231e+00
-5.181828139674756528e+00,-4.940903746652587358e+00
-5.180223379941480744e+00,-4.937757762929166461e+00
-5.178624189346230366e+00,-4.934613308642589402e+00
-5.177029636941639978e+00,-4.931470157473356153e+00
-5.175439215465196696e+00,-4.928328111437387804e+00
-5.173852724274908610e+00,-4.925186967231226731e+00
-5.172269970854884491e+00,-4.922046521641064487e+00
-5.170690762922774297e+00,-4.918906571686932239e+00
-5.169114908430884725e+00,-4.915766914623944217e+00
-5.167542215567507924e+00,-4.912627347943654854e+00
-5.165972492757845203e+00,-4.909487669375323549e+00
-5.164405548665214951e+00,-4.906347676887264697e+00
-5.162841192191990558e+00,-4.903207168688140882e+00
-5.161279232480879386e+00,-4.900065943228327114e+00
-5.159719478916173330e+00,-4.896923799201260863e+00
-5.158161741124573041e+00,-4.893780535544706822e+00
-5.156605828976601913e+00,-4.890635951442213525e+00
-5.155051552587522679e+00,-4.887489846324413634e+00
-5.153498722318438752e+00,-4.884342019870366869e+00
-5.151947148777729524e+00,-4.881192272009037936e+00
-5.150396642822009596e+00,-4.878040402920554186e+00
-5.148847015557159068e+00,-4.874886213037662230e+00
-5.147298078339538563e+00,-4.871729503047113496e+00
-5.145749642777175836e+00,-4.868570073891063998e+00
-5.144201520730966593e+00,-4.865407726768445684e+00
-5.142653524315718983e+00,-4.862242263136465681e+00
-5.141105465901283367e+00,-4.859073484711906588e+00
-5.139557158113689184e+00,-4.855901193472689670e+00
-5.138008413836331556e+00,-4.852725191659175152e+00
-5.136459046211243162e+00,-4.849545281775718308e+00
-5.134908868640160051e+00,-4.846361266592062123e+00
-5.133357694785544822e+00,-4.843172949144744166e+00
-5.131805338571780339e+00,-4.839980132738674001e+00
-5.130251614186434495e+00,-4.836782620948483213e+00
-5.128696336081439711e+00,-4.833580217620074393e+00
-5.127139318974073490e+00,-4.830372726872042222e+00
-5.125580377848272917e+00,-4.827159953097229561e+00
-5.124019327955664949e+00,-4.823941700964141432e+00
-5.122455984816717489e+00,-4.820717775418479789e+00
-5.120890164222046792e+00,-4.817487981684649867e+00
-5.119321682233476167e+00,-4.814252125267273641e+00
-5.117750355185215483e+00,-4.811010011952681964e+00
-5.116175999684934084e+00,-4.807761447810442235e+00
-5.114598432614812396e+00,-4.804506239194864747e+00
-5.113017471133112224e+00,-4.801244192746587203e+00
-5.111432932675036511e+00,-4.797975115394088164e+00
-5.109844634953802256e+00,-4.794698814355200511e+00
-5.108252395961940806e+00,-4.791415097138667534e+00
-5.106656033972292619e+00,-4.788123771545734542e+00
-5.105055367539414135e+00,-4.784824645671655219e+00
-5.103450215500579645e+00,-4.781517527907304554e+00
-5.101840396976932368e+00,-4.778202226940742037e+00
-5.100225731374486315e+00,-4.774878551758710898e+00
-5.098606038385334216e+00,-4.771546311648286576e+00
-5.096981137989118338e+00,-4.768205316198489641e+00
-5.095350850453748137e+00,-4.764855375301770835e+00
-5.093714996336665024e+00,-4.761496299155702161e+00
-5.092073396486043180e+00,-4.758127898264518763e+00
-5.090425872041713262e+00,-4.754749983440710537e+00
-5.088772244436555070e+00,-4.751362365806670596e+00
-5.087112335397620200e+00,-4.747964856796301092e+00
-5.085445966947027330e+00,-4.744557268156590624e+00
-5.083772961403127510e+00,-4.741139411949262694e+00
-5.082093141381633927e+00,-4.737711100552346011e+00
-5.080406329796907983e+00,-4.734272146661872682e+00
-5.078712349862946951e+00,-4.730822363293491151e+00
-5.077011025094421370e+00,-4.727361563784043597e+00
-5.075302179307726647e+00,-4.723889561793257030e+00
-5.073585636622169659e+00,-4.720406171305327803e+00
-5.071861221461134051e+00,-4.716911206630641118e+00
-5.070128758553089199e+00,-4.713404482407348439e+00
-5.068388072932698662e+00,-4.709885813603058580e+00
-5.066638989941665727e+00,-4.706355015516436424e+00
-5.064881335229983961e+00,-4.702811903778879810e+00
-5.063114934757230401e+00,-4.699256294356224828e+00
-5.061339614793197939e+00,-4.695688003550316125e+00
-5.059555201919174294e+00,-4.692106848000726416e+00
-5.057761523029029149e+00,-4.688512644686412045e+00
-5.055958405329853633e+00,-4.684905210927290398e+00
-5.054145676343537730e+00,-4.681284364386044672e+00
-5.052323163907658454e+00,-4.677649923069708393e+00
-5.050490696176268557e+00,-4.674001705331363610e+00
-5.048648101620813122e+00,-4.670339529871696982e+00
-5.046795209031436968e+00,-4.666663215740832982e+00
-5.044931847518050461e+00,-4.662972582339925509e+00
-5.043057846510961895e+00,-4.659267449422813456e+00
-5.041173035762056998e+00,-4.655547637097711799e+00
-5.039277245345665790e+00,-4.651812965828874269e+00
-5.037370305659528924e+00,-4.648063256438256019e+00
-5.035452047425849287e+00,-4.644298330107190509e+00
-5.033522301692208600e+00,-4.640518008378101911e+00
-5.031580899832533760e+00,-4.636722113156125147e+00
-5.029627673547622635e+00,-4.632910466710725927e+00
-5.027662454866359099e+00,-4.629082891677413159e+00
-5.025685076146871211e+00,-4.625239211059508193e+00
-5.023695370077028599e+00,-4.621379248229636971e+00
-5.021693169675380375e+00,-4.617502826931492166e+00
-5.019678308291972257e+00,-4.613609771281446115e+00
-5.017650619609241858e+00,-4.609699905770199280e+00
-5.015609937643048966e+00,-4.605773055264521076e+00
-5.013556096743286616e+00,-4.601829045008827279e+00
-5.011488931594740848e+00,-4.597867700626849796e+00
-5.009408277217723082e+00,-4.593888848123221180e+00
-5.007313968968944096e+00,-4.589892313885187036e+00
-5.005205842542657990e+00,-4.585877924684261586e+00
-5.003083733970917990e+00,-4.581845507677833496e+00
-5.000947479624393566e+00,-4.577794890410721962e+00
-4.998796916213336772e+00,-4.573725900816938861e+00
-4.996631880787852253e+00,-4.569638367221109831e+00
-4.994452210739126485e+00,-4.565532118340343004e+00
-4.992257743799889624e+00,-4.561406983285671402e+00
-4.990048318044898679e+00,-4.557262791563672977e+00
-4.987823771891605418e+00,-4.553099373078076439e+00
-4.985583944100888232e+00,-4.548916558131317345e+00
-4.983328673777847939e+00,-4.544714177426243396e+00
-4.981057800372028055e+00,-4.540492062067571055e+00
-4.978771163678196388e+00,-4.536250043563491374e+00
-4.976468603836792681e+00,-4.531987953827226079e+00
-4.974149961334290992e+00,-4.527705625178512605e+00
-4.971815077004258399e+00,-4.523402890345302296e+00
-4.969463792027418947e+00,-4.519079582465202805e+00
-4.967095947932243405e+00,-4.514735535087019969e+00
-4.964711386595041631e+00,-4.510370582172157583e+00
-4.962309950240907597e+00,-4.505984558096301384e+00
-4.959891481444017813e+00,-4.501577297650854348e+00
-4.957455823127581596e+00,-4.497148636044322245e+00
-4.955002818564970823e+00,-4.492698408903997631e+00
-4.952532311379151508e+00,-4.488226452277167766e+00
-4.950044145543728291e+00,-4.483732602632755970e+00
-4.947538165382738384e+00,-4.479216696862650338e+00
-4.945014215571077898e+00,-4.474678572283139033e+00
-4.942472141135304753e+00,-4.470118066636537435e+00
-4.939911787452558656e+00,-4.465535018092154473e+00
-4.937333000251840076e+00,-4.460929265248012143e+00
-4.934735625613882348e+00,-4.456300647132167114e+00
-4.932119509970917193e+00,-4.451649003203925758e+00
-4.929484500107562894e+00,-4.446974173355414450e+00
-4.926830443159815331e+00,-4.442275997912574326e+00
-4.924157186616078263e+00,-4.437554317636802637e+00
-4.921464578316594896e+00,-4.432808973726032775e+00
-4.918752466453476302e+00,-4.428039807816013251e+00
-4.916020699571262753e+00,-4.423246661981792727e+00
-4.913269126565609213e+00,-4.418429378738508717e+00
-4.910497596684528787e+00,-4.413587801043100001e+00
-4.907705959527383754e+00,-4.408721772295159269e+00
-4.904894065044743456e+00,-4.403831136338183683e+00
-4.902061763538910100e+00,-4.398915737460939113e+00
-4.899208905662632674e+00,-4.393975420398248843e+00
-4.896335342419675385e+00,-4.389010030332414658e+00
-4.893440925163872635e+00,-4.384019412894062384e+00
-4.890525505599057965e+00,-4.379003414163349817e+00
-4.887588935779255905e+00,-4.373961880671181746e+00
-4.884631068106898510e+00,-4.368894659399757074e+00
-4.881651755333486165e+00,-4.363801597783997011e+00
-4.878650850558848617e+00,-4.358682543712411928e+00
-4.875628207230192857e+00,-4.353537345527868752e+00
-4.872583679142152846e+00,-4.348365852028791778e+00
-4.869517120435467916e+00,-4.343167912469816372e+00
-4.866428385597004080e+00,-4.337943376562833464e+00
-4.863317329458460847e+00,-4.332692094477657463e+00
-4.860183807195944894e+00,-4.327413916842964170e+00
-4.857027674329444267e+00,-4.322108694747143431e+00
-4.853848786720988073e+00,-4.316776279738704147e+00
-4.850647000575065704e+00,-4.311416523827475089e+00
-4.847422172436864685e+00,-4.306029279484931749e+00
-4.844174159191219076e+00,-4.300614399644878461e+00
-4.840902818062389201e+00,-4.295171737704365000e+00
-4.837608006612065026e+00,-4.289701147523921065e+00
-4.834289582739025093e+00,-4.284202483428366293e+00
-4.830947404677196744e+00,-4.278675600207087371e+00
-4.827581330994959785e+00,-4.273120353114720160e+00
-4.824191220594414631e+00,-4.267536597871753656e+00
-4.820776932708589868e+00,-4.261924190664437617e+00
-4.817338326901342782e+00,-4.256282988145578372e+00
-4.813875263065511945e+00,-4.250612847434780406e+00
-4.810387601421197701e+00,-4.244913626118560046e+00
-4.806875202514973466e+00,-4.239185182250992057e+00
-4.803337927217320669e+00,-4.233427374353460948e+00
-4.799775636721840044e+00,-4.227640061415193884e+00
-4.796188192542970796e+00,-4.221823102893168311e+00
-4.792575456514377663e+00,-4.215976358712232752e+00
-4.788937290787977474e+00,-4.210099689265526024e+00
-4.785273557830372226e+00,-4.204192955413738275e+00
-4.781584120422280648e+00,-4.198256018485665209e+00
-4.777868841656406573e+00,-4.192288740278009129e+00
-4.774127584934461765e+00,-4.186290983054888670e+00
-4.770360213966426954e+00,-4.180262609548222486e+00
-4.766566592767468080e+00,-4.174203482957089761e+00
-4.762746585655577292e+00,-4.168113466947417578e+00
-4.758900057249505267e+00,-4.161992425651675376e+00
-4.755026872466899590e+00,-4.155840223668803901e+00
-4.751126896521370213e+00,-4.149656726063469137e+00
-4.747199994919967025e+00,-4.143441798365614659e+00
-4.743246033460536637e+00,-4.137195306569822151e+00
-4.739264878229029421e+00,-4.130917117134721650e+00
-4.735256395597346568e+00,-4.124607096982572330e+00
-4.731220452220135542e+00,-4.118265113498303265e+00
-4.727156915032210804e+00,-4.111891034528952105e+00
-4.723065651244866103e+00,-4.105484728382364779e+00
-4.718946528343060720e+00,-4.099046063826484954e+00
-4.714799414083692852e+00,-4.092574910088920603e+00
-4.710624176491130299e+00,-4.086071136855359498e+00
-4.706420683853977494e+00,-4.079534614268482073e+00
-4.702188804722105431e+00,-4.072965212926952461e+00
-4.697928407903042114e+00,-4.066362803884096877e+00
-4.693639362459116171e+00,-4.059727258646880443e+00
-4.689321537703335707e+00,-4.053058449174315570e+00
-4.684974803196062965e+00,-4.046356247876182977e+00
-4.680599028740871859e+00,-4.039620527611290868e+00
-4.676194084380497884e+00,-4.032851161685840680e+00
-4.671759840394521746e+00,-4.026048023852517588e+00
-4.667296167294281872e+00,-4.019210988308202559e+00
-4.662802935818376682e+00,-4.012339929692060991e+00
-4.658280016929246869e+00,-4.005434723083958204e+00
-4.653727281808613725e+00,-3.998495244002384652e+00
-4.649144601853649306e+00,-3.991521368402686676e+00
-4.644531848672421859e+00,-3.984512972674885134e+00
-4.639888894079092552e+00,-3.977469933641373245e+00
-4.635215610089318261e+00,-3.970392128554649958e+00
-4.630511868915320406e+00,-3.963279435094889891e+00
-4.625777542962453026e+00,-3.956131731368131454e+00
-4.621012504823426070e+00,-3.948948895903370726e+00
-4.616216627272677897e+00,-3.941730807649648227e+00
-4.611389783262339392e+00,-3.934477345973888873e+00
-4.606531845916542522e+00,-3.927188390657825323e+00
-4.601642688526631275e+00,-3.919863821895468448e+00
-4.596722184545519951e+00,-3.912503520289938308e+00
-4.591770207582591468e+00,-3.905107366850707251e+00
-4.586786631397309577e+00,-3.897675242989940614e+00
-4.581771329893612688e+00,-3.890207030519462705e+00
-4.576724177115877978e+00,-3.882702611648156221e+00
-4.571645047241538862e+00,-3.875161868977919255e+00
-4.566533814575080896e+00,-3.867584685500062847e+00
-4.561390353542115861e+00,-3.859970944591857744e+00
-4.556214538683477144e+00,-3.852320530012931954e+00
-4.551006244649457244e+00,-3.844633325901725129e+00
-4.545765346192375489e+00,-3.836909216771097419e+00
-4.540491718160758694e+00,-3.829148087504698594e+00
-4.535185235492214417e+00,-3.821349823352527153e+00
-4.529845773206616855e+00,-3.813514309926731016e+00
-4.524473206400777769e+00,-3.805641433198054813e+00
-4.519067410239721028e+00,-3.797731079490496597e+00
-4.513628259950543509e+00,-3.789783135477229337e+00
-4.508155630814599135e+00,-3.781797488175683952e+00
-4.502649398160549765e+00,-3.773774024942902372e+00
-4.497109437357480033e+00,-3.765712633471011372e+00
-4.491535623806719002e+00,-3.757613201781857981e+00
-4.485927832934955006e+00,-3.749475618222312789e+00
-4.480285940184977278e+00,-3.741299771458308498e+00
-4.474609821008456834e+00,-3.733085550469809277e+00
-4.468899350859402375e+00,-3.724832844546185129e+00
-4.463154405184980078e+00,-3.716541543280044380e+00
-4.457374859416340485e+00,-3.708211536561087485e+00
-4.451560588960951748e+00,-3.699842714570657165e+00
-4.445711469194776555e+00,-3.691434967776146436e+00
-4.439827375453063496e+00,-3.682988186924632146e+00
-4.433908183021770810e+00,-3.674502263036814043e+00
-4.427953767128691709e+00,-3.665977087400669632e+00
-4.421964002934231530e+00,-3.657412551564888759e+00
-4.415938765522071208e+00,-3.648808547332194507e+00
-4.409877929890782866e+00,-3.640164966753133058e+00
-4.403781370944500395e+00,-3.631481702119259580e+00
-4.397648963482588158e+00,-3.622758645955720169e+00
-4.391480582189956294e+00,-3.613995691014125100e+00
-4.385276101627660239e+00,-3.605192730265549983e+00
-4.379035396223784460e+00,-3.596349656893579549e+00
-4.372758340262571153e+00,-3.587466364286321152e+00
-4.366444807874451328e+00,-3.578542746028922750e+00
-4.360094673025479040e+00,-3.569578695895579301e+00
-4.353707809506822457e+00,-3.560574107841610214e+00
-4.347284090925356281e+00,-3.551528875996027068e+00
-4.340823390692371220e+00,-3.542442894653014207e+00
-4.334325582012290567e+00,-3.533316058263274329e+00
-4.327790537871862853e+00,-3.524148261425693818e+00
-4.321218131029318954e+00,-3.514939398878787813e+00
-4.314608234003259213e+00,-3.505689365492031584e+00
-4.307960719061490806e+00,-3.496398056257014275e+00
-4.301275458209438796e+00,-3.487065366278351064e+00
-4.294552323177569519e+00,-3.477691190763877671e+00
-4.287791185410377182e+00,-3.468275425015754365e+00
-4.280991916055455704e+00,-3.458817964421456281e+00
-4.274154385950296842e+00,-3.449318704443456340e+00
-4.267278465610068849e+00,-3.439777540609405548e+00
-4.260364025215800154e+00,-3.430194368502391455e+00
-4.253410934601667748e+00,-3.420569083750685024e+00
-4.246419063242882430e+00,-3.410901582017700662e+00
-4.239388280242863516e+00,-3.401191758991529923e+00
-4.232318454320129320e+00,-3.391439510374162580e+00
-4.225209453795088166e+00,-3.381644731870650844e+00
-4.218061146576992826e+00,-3.371807319178195428e+00
-4.210873400152010504e+00,-3.361927167975906627e+00
-4.203646081568962245e+00,-3.352004173913059049e+00
-4.196379057424756809e+00,-3.342038232597111858e+00
-4.189072193851878012e+00,-3.332029239582787739e+00
-4.181725356504443880e+00,-3.321977090360405782e+00
-4.174338410544478961e+00,-3.311881680344029633e+00
-4.166911220627980583e+00,-3.301742904859580108e+00
-4.159443650890288779e+00,-3.291560659132436228e+00
-4.151935564931427791e+00,-3.281334838274808874e+00
-4.144386825801781526e+00,-3.271065337273405760e+00
-4.136797295989026679e+00,-3.260752050977615113e+00
-4.129166837402415524e+00,-3.250394874086161678e+00
-4.121495311357122660e+00,-3.239993701133585091e+00
-4.113782578559799674e+00,-3.229548426477400369e+00
-4.106028499093795858e+00,-3.219058944285038137e+00
-4.098232932404286544e+00,-3.208525148520593007e+00
-4.090395737282456423e+00,-3.197946932930868513e+00
-4.082516771850450255e+00,-3.187324191031876808e+00
-4.074595893544383785e+00,-3.176656816094066471e+00
-4.066632959099266031e+00,-3.165944701128537986e+00
-4.058627824534845274e+00,-3.155187738873884484e+00
-4.050580345138527605e+00,-3.144385821781028767e+00
-4.042490375448501538e+00,-3.133538841998152691e+00
-4.034357769237622904e+00,-3.122646691355974724e+00
-4.026182379497932118e+00,-3.111709261353389877e+00
-4.017964058424354334e+00,-3.100726443142463040e+00
-4.009702657397568260e+00,-3.089698127512818360e+00
-4.001398026968196575e+00,-3.078624204876781789e+00
-3.993050016838417093e+00,-3.067504565252839654e+00
-3.984658475845293424e+00,-3.056339098250020925e+00
-3.976223251946002790e+00,-3.045127693053480300e+00
-3.967744192199589293e+00,-3.033870238407686770e+00
-3.959221142748681643e+00,-3.022566622599605068e+00
-3.950653948802333559e+00,-3.011216733442445559e+00
-3.942042454619880232e+00,-2.999820458259961242e+00
-3.933386503493267128e+00,-2.988377683869700263e+00
-3.924685937728760621e+00,-2.976888296565796566e+00
-3.915940598629838121e+00,-2.965352182102357403e+00
-3.907150326478422642e+00,-2.953769225675792143e+00
-3.898314960517133443e+00,-2.942139311907602917e+00
-3.889434338933391189e+00,-2.930462324828347676e+00
-3.880508298839885128e+00,-2.918738147859173182e+00
-3.871536676255793452e+00,-2.906966663793660643e+00
-3.862519306088927351e+00,-2.895147754780310834e+00
-3.853456022117605073e+00,-2.883281302304574467e+00
-3.844346656973449683e+00,-2.871367187171635749e+00
-3.835191042121834926e+00,-2.859405289487341406e+00
-3.825989007843382694e+00,-2.847395488639868688e+00
-3.816740383215275756e+00,-2.835337663281151777e+00
-3.807444996092343104e+00,-2.823231691308009772e+00
-3.798102673089935877e+00,-2.811077449844439968e+00
-3.788713239564515334e+00,-2.798874815222291090e+00
-3.779276519593970818e+00,-2.786623662961623893e+00
-3.769792335959159857e+00,-2.774323867751853356e+00
-3.760260510124759037e+00,-2.761975303432286921e+00
-3.750680862221415168e+00,-2.749577842973494057e+00
-3.741053211026688530e+00,-2.737131358457723707e+00
-3.731377373945342413e+00,-2.724635721058838556e+00
-3.721653166989327133e+00,-2.712090801021957986e+00
-3.711880404759575924e+00,-2.699496467644173947e+00
-3.702058900428994548e+00,-2.686852589256062629e+00
-3.692188465720633417e+00,-2.674159033199742908e+00
-3.682268910888872426e+00,-2.661415665809080622e+00
-3.672300044701344746e+00,-2.648622352390063384e+00
-3.662281674418927935e+00,-2.635778957199924832e+00
-3.652213605776474026e+00,-2.622885343426695215e+00
-3.642095642964498836e+00,-2.609941373169242240e+00
-3.631927588610089686e+00,-2.596946907416757711e+00
-3.621709243756846774e+00,-2.583901806027419923e+00
-3.611440407844114020e+00,-2.570805927706587113e+00
-3.601120878692000815e+00,-2.557659129988792301e+00
-3.590750452480413912e+00,-2.544461269215581467e+00
-3.580328923727996937e+00,-2.531212200513230925e+00
-3.569856085275176838e+00,-2.517911777773093718e+00
-3.559331728264218953e+00,-2.504559853629977795e+00
-3.548755642121442122e+00,-2.491156279441774757e+00
-3.538127614536861643e+00,-2.477700905267340659e+00
-3.527447431446681492e+00,-2.464193579846174487e+00
-3.516714877013271234e+00,-2.450634150576377124e+00
-3.505929733604901344e+00,-2.437022463492255042e+00
-3.495091781780821805e+00,-2.423358363245661451e+00
-3.484200800271892717e+00,-2.409641693084097369e+00
-3.473256565958521946e+00,-2.395872294826887128e+00
-3.462258853854038421e+00,-2.382050008845055800e+00
-3.451207437088157803e+00,-2.368174674041242156e+00
-3.440102086886724919e+00,-2.354246127826826296e+00
-3.428942572552969636e+00,-2.340264206100201250e+00
-3.417728661452834160e+00,-2.326228743227694906e+00
-3.406460118991610386e+00,-2.312139572018374167e+00
-3.395136708599082453e+00,-2.297996523704782135e+00
-3.383758191712544772e+00,-2.283799427922033942e+00
-3.372324327758477125e+00,-2.269548112686010199e+00
-3.360834874134276617e+00,-2.255242404371422538e+00
-3.349289586189193813e+00,-2.240882127689310721e+00
-3.337688217211365327e+00,-2.226467105668774593e+00
-3.326030518407144143e+00,-2.211997159633178001e+00
-3.314316238885709254e+00,-2.197472109180040434e+00
-3.302545125643469248e+00,-2.182891772160736821e+00
-3.290716923543264727e+00,-2.168255964656445656e+00
-3.278831375300761408e+00,-2.153564500959099348e+00
-3.266888221468995823e+00,-2.138817193551041385e+00
-3.254887200421656246e+00,-2.124013853083717152e+00
-3.242828048335645974e+00,-2.109154288355703954e+00
-3.230710499175913242e+00,-2.094238306292453444e+00
-3.218534284681311419e+00,-2.079265711926609583e+00
-3.206299134347482038e+00,-2.064236308376187878e+00
-3.194004775413560537e+00,-2.049149896825483097e+00
-3.181650932846345370e+00,-2.034006276504051414e+00
-3.169237329324680275e+00,-2.018805244665820453e+00
-3.156763685226479765e+00,-2.003546596570075167e+00
-3.144229718613175351e+00,-1.988230125460560771e+00
-3.121143864396117351e+00,-1.965144271243502772e+00
