-6.802024654335896869e+00,-6.230319970475775904e+00
-6.802024654335896869e+00,-6.230319970475775904e+00
-6.802024654335896869e+00,-6.230319970475775904e+00
-6.460573953930797586e+00,-6.230319970475775904e+00
-6.460573953930797586e+00,-6.230319970475775904e+00
-6.460573953930797586e+00,-6.230319970475775904e+00
-6.460573953930797586e+00,-6.230319970475775904e+00
-6.460573953930797586e+00,-6.230319970475775904e+00
-6.460573953930797586e+00,-6.230319970475775904e+00
-6.460573953930797586e+00,-6.230319970475775904e+00
-6.460573953930797586e+00,-6.302770845203594874e+00
-6.460573953930797586e+00,-6.220176125969902436e+00
-6.460573953930797586e+00,-6.220176125969902436e+00
-6.460573953930797586e+00,-6.338005388497746750e+00
-6.460573953930797586e+00,-6.338005388497746750e+00
-6.665357731965206867e+00,-6.338005388497746750e+00
-6.665357731965206867e+00,-6.441082526204350067e+00
-6.665357731965206867e+00,-6.441082526204350067e+00
-6.665357731965206867e+00,-6.299909908717002516e+00
-6.850083363714908558e+00,-6.299909908717002516e+00
-6.850083363714908558e+00,-6.299909908717002516e+00
-6.850083363714908558e+00,-6.299909908717002516e+00
-6.850083363714908558e+00,-6.299909908717002516e+00
-6.850083363714908558e+00,-6.299909908717002516e+00
-7.015835351453946878e+00,-6.753799265211180014e+00
-7.015835351453946878e+00,-6.753799265211180014e+00
-7.015835351453946878e+00,-6.753799265211180014e+00
-6.920012411646653483e+00,-6.753799265211180014e+00
-6.920012411646653483e+00,-6.753799265211180014e+00
-6.920012411646653483e+00,-6.753799265211180014e+00
-6.920012411646653483e+00,-6.936519750566563225e+00
-6.920012411646653483e+00,-6.936519750566563225e+00
-6.920012411646653483e+00,-6.936519750566563225e+00
-6.920012411646653483e+00,-6.936519750566563225e+00
-6.920012411646653483e+00,-6.966600614438418937e+00
-7.440128536549678984e+00,-6.966600614438418937e+00
-7.440128536549678984e+00,-6.966600614438418937e+00
-7.440128536549678984e+00,-6.966600614438418937e+00
-7.440128536549678984e+00,-6.981129058637264073e+00
-7.440128536549678984e+00,-6.981129058637264073e+00
-7.440128536549678984e+00,-6.981129058637264073e+00
-7.440128536549678984e+00,-6.981129058637264073e+00
-7.380553890211652757e+00,-7.042004192044441169e+00
-7.380553890211652757e+00,-7.056277997186900741e+00
-7.380553890211652757e+00,-7.056277997186900741e+00
-7.726553184634803451e+00,-7.056277997186900741e+00
-7.726553184634803451e+00,-7.117397504791406426e+00
-7.726553184634803451e+00,-7.117397504791406426e+00
-7.726553184634803451e+00,-7.117397504791406426e+00
-7.726553184634803451e+00,-7.117397504791406426e+00
-7.726553184634803451e+00,-7.162964208342799566e+00
-7.726553184634803451e+00,-7.162964208342799566e+00
-7.726553184634803451e+00,-7.162964208342799566e+00
-7.726553184634803451e+00,-7.162964208342799566e+00
-7.726553184634803451e+00,-7.162964208342799566e+00
-7.726553184634803451e+00,-7.162964208342799566e+00
-7.726553184634803451e+00,-7.184163123167055964e+00
-6.673770528157227488e+01,-6.748775856590584965e+01
-6.673770528157227488e+01,-6.748775856590584965e+01
-6.673770528157227488e+01,-6.748775856590584965e+01
-6.673770528157227488e+01,-6.748775856590584965e+01
-6.673770528157227488e+01,-6.748775856590584965e+01
-6.673770528157227488e+01,-6.748775856590584965e+01
-6.673770528157227488e+01,-6.748775856590584965e+01
-6.673770528157227488e+01,-6.748775856590584965e+01
-6.673770528157227488e+01,-6.748775856590584965e+01
-6.673770528157227488e+01,-5.928274845063369014e+01
-6.673770528157227488e+01,-5.928274845063369014e+01
-6.673770528157227488e+01,-6.673770528157227488e+01
-6.673770528157227488e+01,-6.673770528157227488e+01
-6.673770528157227488e+01,-6.673770528157227488e+01
-6.673770528157227488e+01,-6.673770528157227488e+01
-6.673770528157227488e+01,-6.673770528157227488e+01
-6.673770528157227488e+01,-6.673770528157227488e+01
-6.673770528157227488e+01,-6.673770528157227488e+01
-6.673770528157227488e+01,-6.673770528157227488e+01
-6.673770528157227488e+01,-6.673770528157227488e+01
-6.673770528157227488e+01,-6.673770528157227488e+01
-6.673770528157227488e+01,-6.673770528157227488e+01
-6.673770528157227488e+01,-6.673770528157227488e+01
-6.673770528157227488e+01,-6.673770528157227488e+01
-6.673770528157227488e+01,-6.673770528157227488e+01
-6.673770528157227488e+01,-6.673770528157227488e+01
-6.673770528157227488e+01,-6.673770528157227488e+01
-6.673770528157227488e+01,-6.673770528157227488e+01
-6.673770528157227488e+01,-6.673770528157227488e+01
-5.858648305332122419e+01,-6.673770528157227488e+01
-5.858648305332122419e+01,-6.673770528157227488e+01
-5.858648305332122419e+01,-6.673770528157227488e+01
-5.858648305332122419e+01,-6.673770528157227488e+01
-5.858648305332122419e+01,-6.673770528157227488e+01
-5.858648305332122419e+01,-6.673770528157227488e+01
-5.858648305332122419e+01,-6.673770528157227488e+01
-5.858648305332122419e+01,-6.673770528157227488e+01
-5.858648305332122419e+01,-6.673770528157227488e+01
-5.858648305332122419e+01,-6.673770528157227488e+01
-5.858648305332122419e+01,-6.673770528157227488e+01
-5.858648305332122419e+01,-6.673770528157227488e+01
-5.858648305332122419e+01,-6.673770528157227488e+01
-5.858648305332122419e+01,-6.673770528157227488e+01
-5.858648305332122419e+01,-6.673770528157227488e+01
-5.858648305332122419e+01,-6.673770528157227488e+01
-5.858648305332122419e+01,-6.673770528157227488e+01
-5.858648305332122419e+01,-6.673770528157227488e+01
-5.858648305332122419e+01,-6.673770528157227488e+01
-5.858648305332122419e+01,-6.673770528157227488e+01
-5.858648305332122419e+01,-6.673770528157227488e+01
-5.858648305332122419e+01,-6.673770528157227488e+01
-5.858648305332122419e+01,-6.673770528157227488e+01
-5.858648305332122419e+01,-6.673770528157227488e+01
-5.858648305332122419e+01,-6.673770528157227488e+01
-5.858648305332122419e+01,-6.673770528157227488e+01
-5.858648305332122419e+01,-6.673770528157227488e+01
-8.248520675924845946e+00,-7.917184237467258079e+00
-8.248520675924845946e+00,-7.917184237467258079e+00
-8.248520675924845946e+00,-7.917184237467258079e+00
-8.248520675924845946e+00,-7.917184237467258079e+00
-8.248520675924845946e+00,-7.917184237467258079e+00
-8.248520675924845946e+00,-7.924845817149122951e+00
-8.248520675924845946e+00,-7.924845817149122951e+00
-8.248520675924845946e+00,-7.924845817149122951e+00
-8.248520675924845946e+00,-7.924845817149122951e+00
-8.248520675924845946e+00,-7.924845817149122951e+00
-8.248520675924845946e+00,-7.924845817149122951e+00
-8.248520675924845946e+00,-7.924845817149122951e+00
-8.248520675924845946e+00,-7.924845817149122951e+00
-8.248520675924845946e+00,-7.924845817149122951e+00
-8.248520675924845946e+00,-7.924845817149122951e+00
-8.248520675924845946e+00,-7.924845817149122951e+00
-8.248520675924845946e+00,-7.924845817149122951e+00
-8.248520675924845946e+00,-7.924845817149122951e+00
-8.248520675924845946e+00,-7.924845817149122951e+00
-8.248520675924845946e+00,-7.924845817149122951e+00
-8.248520675924845946e+00,-7.924845817149122951e+00
-8.248520675924845946e+00,-7.924845817149122951e+00
-8.248520675924845946e+00,-7.924845817149122951e+00
-8.248520675924845946e+00,-7.924845817149122951e+00
-8.248520675924845946e+00,-7.924845817149122951e+00
-8.248520675924845946e+00,-7.924845817149122951e+00
-8.248520675924845946e+00,-7.726075701586986533e+00
-8.248520675924845946e+00,-7.726075701586986533e+00
-8.248520675924845946e+00,-7.726075701586986533e+00
-8.248520675924845946e+00,-7.726075701586986533e+00
-8.248520675924845946e+00,-7.726075701586986533e+00
-8.248520675924845946e+00,-7.726075701586986533e+00
-8.248520675924845946e+00,-7.726075701586986533e+00
-8.248520675924845946e+00,-7.726075701586986533e+00
-8.248520675924845946e+00,-7.726075701586986533e+00
-8.248520675924845946e+00,-7.726075701586986533e+00
-8.248520675924845946e+00,-7.726075701586986533e+00
-8.248520675924845946e+00,-7.726075701586986533e+00
-8.248520675924845946e+00,-7.726075701586986533e+00
-8.248520675924845946e+00,-7.726075701586986533e+00
-8.248520675924845946e+00,-7.726075701586986533e+00
-8.248520675924845946e+00,-7.726075701586986533e+00
-8.248520675924845946e+00,-7.726075701586986533e+00
-8.248520675924845946e+00,-7.726075701586986533e+00
-8.248520675924845946e+00,-7.726075701586986533e+00
-8.248520675924845946e+00,-7.726075701586986533e+00
-8.248520675924845946e+00,-7.726075701586986533e+00
-8.248520675924845946e+00,-7.726075701586986533e+00
-8.248520675924845946e+00,-7.726075701586986533e+00
-8.248520675924845946e+00,-7.726075701586986533e+00
-8.248520675924845946e+00,-7.726075701586986533e+00
-8.248520675924845946e+00,-7.726075701586986533e+00
-8.248520675924845946e+00,-7.726075701586986533e+00
-8.248520675924845946e+00,-7.726075701586986533e+00
-5.858648305332122419e+01,-5.858648305332122419e+01
-5.858648305332122419e+01,-5.858648305332122419e+01
-5.858648305332122419e+01,-5.858648305332122419e+01
-5.858648305332122419e+01,-5.858648305332122419e+01
-5.858648305332122419e+01,-5.858648305332122419e+01
-5.858648305332122419e+01,-5.858648305332122419e+01
-6.673770528157227488e+01,-5.858648305332122419e+01
-6.673770528157227488e+01,-5.858648305332122419e+01
-6.673770528157227488e+01,-5.858648305332122419e+01
-6.673770528157227488e+01,-5.858648305332122419e+01
-6.673770528157227488e+01,-5.858648305332122419e+01
-6.673770528157227488e+01,-5.858648305332122419e+01
-6.673770528157227488e+01,-5.858648305332122419e+01
-6.673770528157227488e+01,-5.858648305332122419e+01
-6.673770528157227488e+01,-5.858648305332122419e+01
-6.673770528157227488e+01,-5.858648305332122419e+01
-6.673770528157227488e+01,-5.858648305332122419e+01
-6.673770528157227488e+01,-5.858648305332122419e+01
-6.673770528157227488e+01,-5.858648305332122419e+01
-6.673770528157227488e+01,-5.858648305332122419e+01
-6.673770528157227488e+01,-5.858648305332122419e+01
-6.673770528157227488e+01,-5.858648305332122419e+01
-6.673770528157227488e+01,-5.858648305332122419e+01
-6.673770528157227488e+01,-5.858648305332122419e+01
-6.673770528157227488e+01,-5.858648305332122419e+01
-6.673770528157227488e+01,-5.858648305332122419e+01
-6.673770528157227488e+01,-5.858648305332122419e+01
-6.673770528157227488e+01,-5.858648305332122419e+01
-6.673770528157227488e+01,-5.858648305332122419e+01
-6.673770528157227488e+01,-5.858648305332122419e+01
-6.673770528157227488e+01,-5.858648305332122419e+01
-6.673770528157227488e+01,-5.858648305332122419e+01
-6.673770528157227488e+01,-5.858648305332122419e+01
-6.673770528157227488e+01,-5.858648305332122419e+01
-6.673770528157227488e+01,-5.858648305332122419e+01
-6.673770528157227488e+01,-5.858648305332122419e+01
-6.673770528157227488e+01,-5.858648305332122419e+01
-6.673770528157227488e+01,-5.858648305332122419e+01
-6.673770528157227488e+01,-5.858648305332122419e+01
-6.673770528157227488e+01,-5.858648305332122419e+01
-6.673770528157227488e+01,-5.858648305332122419e+01
-6.673770528157227488e+01,-5.858648305332122419e+01
-6.673770528157227488e+01,-5.858648305332122419e+01
-6.673770528157227488e+01,-5.858648305332122419e+01
-6.673770528157227488e+01,-5.858648305332122419e+01
-6.673770528157227488e+01,-5.858648305332122419e+01
-6.673770528157227488e+01,-5.858648305332122419e+01
-6.673770528157227488e+01,-5.858648305332122419e+01
-6.673770528157227488e+01,-5.858648305332122419e+01
-6.673770528157227488e+01,-5.858648305332122419e+01
-6.673770528157227488e+01,-6.673770528157227488e+01
-6.673770528157227488e+01,-6.673770528157227488e+01
-6.673770528157227488e+01,-6.673770528157227488e+01
-6.673770528157227488e+01,-6.673770528157227488e+01
-6.673770528157227488e+01,-6.673770528157227488e+01
-6.673770528157227488e+01,-6.673770528157227488e+01
-6.673770528157227488e+01,-6.673770528157227488e+01
-6.673770528157227488e+01,-6.673770528157227488e+01
-6.673770528157227488e+01,-6.673770528157227488e+01
-7.841798661659198366e+00,-7.806576627911938182e+00
-7.841798661659198366e+00,-7.806576627911938182e+00
-7.841798661659198366e+00,-7.806576627911938182e+00
-7.841798661659198366e+00,-7.669939040597038016e+00
-7.795524528820582333e+00,-7.669939040597038016e+00
-7.795524528820582333e+00,-7.669939040597038016e+00
-7.795524528820582333e+00,-7.669939040597038016e+00
-7.795524528820582333e+00,-7.669939040597038016e+00
-7.766405619718815601e+00,-7.669939040597038016e+00
-7.766405619718815601e+00,-7.669939040597038016e+00
-7.766405619718815601e+00,-7.669939040597038016e+00
-7.766405619718815601e+00,-7.669939040597038016e+00
-7.720210551024398349e+00,-7.669939040597038016e+00
-7.720210551024398349e+00,-7.514447207852325228e+00
-7.720210551024398349e+00,-7.514447207852325228e+00
-7.720210551024398349e+00,-7.514447207852325228e+00
-7.691004892080098188e+00,-7.726553184634803451e+00
-7.691004892080098188e+00,-7.726553184634803451e+00
-7.691004892080098188e+00,-7.726553184634803451e+00
-7.691004892080098188e+00,-7.726553184634803451e+00
-7.691004892080098188e+00,-7.726553184634803451e+00
-7.691004892080098188e+00,-7.726553184634803451e+00
-7.691004892080098188e+00,-7.726553184634803451e+00
-7.691004892080098188e+00,-7.726553184634803451e+00
-7.691004892080098188e+00,-7.726553184634803451e+00
-7.691004892080098188e+00,-7.726553184634803451e+00
-7.691004892080098188e+00,-7.726553184634803451e+00
-7.691004892080098188e+00,-7.726553184634803451e+00
-7.691004892080098188e+00,-7.726553184634803451e+00
-7.691004892080098188e+00,-7.726553184634803451e+00
-7.691004892080098188e+00,-7.726553184634803451e+00
-7.691004892080098188e+00,-7.726553184634803451e+00
-7.691004892080098188e+00,-7.726553184634803451e+00
-7.691004892080098188e+00,-7.726553184634803451e+00
-7.691004892080098188e+00,-7.726553184634803451e+00
-7.691004892080098188e+00,-7.726553184634803451e+00
-7.691004892080098188e+00,-7.726553184634803451e+00
-7.691004892080098188e+00,-7.726553184634803451e+00
-7.502586891105877065e+00,-7.726553184634803451e+00
-7.502586891105877065e+00,-7.726553184634803451e+00
-7.502586891105877065e+00,-7.726553184634803451e+00
-7.502586891105877065e+00,-7.732200584102997709e+00
-7.502586891105877065e+00,-7.732200584102997709e+00
-7.502586891105877065e+00,-7.732200584102997709e+00
-7.464754265881764717e+00,-7.440128536549678984e+00
-7.464754265881764717e+00,-7.440128536549678984e+00
-7.464754265881764717e+00,-7.440128536549678984e+00
-7.464754265881764717e+00,-7.440128536549678984e+00
-7.464754265881764717e+00,-7.440128536549678984e+00
-7.464754265881764717e+00,-7.440128536549678984e+00
-7.464754265881764717e+00,-7.480530626375942127e+00
-7.184163123167055964e+00,-7.480530626375942127e+00
-7.184163123167055964e+00,-7.480530626375942127e+00
-7.184163123167055964e+00,-7.480530626375942127e+00
-7.184163123167055964e+00,-7.480530626375942127e+00
-7.184163123167055964e+00,-7.480530626375942127e+00
-7.184163123167055964e+00,-7.480530626375942127e+00
-7.162964208342799566e+00,-7.480530626375942127e+00
-7.162964208342799566e+00,-7.502586891105877065e+00
-7.162964208342799566e+00,-7.015835351453946878e+00
-7.162964208342799566e+00,-7.015835351453946878e+00
-7.162964208342799566e+00,-7.015835351453946878e+00
-7.162964208342799566e+00,-7.015835351453946878e+00
-7.162964208342799566e+00,-7.015835351453946878e+00
-7.162964208342799566e+00,-7.015835351453946878e+00
-7.162964208342799566e+00,-7.015835351453946878e+00
-7.162964208342799566e+00,-7.015835351453946878e+00
-7.162964208342799566e+00,-7.015835351453946878e+00
-7.117397504791406426e+00,-7.015835351453946878e+00
-7.117397504791406426e+00,-7.015835351453946878e+00
-7.117397504791406426e+00,-7.015835351453946878e+00
-7.117397504791406426e+00,-7.015835351453946878e+00
-7.117397504791406426e+00,-7.015835351453946878e+00
-7.117397504791406426e+00,-7.015835351453946878e+00
-7.042004192044441169e+00,-7.015835351453946878e+00
-7.042004192044441169e+00,-7.015835351453946878e+00
-7.042004192044441169e+00,-6.850083363714908558e+00
-7.042004192044441169e+00,-6.850083363714908558e+00
-7.042004192044441169e+00,-6.850083363714908558e+00
-7.042004192044441169e+00,-6.850083363714908558e+00
-7.042004192044441169e+00,-6.850083363714908558e+00
-6.966600614438418937e+00,-6.850083363714908558e+00
-6.966600614438418937e+00,-6.850083363714908558e+00
-6.966600614438418937e+00,-6.665357731965206867e+00
-6.966600614438418937e+00,-6.665357731965206867e+00
-6.966600614438418937e+00,-6.946243244282497287e+00
-6.966600614438418937e+00,-6.946243244282497287e+00
-6.936519750566563225e+00,-6.946243244282497287e+00
-6.936519750566563225e+00,-6.946243244282497287e+00
-6.936519750566563225e+00,-6.946243244282497287e+00
-6.936519750566563225e+00,-6.802024654335896869e+00
-6.936519750566563225e+00,-6.802024654335896869e+00
-6.936519750566563225e+00,-6.802024654335896869e+00
-6.936519750566563225e+00,-6.802024654335896869e+00
-6.936519750566563225e+00,-6.802024654335896869e+00
-6.936519750566563225e+00,-6.802024654335896869e+00
-6.936519750566563225e+00,-6.802024654335896869e+00
-6.936519750566563225e+00,-6.802024654335896869e+00
-6.936519750566563225e+00,-6.979699661657611465e+00
-6.936519750566563225e+00,-6.979699661657611465e+00
-6.936519750566563225e+00,-6.979699661657611465e+00
-6.936519750566563225e+00,-6.979699661657611465e+00
-6.936519750566563225e+00,-6.979699661657611465e+00
-6.936519750566563225e+00,-6.979699661657611465e+00
-6.753799265211179126e+00,-6.979699661657611465e+00
-6.753799265211179126e+00,-6.979699661657611465e+00
-6.753799265211179126e+00,-6.979699661657611465e+00
-6.753799265211179126e+00,-6.979699661657611465e+00
-6.753799265211179126e+00,-6.979699661657611465e+00
-6.753799265211179126e+00,-6.979699661657611465e+00
-6.753799265211179126e+00,-6.979699661657611465e+00
-6.708467485201071945e+00,-6.979699661657611465e+00
-6.708467485201071945e+00,-6.979699661657611465e+00
-6.708467485201071945e+00,-6.653890256140075898e+00
-6.708467485201071945e+00,-6.653890256140075898e+00
-6.708467485201071945e+00,-6.704316907034614026e+00
-6.708467485201071945e+00,-6.704316907034614026e+00
-6.441082526204350067e+00,-6.704316907034614026e+00
-6.441082526204350067e+00,-6.704316907034614026e+00
-6.441082526204350067e+00,-6.704316907034614026e+00
-6.441082526204350067e+00,-6.704316907034614026e+00
-6.441082526204350067e+00,-6.704316907034614026e+00
-6.441082526204350067e+00,-6.737361729540665145e+00
-6.406241956092511458e+00,-6.737361729540665145e+00
-6.406241956092511458e+00,-6.737361729540665145e+00
-6.406241956092511458e+00,-6.737361729540665145e+00
-6.406241956092511458e+00,-6.217067905350382340e+00
-6.406241956092511458e+00,-6.217067905350382340e+00
-6.406241956092511458e+00,-6.217067905350382340e+00
-6.406241956092511458e+00,-6.299909908717002516e+00
-6.406241956092511458e+00,-6.299909908717002516e+00
-6.406241956092511458e+00,-6.299909908717002516e+00
-6.406241956092511458e+00,-6.299909908717002516e+00
-6.406241956092511458e+00,-6.299909908717002516e+00
-6.361448532801774469e+00,-6.299909908717002516e+00
-6.361448532801774469e+00,-6.299909908717002516e+00
-6.361448532801774469e+00,-6.299909908717002516e+00
-6.361448532801774469e+00,-6.299909908717002516e+00
-6.361448532801774469e+00,-6.299909908717002516e+00
-6.361448532801774469e+00,-6.299909908717002516e+00
-6.330652494016710818e+00,-6.299909908717002516e+00
-6.285935137135827411e+00,-6.299909908717002516e+00
-6.285935137135827411e+00,-6.147071626080368389e+00
-6.285935137135827411e+00,-6.147071626080368389e+00
-6.285935137135827411e+00,-6.147071626080368389e+00
-6.285935137135827411e+00,-6.147071626080368389e+00
-6.285935137135827411e+00,-6.147071626080368389e+00
-6.255048840736577631e+00,-6.147071626080368389e+00
-6.210407308851288555e+00,-6.147071626080368389e+00
-6.210407308851288555e+00,-5.977329020422519790e+00
-6.210407308851288555e+00,-5.977329020422519790e+00
-6.210407308851288555e+00,-5.977329020422519790e+00
-6.210407308851288555e+00,-5.977329020422519790e+00
-6.210407308851288555e+00,-6.220176125969902436e+00
-6.210407308851288555e+00,-6.220176125969902436e+00
-6.179430475375542464e+00,-6.220176125969902436e+00
-6.179430475375542464e+00,-6.087253286111471873e+00
-6.179430475375542464e+00,-6.087253286111471873e+00
-6.179430475375542464e+00,-6.087253286111471873e+00
-6.179430475375542464e+00,-6.087253286111471873e+00
-6.179430475375542464e+00,-6.087253286111471873e+00
-6.179430475375542464e+00,-6.087253286111471873e+00
-6.179430475375542464e+00,-6.087253286111471873e+00
-6.179430475375542464e+00,-6.087253286111471873e+00
-6.179430475375542464e+00,-6.087253286111471873e+00
-6.179430475375542464e+00,-6.087253286111471873e+00
-6.179430475375542464e+00,-6.087253286111471873e+00
-6.179430475375542464e+00,-6.230319970475775904e+00
-6.179430475375542464e+00,-6.230319970475775904e+00
-6.179430475375542464e+00,-6.230319970475775904e+00
-6.179430475375542464e+00,-6.230319970475775904e+00
-6.179430475375542464e+00,-6.230319970475775904e+00
-6.179430475375542464e+00,-6.230319970475775904e+00
-6.179430475375542464e+00,-6.230319970475775904e+00
-6.179430475375542464e+00,-6.230319970475775904e+00
-6.179430475375542464e+00,-6.230319970475775904e+00
-6.179430475375542464e+00,-6.230319970475775904e+00
-6.179430475375542464e+00,-6.230319970475775904e+00
-6.005696141252257370e+00,-6.230319970475775904e+00
-6.005696141252257370e+00,-6.230319970475775904e+00
-6.005696141252257370e+00,-6.230319970475775904e+00
-6.005696141252257370e+00,-6.230319970475775904e+00
-6.005696141252257370e+00,-5.929994880290660575e+00
-6.005696141252257370e+00,-5.929994880290660575e+00
-5.952481499341262250e+00,-5.929994880290660575e+00
-5.952481499341262250e+00,-5.929994880290660575e+00
-5.952481499341262250e+00,-5.970548668568707917e+00
-5.952481499341262250e+00,-5.970548668568707917e+00
-5.952481499341262250e+00,-5.970548668568707917e+00
-5.952481499341262250e+00,-5.970548668568707917e+00
-5.952481499341262250e+00,-5.970548668568707917e+00
-5.952481499341262250e+00,-5.970548668568707917e+00
-5.952481499341262250e+00,-5.970548668568707917e+00
-5.952481499341262250e+00,-5.970548668568707917e+00
-5.952481499341262250e+00,-5.970548668568707917e+00
-5.952481499341262250e+00,-5.995543589825697239e+00
-5.952481499341262250e+00,-5.995543589825697239e+00
-5.952481499341262250e+00,-5.995543589825697239e+00
-5.698213053229934211e+00,-5.995543589825697239e+00
-5.698213053229934211e+00,-5.518098036234950321e+00
-5.698213053229934211e+00,-5.518098036234950321e+00
-5.698213053229934211e+00,-5.518098036234950321e+00
-5.649640342535089843e+00,-5.518098036234950321e+00
-5.649640342535089843e+00,-5.518098036234950321e+00
-5.649640342535089843e+00,-5.587173960044760967e+00
-5.649640342535089843e+00,-5.587173960044760967e+00
-5.649640342535089843e+00,-5.587173960044760967e+00
-5.649640342535089843e+00,-5.587173960044760967e+00
-5.649640342535089843e+00,-5.587173960044760967e+00
-5.649640342535089843e+00,-5.587173960044760967e+00
-5.649640342535089843e+00,-5.587173960044760967e+00
-5.649640342535089843e+00,-5.587173960044760967e+00
-5.649640342535089843e+00,-5.587173960044760967e+00
-5.649640342535089843e+00,-5.587173960044760967e+00
-5.649640342535089843e+00,-5.587173960044760967e+00
-5.649640342535089843e+00,-5.587173960044760967e+00
-6.898936175962204231e+01,-6.060916192633821709e+01
-6.898936175962204231e+01,-6.060916192633821709e+01
-6.898936175962204231e+01,-6.060916192633821709e+01
-6.898936175962204231e+01,-6.060916192633821709e+01
-6.898936175962204231e+01,-6.060916192633821709e+01
-6.898936175962204231e+01,-6.060916192633821709e+01
-6.898936175962204231e+01,-6.060916192633821709e+01
-6.898936175962204231e+01,-6.060916192633821709e+01
-6.898936175962204231e+01,-6.060916192633821709e+01
-6.898936175962204231e+01,-6.060916192633821709e+01
-6.898936175962204231e+01,-6.060916192633821709e+01
-6.898936175962204231e+01,-6.060916192633821709e+01
-6.898936175962204231e+01,-6.060916192633821709e+01
-6.898936175962204231e+01,-6.060916192633821709e+01
-6.898936175962204231e+01,-6.060916192633821709e+01
-6.898936175962204231e+01,-6.060916192633821709e+01
-6.898936175962204231e+01,-6.060916192633821709e+01
-6.898936175962204231e+01,-6.060916192633821709e+01
-6.898936175962204231e+01,-6.060916192633821709e+01
-6.898936175962204231e+01,-6.060916192633821709e+01
-6.898936175962204231e+01,-6.060916192633821709e+01
-6.898936175962204231e+01,-6.060916192633821709e+01
-6.898936175962204231e+01,-6.060916192633821709e+01
-6.898936175962204231e+01,-6.060916192633821709e+01
-6.898936175962204231e+01,-6.060916192633821709e+01
-6.898936175962204231e+01,-6.060916192633821709e+01
-6.898936175962204231e+01,-6.060916192633821709e+01
-6.898936175962204231e+01,-6.898936175962204231e+01
-6.898936175962204231e+01,-6.898936175962204231e+01
-6.898936175962204231e+01,-6.898936175962204231e+01
-6.898936175962204231e+01,-6.898936175962204231e+01
-6.898936175962204231e+01,-6.898936175962204231e+01
-6.898936175962204231e+01,-6.898936175962204231e+01
-6.898936175962204231e+01,-6.898936175962204231e+01
-6.898936175962204231e+01,-6.898936175962204231e+01
-6.898936175962204231e+01,-6.898936175962204231e+01
-6.898936175962204231e+01,-6.898936175962204231e+01
-6.898936175962204231e+01,-6.898936175962204231e+01
-6.898936175962204231e+01,-6.898936175962204231e+01
-6.898936175962204231e+01,-6.898936175962204231e+01
-6.898936175962204231e+01,-6.898936175962204231e+01
-6.898936175962204231e+01,-6.898936175962204231e+01
-6.898936175962204231e+01,-6.898936175962204231e+01
-6.898936175962204231e+01,-6.898936175962204231e+01
-6.898936175962204231e+01,-6.898936175962204231e+01
-6.898936175962204231e+01,-6.898936175962204231e+01
-6.898936175962204231e+01,-6.898936175962204231e+01
-6.898936175962204231e+01,-6.898936175962204231e+01
-6.898936175962204231e+01,-6.898936175962204231e+01
-6.898936175962204231e+01,-6.898936175962204231e+01
-6.898936175962204231e+01,-6.898936175962204231e+01
-6.898936175962204231e+01,-6.898936175962204231e+01
-6.898936175962204231e+01,-6.898936175962204231e+01
-6.898936175962204231e+01,-6.898936175962204231e+01
-6.898936175962204231e+01,-6.898936175962204231e+01
-6.898936175962204231e+01,-6.898936175962204231e+01
-6.898936175962204231e+01,-6.898936175962204231e+01
-6.898936175962204231e+01,-6.898936175962204231e+01
-6.898936175962204231e+01,-6.898936175962204231e+01
-6.898936175962204231e+01,-6.898936175962204231e+01
-6.898936175962204231e+01,-6.898936175962204231e+01
-6.898936175962204231e+01,-6.898936175962204231e+01
-6.898936175962204231e+01,-6.898936175962204231e+01
-6.898936175962204231e+01,-6.898936175962204231e+01
-6.898936175962204231e+01,-6.898936175962204231e+01
-6.898936175962204231e+01,-6.898936175962204231e+01
-6.898936175962204231e+01,-6.898936175962204231e+01
-6.898936175962204231e+01,-6.898936175962204231e+01
-6.898936175962204231e+01,-6.898936175962204231e+01
-6.898936175962204231e+01,-6.898936175962204231e+01
-6.898936175962204231e+01,-6.898936175962204231e+01
-6.898936175962204231e+01,-6.898936175962204231e+01
-6.898936175962204231e+01,-6.898936175962204231e+01
-6.898936175962204231e+01,-6.898936175962204231e+01
-6.898936175962204231e+01,-6.898936175962204231e+01
-6.898936175962204231e+01,-6.898936175962204231e+01
-6.898936175962204231e+01,-6.898936175962204231e+01
-6.898936175962204231e+01,-6.898936175962204231e+01
-5.422302186341148023e+00,-5.480983585354661791e+00
-5.422302186341148023e+00,-5.480983585354661791e+00
-5.422302186341148023e+00,-5.480983585354661791e+00
-5.422302186341148023e+00,-5.480983585354661791e+00
-5.422302186341148023e+00,-5.480983585354661791e+00
-5.422302186341148023e+00,-5.480983585354661791e+00
-5.422302186341148023e+00,-5.480983585354661791e+00
-5.422302186341148023e+00,-5.480983585354661791e+00
-5.422302186341148023e+00,-5.480983585354661791e+00
-5.422302186341148023e+00,-5.201208574384952321e+00
-5.422302186341148023e+00,-5.201208574384952321e+00
-5.422302186341148023e+00,-5.201208574384952321e+00
-5.422302186341148023e+00,-5.201208574384952321e+00
-5.422302186341148023e+00,-5.201208574384952321e+00
-5.422302186341148023e+00,-5.201208574384952321e+00
-5.422302186341148023e+00,-5.201208574384952321e+00
-5.422302186341148023e+00,-5.201208574384952321e+00
-5.422302186341148023e+00,-5.201208574384952321e+00
-5.422302186341148023e+00,-5.201208574384952321e+00
-5.422302186341148023e+00,-5.201208574384952321e+00
-5.422302186341148023e+00,-5.201208574384952321e+00
-5.422302186341148023e+00,-5.201208574384952321e+00
-5.422302186341148023e+00,-5.201208574384952321e+00
-5.422302186341148023e+00,-5.201208574384952321e+00
-5.422302186341148023e+00,-5.201208574384952321e+00
-5.422302186341148023e+00,-5.201208574384952321e+00
-5.422302186341148023e+00,-5.201208574384952321e+00
-5.422302186341148023e+00,-5.201208574384952321e+00
-5.422302186341148023e+00,-5.201208574384952321e+00
-5.422302186341148023e+00,-5.201208574384952321e+00
-5.422302186341148023e+00,-5.201208574384952321e+00
-5.422302186341148023e+00,-5.201208574384952321e+00
-5.422302186341148023e+00,-5.201208574384952321e+00
-5.422302186341148023e+00,-5.201208574384952321e+00
-5.422302186341148023e+00,-5.232461415703662411e+00
-5.422302186341148023e+00,-5.232461415703662411e+00
-5.422302186341148023e+00,-5.232461415703662411e+00
-5.422302186341148023e+00,-5.232461415703662411e+00
-5.422302186341148023e+00,-5.232461415703662411e+00
-5.422302186341148023e+00,-5.232461415703662411e+00
-5.422302186341148023e+00,-5.232461415703662411e+00
-5.422302186341148023e+00,-5.232461415703662411e+00
-5.422302186341148023e+00,-5.232461415703662411e+00
-5.422302186341148023e+00,-5.232461415703662411e+00
-5.422302186341148023e+00,-5.232461415703662411e+00
-5.422302186341148023e+00,-5.232461415703662411e+00
-5.422302186341148023e+00,-5.232461415703662411e+00
-5.422302186341148023e+00,-5.232461415703662411e+00
-5.422302186341148023e+00,-5.232461415703662411e+00
-5.422302186341148023e+00,-5.232461415703662411e+00
-5.422302186341148023e+00,-5.232461415703662411e+00
-5.422302186341148023e+00,-5.232461415703662411e+00
-5.422302186341148023e+00,-5.232461415703662411e+00
-5.422302186341148023e+00,-5.232461415703662411e+00
-5.422302186341148023e+00,-5.232461415703662411e+00
-5.422302186341148023e+00,-4.741274503033098497e+00
-5.422302186341148023e+00,-4.741274503033098497e+00
-5.422302186341148023e+00,-4.741274503033098497e+00
-5.422302186341148023e+00,-4.741274503033098497e+00
-5.422302186341148023e+00,-4.741274503033098497e+00
-5.254346772187193260e+00,-4.741274503033098497e+00
-5.254346772187193260e+00,-4.741274503033098497e+00
-5.254346772187193260e+00,-4.741274503033098497e+00
-5.254346772187193260e+00,-4.741274503033098497e+00
-5.254346772187193260e+00,-4.741274503033098497e+00
-6.123781407374558938e+01,-6.123781407374558938e+01
-6.123781407374558938e+01,-6.123781407374558938e+01
-6.123781407374558938e+01,-6.123781407374558938e+01
-6.123781407374558938e+01,-6.123781407374558938e+01
-6.123781407374558938e+01,-6.123781407374558938e+01
-6.123781407374558938e+01,-6.123781407374558938e+01
-6.123781407374558938e+01,-6.123781407374558938e+01
-6.123781407374558938e+01,-6.123781407374558938e+01
-6.123781407374558938e+01,-6.123781407374558938e+01
-6.123781407374558938e+01,-6.123781407374558938e+01
-6.123781407374558938e+01,-6.123781407374558938e+01
-6.123781407374558938e+01,-6.123781407374558938e+01
-6.123781407374558938e+01,-6.123781407374558938e+01
-6.123781407374558938e+01,-6.123781407374558938e+01
-6.123781407374558938e+01,-6.123781407374558938e+01
-6.123781407374558938e+01,-6.123781407374558938e+01
-6.123781407374558938e+01,-6.123781407374558938e+01
-6.123781407374558938e+01,-6.123781407374558938e+01
-6.123781407374558938e+01,-6.123781407374558938e+01
-6.123781407374558938e+01,-6.123781407374558938e+01
-6.123781407374558938e+01,-6.123781407374558938e+01
-6.123781407374558938e+01,-6.123781407374558938e+01
-6.123781407374558938e+01,-6.123781407374558938e+01
-6.123781407374558938e+01,-6.123781407374558938e+01
-6.123781407374558938e+01,-6.123781407374558938e+01
-6.123781407374558938e+01,-6.123781407374558938e+01
-6.123781407374558938e+01,-6.123781407374558938e+01
-6.123781407374558938e+01,-6.123781407374558938e+01
-6.123781407374558938e+01,-6.123781407374558938e+01
-6.123781407374558938e+01,-6.123781407374558938e+01
-6.123781407374558938e+01,-6.123781407374558938e+01
-6.123781407374558938e+01,-6.123781407374558938e+01
-6.123781407374558938e+01,-6.123781407374558938e+01
-6.123781407374558938e+01,-6.123781407374558938e+01
-6.123781407374558938e+01,-6.123781407374558938e+01
-6.123781407374558938e+01,-6.123781407374558938e+01
-6.123781407374558938e+01,-6.123781407374558938e+01
-6.123781407374558938e+01,-6.123781407374558938e+01
-6.123781407374558938e+01,-6.123781407374558938e+01
-6.123781407374558938e+01,-6.123781407374558938e+01
-6.123781407374558938e+01,-6.123781407374558938e+01
-6.123781407374558938e+01,-6.123781407374558938e+01
-6.123781407374558938e+01,-6.123781407374558938e+01
-6.123781407374558938e+01,-6.123781407374558938e+01
-6.123781407374558938e+01,-6.123781407374558938e+01
-6.123781407374558938e+01,-6.123781407374558938e+01
-6.123781407374558938e+01,-6.123781407374558938e+01
-6.123781407374558938e+01,-6.123781407374558938e+01
-6.123781407374558938e+01,-6.123781407374558938e+01
-6.123781407374558938e+01,-6.123781407374558938e+01
-6.123781407374558938e+01,-6.123781407374558938e+01
-6.123781407374558938e+01,-6.123781407374558938e+01
-6.123781407374558938e+01,-6.123781407374558938e+01
-6.123781407374558938e+01,-6.123781407374558938e+01
-6.123781407374558938e+01,-6.123781407374558938e+01
-5.254346772187193260e+00,-4.812995719727264365e+00
-5.254346772187193260e+00,-4.812995719727264365e+00
-5.254346772187193260e+00,-4.812995719727264365e+00
-5.254346772187193260e+00,-4.812995719727264365e+00
-5.254346772187193260e+00,-4.812995719727264365e+00
-5.254346772187193260e+00,-4.812995719727264365e+00
-5.254346772187193260e+00,-4.812995719727264365e+00
-5.254346772187193260e+00,-4.812995719727264365e+00
-5.254346772187193260e+00,-4.812995719727264365e+00
-5.254346772187193260e+00,-4.812995719727264365e+00
-5.254346772187193260e+00,-4.812995719727264365e+00
-5.254346772187193260e+00,-4.812995719727264365e+00
-4.868905817813757864e+00,-4.812995719727264365e+00
-4.868905817813757864e+00,-4.812995719727264365e+00
-4.868905817813757864e+00,-4.812995719727264365e+00
-4.868905817813757864e+00,-4.812995719727264365e+00
-4.868905817813757864e+00,-4.812995719727264365e+00
-4.868905817813757864e+00,-4.812995719727264365e+00
-4.868905817813757864e+00,-4.812995719727264365e+00
-4.868905817813757864e+00,-4.812995719727264365e+00
-4.868905817813757864e+00,-4.812995719727264365e+00
-4.868905817813757864e+00,-4.812995719727264365e+00
-4.868905817813757864e+00,-4.812995719727264365e+00
-4.868905817813757864e+00,-4.812995719727264365e+00
-4.868905817813757864e+00,-4.812995719727264365e+00
-4.868905817813757864e+00,-4.812995719727264365e+00
-4.868905817813757864e+00,-4.812995719727264365e+00
-4.868905817813757864e+00,-4.812995719727264365e+00
-4.868905817813757864e+00,-4.812995719727264365e+00
-4.868905817813757864e+00,-4.672506703345412404e+00
-4.868905817813757864e+00,-4.672506703345412404e+00
-4.868905817813757864e+00,-4.672506703345412404e+00
-4.868905817813757864e+00,-4.672506703345412404e+00
-4.868905817813757864e+00,-4.585434675398572857e+00
-4.868905817813757864e+00,-4.585434675398572857e+00
-4.868905817813757864e+00,-4.585434675398572857e+00
-4.868905817813757864e+00,-4.585434675398572857e+00
-4.868905817813757864e+00,-4.585434675398572857e+00
-4.868905817813757864e+00,-4.585434675398572857e+00
-4.868905817813757864e+00,-4.585434675398572857e+00
-4.868905817813757864e+00,-4.585434675398572857e+00
-4.868905817813757864e+00,-4.585434675398572857e+00
-4.868905817813757864e+00,-4.585434675398572857e+00
-4.868905817813757864e+00,-4.585434675398572857e+00
-4.868905817813757864e+00,-4.585434675398572857e+00
-4.868905817813757864e+00,-4.585434675398572857e+00
-4.868905817813757864e+00,-4.585434675398572857e+00
-4.868905817813757864e+00,-4.585434675398572857e+00
-6.123781407374558938e+01,-6.123781407374558938e+01
-6.123781407374558938e+01,-6.123781407374558938e+01
-6.123781407374558938e+01,-6.123781407374558938e+01
-6.123781407374558938e+01,-6.123781407374558938e+01
-6.123781407374558938e+01,-6.123781407374558938e+01
-6.123781407374558938e+01,-6.123781407374558938e+01
-6.123781407374558938e+01,-6.123781407374558938e+01
-6.123781407374558938e+01,-6.123781407374558938e+01
-6.123781407374558938e+01,-6.123781407374558938e+01
-6.123781407374558938e+01,-6.123781407374558938e+01
-6.123781407374558938e+01,-6.123781407374558938e+01
-6.123781407374558938e+01,-6.123781407374558938e+01
-6.123781407374558938e+01,-6.123781407374558938e+01
-6.123781407374558938e+01,-6.123781407374558938e+01
-6.123781407374558938e+01,-6.123781407374558938e+01
-6.123781407374558938e+01,-6.123781407374558938e+01
-6.123781407374558938e+01,-6.123781407374558938e+01
-6.123781407374558938e+01,-6.123781407374558938e+01
-6.123781407374558938e+01,-6.123781407374558938e+01
-6.123781407374558938e+01,-6.123781407374558938e+01
-6.123781407374558938e+01,-6.123781407374558938e+01
-6.123781407374558938e+01,-6.123781407374558938e+01
-6.123781407374558938e+01,-6.123781407374558938e+01
-6.123781407374558938e+01,-6.123781407374558938e+01
-6.123781407374558938e+01,-6.123781407374558938e+01
-6.123781407374558938e+01,-6.123781407374558938e+01
-6.123781407374558938e+01,-6.123781407374558938e+01
-6.123781407374558938e+01,-6.123781407374558938e+01
-6.123781407374558938e+01,-6.123781407374558938e+01
-6.123781407374558938e+01,-6.123781407374558938e+01
-6.123781407374558938e+01,-6.123781407374558938e+01
-6.123781407374558938e+01,-6.123781407374558938e+01
-6.123781407374558938e+01,-6.123781407374558938e+01
-6.123781407374558938e+01,-6.123781407374558938e+01
-6.123781407374558938e+01,-6.123781407374558938e+01
-6.123781407374558938e+01,-6.123781407374558938e+01
-6.123781407374558938e+01,-6.123781407374558938e+01
-6.123781407374558938e+01,-6.123781407374558938e+01
-6.123781407374558938e+01,-6.123781407374558938e+01
-6.123781407374558938e+01,-6.123781407374558938e+01
-6.123781407374558938e+01,-6.123781407374558938e+01
-6.123781407374558938e+01,-6.123781407374558938e+01
-6.123781407374558938e+01,-6.123781407374558938e+01
-6.123781407374558938e+01,-6.123781407374558938e+01
-4.868905817813757864e+00,-4.479846463426965464e+00
-4.868905817813757864e+00,-4.479846463426965464e+00
-4.868905817813757864e+00,-4.479846463426965464e+00
-4.868905817813757864e+00,-4.479846463426965464e+00
-4.868905817813757864e+00,-4.479846463426965464e+00
-4.868905817813757864e+00,-4.479846463426965464e+00
-4.868905817813757864e+00,-4.479846463426965464e+00
-4.868905817813757864e+00,-4.479846463426965464e+00
-4.868905817813757864e+00,-4.479846463426965464e+00
-4.868905817813757864e+00,-4.479846463426965464e+00
-4.868905817813757864e+00,-4.479846463426965464e+00
-4.868905817813757864e+00,-4.479846463426965464e+00
-4.868905817813757864e+00,-4.479846463426965464e+00
-4.868905817813757864e+00,-4.479846463426965464e+00
-4.868905817813757864e+00,-4.479846463426965464e+00
-4.868905817813757864e+00,-4.479846463426965464e+00
-4.868905817813757864e+00,-4.479846463426965464e+00
-4.868905817813757864e+00,-4.479846463426965464e+00
-4.868905817813757864e+00,-4.479846463426965464e+00
-4.868905817813757864e+00,-4.479846463426965464e+00
-4.868905817813757864e+00,-4.479846463426965464e+00
-4.868905817813757864e+00,-4.479846463426965464e+00
-4.868905817813757864e+00,-4.479846463426965464e+00
-4.868905817813757864e+00,-4.479846463426965464e+00
-4.868905817813757864e+00,-4.479846463426965464e+00
-4.868905817813757864e+00,-4.479846463426965464e+00
-4.742665728220023524e+00,-4.479846463426965464e+00
-4.742665728220023524e+00,-4.479846463426965464e+00
-4.742665728220023524e+00,-4.479846463426965464e+00
-4.742665728220023524e+00,-4.479846463426965464e+00
-4.742665728220023524e+00,-4.479846463426965464e+00
-4.742665728220023524e+00,-4.479846463426965464e+00
-4.742665728220023524e+00,-4.479846463426965464e+00
-4.742665728220023524e+00,-4.479846463426965464e+00
-4.742665728220023524e+00,-4.479846463426965464e+00
-4.742665728220023524e+00,-4.479846463426965464e+00
-4.742665728220023524e+00,-4.479846463426965464e+00
-4.742665728220023524e+00,-4.479846463426965464e+00
-4.742665728220023524e+00,-4.479846463426965464e+00
-6.123781407374558938e+01,-6.123781407374558938e+01
-6.123781407374558938e+01,-6.123781407374558938e+01
-6.123781407374558938e+01,-6.123781407374558938e+01
-6.123781407374558938e+01,-6.123781407374558938e+01
-6.123781407374558938e+01,-6.123781407374558938e+01
-6.123781407374558938e+01,-6.123781407374558938e+01
-6.123781407374558938e+01,-6.123781407374558938e+01
-6.123781407374558938e+01,-6.123781407374558938e+01
-6.123781407374558938e+01,-6.123781407374558938e+01
-6.123781407374558938e+01,-6.123781407374558938e+01
-6.123781407374558938e+01,-6.123781407374558938e+01
-6.123781407374558938e+01,-6.123781407374558938e+01
-6.123781407374558938e+01,-6.123781407374558938e+01
-6.123781407374558938e+01,-6.123781407374558938e+01
-6.123781407374558938e+01,-6.123781407374558938e+01
-6.123781407374558938e+01,-6.123781407374558938e+01
-6.123781407374558938e+01,-6.123781407374558938e+01
-6.123781407374558938e+01,-6.123781407374558938e+01
-6.123781407374558938e+01,-6.123781407374558938e+01
-6.123781407374558938e+01,-6.123781407374558938e+01
-6.123781407374558938e+01,-6.123781407374558938e+01
-6.123781407374558938e+01,-6.123781407374558938e+01
-6.123781407374558938e+01,-6.123781407374558938e+01
-6.123781407374558938e+01,-6.123781407374558938e+01
-6.123781407374558938e+01,-6.123781407374558938e+01
-6.123781407374558938e+01,-6.123781407374558938e+01
-6.123781407374558938e+01,-6.123781407374558938e+01
-6.123781407374558938e+01,-6.123781407374558938e+01
-6.123781407374558938e+01,-6.123781407374558938e+01
-6.123781407374558938e+01,-6.123781407374558938e+01
-6.123781407374558938e+01,-2.383256982716152805e+01
-6.123781407374558938e+01,-2.383256982716152805e+01
-6.123781407374558938e+01,-2.383256982716152805e+01
-6.123781407374558938e+01,-2.383256982716152805e+01
-6.123781407374558938e+01,-2.383256982716152805e+01
-6.123781407374558938e+01,-2.383256982716152805e+01
-4.672506703345412404e+00,-3.337225838143397905e+00
-4.672506703345412404e+00,-3.337225838143397905e+00
-4.672506703345412404e+00,-3.337225838143397905e+00
-4.672506703345412404e+00,-3.337225838143397905e+00
-4.672506703345412404e+00,-3.337225838143397905e+00
-4.585434675398572857e+00,-3.337225838143397905e+00
-4.585434675398572857e+00,-3.337225838143397905e+00
-4.585434675398572857e+00,-3.337225838143397905e+00
-4.585434675398572857e+00,-3.337225838143397905e+00
-4.585434675398572857e+00,-3.337225838143397905e+00
-4.585434675398572857e+00,-3.337225838143397905e+00
-4.585434675398572857e+00,-3.337225838143397905e+00
-4.585434675398572857e+00,-3.337225838143397905e+00
-4.585434675398572857e+00,-3.337225838143397905e+00
-4.585434675398572857e+00,-3.337225838143397905e+00
-4.585434675398572857e+00,-3.337225838143397905e+00
-4.585434675398572857e+00,-3.337225838143397905e+00
-4.585434675398572857e+00,-3.337225838143397905e+00
-4.585434675398572857e+00,-3.337225838143397905e+00
-4.479846463426965464e+00,-3.337225838143397905e+00
-4.479846463426965464e+00,-3.337225838143397905e+00
-4.479846463426965464e+00,-3.337225838143397905e+00
-4.479846463426965464e+00,-3.337225838143397905e+00
-4.479846463426965464e+00,-3.337225838143397905e+00
-4.479846463426965464e+00,-3.337225838143397905e+00
-4.479846463426965464e+00,-3.337225838143397905e+00
-4.479846463426965464e+00,-3.337225838143397905e+00
-4.652416740293579878e+00,-3.337225838143397905e+00
-4.652416740293579878e+00,-3.337225838143397905e+00
-4.652416740293579878e+00,-3.337225838143397905e+00
-4.652416740293579878e+00,-3.337225838143397905e+00
-4.652416740293579878e+00,-3.337225838143397905e+00
-4.652416740293579878e+00,-2.983069290821201758e+00
-6.123781407374558938e+01,-2.383256982716152805e+01
-6.123781407374558938e+01,-2.383256982716152805e+01
-6.123781407374558938e+01,-2.383256982716152805e+01
-6.123781407374558938e+01,-2.383256982716152805e+01
-6.123781407374558938e+01,-2.383256982716152805e+01
-6.123781407374558938e+01,-2.383256982716152805e+01
-6.123781407374558938e+01,-2.383256982716152805e+01
-6.123781407374558938e+01,-2.383256982716152805e+01
-6.123781407374558938e+01,-2.383256982716152805e+01
-6.123781407374558938e+01,-2.383256982716152805e+01
-6.123781407374558938e+01,-2.383256982716152805e+01
-6.123781407374558938e+01,-2.383256982716152805e+01
-6.123781407374558938e+01,-2.383256982716152805e+01
-6.123781407374558938e+01,-2.383256982716152805e+01
-6.123781407374558938e+01,-2.383256982716152805e+01
-6.123781407374558938e+01,-2.383256982716152805e+01
-6.123781407374558938e+01,-2.383256982716152805e+01
-6.123781407374558938e+01,-2.383256982716152805e+01
-6.123781407374558938e+01,-2.383256982716152805e+01
-6.123781407374558938e+01,-2.383256982716152805e+01
-6.123781407374558938e+01,-2.383256982716152805e+01
-6.123781407374558938e+01,-2.383256982716152805e+01
-6.123781407374558938e+01,-2.383256982716152805e+01
-6.123781407374558938e+01,-2.383256982716152805e+01
-6.123781407374558938e+01,-2.383256982716152805e+01
-6.123781407374558938e+01,-6.060916192633821709e+01
-6.123781407374558938e+01,-6.060916192633821709e+01
-6.123781407374558938e+01,-6.060916192633821709e+01
-6.123781407374558938e+01,-6.060916192633821709e+01
-6.123781407374558938e+01,-6.060916192633821709e+01
-4.086364861270520343e+00,-4.689614237880794789e+00
-3.337225838143397905e+00,-4.689614237880794789e+00
-3.337225838143397905e+00,-4.689614237880794789e+00
-3.337225838143397905e+00,-4.689614237880794789e+00
-3.337225838143397905e+00,-3.664723193489506148e+00
-3.337225838143397905e+00,-3.664723193489506148e+00
-3.337225838143397905e+00,-3.664723193489506148e+00
-3.337225838143397905e+00,-3.664723193489506148e+00
-3.337225838143397905e+00,-3.664723193489506148e+00
-3.337225838143397905e+00,-3.664723193489506148e+00
-3.337225838143397905e+00,-3.664723193489506148e+00
-3.337225838143397905e+00,-3.664723193489506148e+00
-3.337225838143397905e+00,-3.664723193489506148e+00
-3.337225838143397905e+00,-3.664723193489506148e+00
-3.337225838143397905e+00,-3.664723193489506148e+00
-4.504823761472275478e+00,-3.664723193489506148e+00
-4.504823761472275478e+00,-3.664723193489506148e+00
-4.504823761472275478e+00,-2.134939747301917379e+00
-4.504823761472275478e+00,-2.134939747301917379e+00
-4.504823761472275478e+00,-2.134939747301917379e+00
-4.504823761472275478e+00,-2.134939747301917379e+00
-4.504823761472275478e+00,-2.134939747301917379e+00
-4.504823761472275478e+00,-2.134939747301917379e+00
-4.504823761472275478e+00,-2.134939747301917379e+00
-4.504823761472275478e+00,-2.134939747301917379e+00
-4.504823761472275478e+00,-2.134939747301917379e+00
-4.504823761472275478e+00,-2.134939747301917379e+00
-4.314802463567376734e+00,-2.816116738899651306e+00
-2.383256982716152805e+01,-2.357294720714643432e+01
-2.383256982716152805e+01,-2.357294720714643432e+01
-2.383256982716152805e+01,-2.357294720714643432e+01
-2.383256982716152805e+01,-2.357294720714643432e+01
-2.383256982716152805e+01,-2.357294720714643432e+01
-2.383256982716152805e+01,-2.357294720714643432e+01
-2.383256982716152805e+01,-2.357294720714643432e+01
-2.383256982716152805e+01,-2.357294720714643432e+01
-6.060916192633821709e+01,-2.357294720714643432e+01
-6.060916192633821709e+01,-2.357294720714643432e+01
-6.060916192633821709e+01,-2.357294720714643432e+01
-6.060916192633821709e+01,-2.357294720714643432e+01
-6.060916192633821709e+01,-2.357294720714643432e+01
-6.060916192633821709e+01,-2.357294720714643432e+01
-6.060916192633821709e+01,-2.357294720714643432e+01
-6.060916192633821709e+01,-2.357294720714643432e+01
-6.060916192633821709e+01,-2.357294720714643432e+01
-6.060916192633821709e+01,-2.357294720714643432e+01
-6.060916192633821709e+01,-2.357294720714643432e+01
-6.060916192633821709e+01,-2.357294720714643432e+01
-6.060916192633821709e+01,-2.357294720714643432e+01
-6.060916192633821709e+01,-2.357294720714643432e+01
-6.060916192633821709e+01,-2.357294720714643432e+01
-6.060916192633821709e+01,-2.357294720714643432e+01
-6.060916192633821709e+01,-2.357294720714643432e+01
-6.060916192633821709e+01,-2.357294720714643432e+01
-3.664723193489506148e+00,-2.213291412145539372e+00
-3.664723193489506148e+00,-4.330817679334893811e+00
-3.664723193489506148e+00,-4.330817679334893811e+00
-3.664723193489506148e+00,-4.330817679334893811e+00
-3.664723193489506148e+00,-4.330817679334893811e+00
-3.664723193489506148e+00,-4.330817679334893811e+00
-3.664723193489506148e+00,-2.317694762926234109e+00
-3.664723193489506148e+00,-2.317694762926234109e+00
-3.664723193489506148e+00,-2.317694762926234109e+00
-2.816116738899651306e+00,-2.317694762926234109e+00
-2.816116738899651306e+00,-2.317694762926234109e+00
-2.816116738899651306e+00,-2.317694762926234109e+00
-2.816116738899651306e+00,-4.113327698377077901e+00
-2.816116738899651306e+00,-4.113327698377077901e+00
-2.816116738899651306e+00,-4.113327698377077901e+00
-3.348480753124192244e+00,-2.395953478712805840e+00
-3.348480753124192244e+00,-2.395953478712805840e+00
-3.348480753124192244e+00,-2.395953478712805840e+00
-3.348480753124192244e+00,-2.395953478712805840e+00
-3.348480753124192244e+00,-2.395953478712805840e+00
-3.348480753124192244e+00,-2.395953478712805840e+00
-3.794452087328771928e+00,-2.395953478712805840e+00
-3.794452087328771928e+00,-2.395953478712805840e+00
-3.794452087328771928e+00,-2.395953478712805840e+00
-3.794452087328771928e+00,-2.395953478712805840e+00
-2.357294720714643432e+01,-2.331384240414608300e+01
-2.357294720714643432e+01,-2.331384240414608300e+01
-2.357294720714643432e+01,-2.331384240414608300e+01
-2.357294720714643432e+01,-2.331384240414608300e+01
-2.357294720714643432e+01,-2.331384240414608300e+01
-2.357294720714643432e+01,-2.331384240414608300e+01
-2.357294720714643432e+01,-2.331384240414608300e+01
-2.357294720714643432e+01,-2.331384240414608300e+01
-2.357294720714643432e+01,-2.331384240414608300e+01
-2.357294720714643432e+01,-2.331384240414608300e+01
-2.357294720714643432e+01,-2.331384240414608300e+01
-2.357294720714643432e+01,-2.331384240414608300e+01
-2.357294720714643432e+01,-2.331384240414608300e+01
-2.357294720714643432e+01,-2.331384240414608300e+01
-2.357294720714643432e+01,-2.331384240414608300e+01
-2.357294720714643432e+01,-2.331384240414608300e+01
-2.357294720714643432e+01,-2.331384240414608300e+01
-2.357294720714643432e+01,-2.331384240414608300e+01
-5.991215060236962842e+01,-2.331384240414608300e+01
-5.991215060236962842e+01,-2.331384240414608300e+01
-5.991215060236962842e+01,-2.331384240414608300e+01
-5.991215060236962842e+01,-2.331384240414608300e+01
-5.991215060236962842e+01,-2.331384240414608300e+01
-4.113327698377077901e+00,-2.578431833553993080e+00
-4.113327698377077901e+00,-2.578431833553993080e+00
-2.395953478712805840e+00,-2.578431833553993080e+00
-2.395953478712805840e+00,-2.578431833553993080e+00
-2.395953478712805840e+00,-2.578431833553993080e+00
-2.395953478712805840e+00,-2.578431833553993080e+00
-2.395953478712805840e+00,nan
-2.395953478712805840e+00,-2.657110956592166229e+00
-2.395953478712805840e+00,-2.657110956592166229e+00
-2.395953478712805840e+00,-2.657110956592166229e+00
-2.395953478712805840e+00,-2.657110956592166229e+00
-3.158287437389425190e+00,-2.657110956592166229e+00
-3.158287437389425190e+00,-2.657110956592166229e+00
-3.158287437389425190e+00,-2.657110956592166229e+00
-3.752843689587187281e+00,-2.657110956592166229e+00
-3.192475170423760833e+00,-2.657110956592166229e+00
-3.192475170423760833e+00,-2.657110956592166229e+00
-3.192475170423760833e+00,-2.657110956592166229e+00
-3.226658247915988653e+00,-1.319889414089678636e+00
-3.226658247915988653e+00,-2.683158040747338990e+00
-3.226658247915988653e+00,-2.683158040747338990e+00
-3.226658247915988653e+00,-1.332764234410531490e+00
-2.474178612165845337e+00,-1.332764234410531490e+00
-2.331384240414608300e+01,-2.305421898569177586e+01
-2.331384240414608300e+01,-2.305421898569177586e+01
-2.331384240414608300e+01,-2.305421898569177586e+01
-2.331384240414608300e+01,-2.305421898569177586e+01
-2.331384240414608300e+01,-2.305421898569177586e+01
