-6.141178988676830208e+00,-6.141178988676830208e+00
-6.171967003499152504e+00,-6.171967003499152504e+00
-6.201562914654568992e+00,-6.201562914654568992e+00
-6.230896675355443115e+00,-6.230896675355443115e+00
-6.259969134989623818e+00,-6.259969134989623818e+00
-6.288781143224763781e+00,-6.288781143224763781e+00
-6.317333550008018328e+00,-6.317333550008018328e+00
-6.345627205565386397e+00,-6.345627205565386397e+00
-6.373662960401343724e+00,-6.373662960401343724e+00
-6.401441665298187367e+00,-6.401441665298187367e+00
-6.428964171315329601e+00,-6.428964171315329601e+00
-6.456231329788662876e+00,-6.456231329788662876e+00
-6.483243992329545513e+00,-6.483243992329545513e+00
-6.510003010824099157e+00,-6.510003010824099157e+00
-6.536509237432158059e+00,-6.536509237432158059e+00
-6.562763524586204156e+00,-6.562763524586204156e+00
-6.588766724990347434e+00,-6.588766724990347434e+00
-6.614519691618938602e+00,-6.614519691618938602e+00
-6.640023277715450867e+00,-6.640023277715450867e+00
-6.665278336791065961e+00,-6.665278336791065961e+00
-6.690285722623170450e+00,-6.690285722623170450e+00
-6.715046289253924883e+00,-6.715046289253924883e+00
-6.739560890988482988e+00,-6.739560890988482988e+00
-6.763830382393441809e+00,-6.763830382393441809e+00
-6.787855618294933890e+00,-6.787855618294933890e+00
-6.811637453776775430e+00,-6.811637453776775430e+00
-6.835176744178550479e+00,-6.835176744178550479e+00
-6.858474345093346081e+00,-6.858474345093346081e+00
-6.881531112365762759e+00,-6.881531112365762759e+00
-6.904347902089591926e+00,-6.904347902089591926e+00
-6.926925570605391158e+00,-6.926925570605391158e+00
-6.949264974498163383e+00,-6.949264974498163383e+00
-6.971366970594570667e+00,-6.971366970594570667e+00
-6.993232415960474846e+00,-6.993232415960474846e+00
-7.014862167898082035e+00,-7.014862167898082035e+00
-7.036257083943045387e+00,-7.036257083943045387e+00
-7.057418021861600721e+00,-7.057418021861600721e+00
-7.078345839647282922e+00,-7.078345839647282922e+00
-7.099041395517933672e+00,-7.099041395517933672e+00
-7.119505547912298837e+00,-7.119505547912298837e+00
-7.139739155486614308e+00,-7.139739155486614308e+00
-7.159743077111178522e+00,-7.159743077111178522e+00
-7.179518171866528853e+00,-7.179518171866528853e+00
-7.199065299039898669e+00,-7.199065299039898669e+00
-7.218385318121226746e+00,-7.218385318121226746e+00
-7.237479088799188887e+00,-7.237479088799188887e+00
-7.256347470957203782e+00,-7.256347470957203782e+00
-7.274991324669030313e+00,-7.274991324669030313e+00
-7.293411510194599323e+00,-7.293411510194599323e+00
-7.311608887975500792e+00,-7.311608887975500792e+00
-7.329584318630365303e+00,-7.329584318630365303e+00
-7.347338662950265942e+00,-7.347338662950265942e+00
-7.364872781893757825e+00,-7.364872781893757825e+00
-7.382187536582056175e+00,-7.382187536582056175e+00
-7.399283788293907094e+00,-7.399283788293907094e+00
-7.416162398460389937e+00,-7.416162398460389937e+00
-7.432824228659653087e+00,-7.432824228659653087e+00
-7.449270140611331747e+00,-7.449270140611331747e+00
-7.465500996171111403e+00,-7.465500996171111403e+00
-7.481517657324951998e+00,-7.481517657324951998e+00
-7.497320986183233060e+00,-7.497320986183233060e+00
-7.512911844974899722e+00,-7.512911844974899722e+00
-7.528291096041171748e+00,-7.528291096041171748e+00
-7.543459601829478167e+00,-7.543459601829478167e+00
-7.558418224887047288e+00,-7.558418224887047288e+00
-7.573167827854414114e+00,-7.573167827854414114e+00
-7.587709273458818515e+00,-7.587709273458818515e+00
-7.602043424507361813e+00,-7.602043424507361813e+00
-7.616171143880250405e+00,-7.616171143880250405e+00
-7.630093294523680569e+00,-7.630093294523680569e+00
-7.643810739442724156e+00,-7.643810739442724156e+00
-7.657324341694073055e+00,-7.657324341694073055e+00
-7.670634964378492349e+00,-7.670634964378492349e+00
-7.683743470633427997e+00,-7.683743470633427997e+00
-7.696650723625239721e+00,-7.696650723625239721e+00
-7.709357586541354834e+00,-7.709357586541354834e+00
-7.721864922582438950e+00,-7.721864922582438950e+00
-7.734173594954147468e+00,-7.734173594954147468e+00
-7.746284466859052920e+00,-7.746284466859052920e+00
-7.758198401488227702e+00,-7.758198401488227702e+00
-7.769916262012792174e+00,-7.769916262012792174e+00
-7.781438911575351725e+00,-7.781438911575351725e+00
-7.792767213281156735e+00,-7.792767213281156735e+00
-7.803902030189328265e+00,-7.803902030189328265e+00
-7.814844225303896330e+00,-7.814844225303896330e+00
-7.825594661564561960e+00,-7.825594661564561960e+00
-7.836154201837588928e+00,-7.836154201837588928e+00
-7.846523708906354422e+00,-7.846523708906354422e+00
-7.856704045461886388e+00,-7.856704045461886388e+00
-7.866696074093325386e+00,-7.866696074093325386e+00
-7.876500657278018735e+00,-7.876500657278018735e+00
-7.886118657371861573e+00,-7.886118657371861573e+00
-7.895550936599239122e+00,-7.895550936599239122e+00
-7.904798357042933432e+00,-7.904798357042933432e+00
-7.913861780634009691e+00,-7.913861780634009691e+00
-7.922742069141396115e+00,-7.922742069141396115e+00
-7.931440084161549109e+00,-7.931440084161549109e+00
-7.939956687107942557e+00,-7.939956687107942557e+00
-7.948292739200342183e+00,-7.948292739200342183e+00
-7.956449101454211359e+00,-7.956449101454211359e+00
-7.964426634669736771e+00,-7.964426634669736771e+00
-7.972226199420989090e+00,-7.972226199420989090e+00
-7.979848656044859823e+00,-7.979848656044859823e+00
-7.987294864629944868e+00,-7.987294864629944868e+00
-7.994565685005381894e+00,-7.994565685005381894e+00
-8.001661976729437242e+00,-8.001661976729437242e+00
-8.008584599078226063e+00,-8.008584599078226063e+00
-8.015334411034213957e+00,-8.015334411034213957e+00
-8.021912271274661776e+00,-8.021912271274661776e+00
-8.028319038160059762e+00,-8.028319038160059762e+00
-8.034555569722325430e+00,-8.034555569722325430e+00
-8.040622723653184423e+00,-8.040622723653184423e+00
-8.046521357292263588e+00,-8.046521357292263588e+00
-8.052252327615239125e+00,-8.052252327615239125e+00
-8.057816491221913680e+00,-8.057816491221913680e+00
-8.063214704324161985e+00,-8.063214704324161985e+00
-8.068447822733988417e+00,-8.068447822733988417e+00
-8.073516701851382038e+00,-8.073516701851382038e+00
-8.078422196652207177e+00,-8.078422196652207177e+00
-8.083165161676086896e+00,-8.083165161676086896e+00
-8.087746451014140803e+00,-8.087746451014140803e+00
-8.092166918296852529e+00,-8.092166918296852529e+00
-8.096427416681789779e+00,-8.096427416681789779e+00
-8.100528798841368783e+00,-8.100528798841368783e+00
-8.104471916950631183e+00,-8.104471916950631183e+00
-8.108257622674887699e+00,-8.108257622674887699e+00
-8.111886767157562517e+00,-8.111886767157562517e+00
-8.115360201007838725e+00,-8.115360201007838725e+00
-8.118678774288479616e+00,-8.118678774288479616e+00
-8.121843336503568267e+00,-8.121843336503568267e+00
-8.124854736586248904e+00,-8.124854736586248904e+00
-8.127713822886622808e+00,-8.127713822886622808e+00
-8.130421443159530526e+00,-8.130421443159530526e+00
-8.132978444552470876e+00,-8.132978444552470876e+00
-8.135385673593539479e+00,-8.135385673593539479e+00
-8.137643976179344207e+00,-8.137643976179344207e+00
-8.139754197563144444e+00,-8.139754197563144444e+00
-8.141717182342869563e+00,-8.141717182342869563e+00
-8.143533774449338125e+00,-8.143533774449338125e+00
-8.145204817134519715e+00,-8.145204817134519715e+00
-8.146731152959798550e+00,-8.146731152959798550e+00
-8.148113623784469794e+00,-8.148113623784469794e+00
-8.149353070754223438e+00,-8.149353070754223438e+00
-8.150450334289775611e+00,-8.150450334289775611e+00
-8.151406254075610036e+00,-8.151406254075610036e+00
-8.152221669048795860e+00,-8.152221669048795860e+00
-8.152897417388006218e+00,-8.152897417388006218e+00
-8.153434336502581203e+00,-8.153434336502581203e+00
-8.153833263021798672e+00,-8.153833263021798672e+00
-8.154095032784283603e+00,-8.154095032784283603e+00
-8.154220480827468975e+00,-8.154220480827468975e+00
-8.154210441377374607e+00,-8.154210441377374607e+00
-8.154065747838476597e+00,-8.154065747838476597e+00
-8.153787232783678007e+00,-8.153787232783678007e+00
-8.153375727944599305e+00,-8.153375727944599305e+00
-8.152832064201966489e+00,-8.152832064201966489e+00
-8.152157071576231928e+00,-8.152157071576231928e+00
-8.151351579218388821e+00,-8.151351579218388821e+00
-8.150416415400943748e+00,-8.150416415400943748e+00
-8.149352407509262264e+00,-8.149352407509262264e+00
-8.148160382032955340e+00,-8.148160382032955340e+00
-8.146841164557587334e+00,-8.146841164557587334e+00
-8.145395579756673499e+00,-8.145395579756673499e+00
-8.143824451383817831e+00,-8.143824451383817831e+00
-8.142128602265181314e+00,-8.142128602265181314e+00
-8.140308854292204188e+00,-8.140308854292204188e+00
-8.138366028414543152e+00,-8.138366028414543152e+00
-8.136300944633408250e+00,-8.136300944633408250e+00
-8.134114421995015221e+00,-8.134114421995015221e+00
-8.131807278584471277e+00,-8.131807278584471277e+00
-8.129380331519893588e+00,-8.129380331519893588e+00
-8.126834396946856387e+00,-8.126834396946856387e+00
-8.124170290033152497e+00,-8.124170290033152497e+00
-8.121388824963805320e+00,-8.121388824963805320e+00
-8.118490814936542677e+00,-8.118490814936542677e+00
-8.115477072157496252e+00,-8.115477072157496252e+00
-8.112348407837236763e+00,-8.112348407837236763e+00
-8.109105632187258550e+00,-8.109105632187258550e+00
-8.105749554416682656e+00,-8.105749554416682656e+00
-8.102280982729432424e+00,-8.102280982729432424e+00
-8.098700724321698630e+00,-8.098700724321698630e+00
-8.095009585379804307e+00,-8.095009585379804307e+00
-8.091208371078476347e+00,-8.091208371078476347e+00
-8.087297885579417311e+00,-8.087297885579417311e+00
-8.083278932030349750e+00,-8.083278932030349750e+00
-8.079152312564431782e+00,-8.079152312564431782e+00
-8.074918828300022611e+00,-8.074918828300022611e+00
-8.070579279340943657e+00,-8.070579279340943657e+00
-8.066134464777018565e+00,-8.066134464777018565e+00
-8.061585182685181650e+00,-8.061585182685181650e+00
-8.056932230130890105e+00,-8.056932230130890105e+00
-8.052176403169999830e+00,-8.052176403169999830e+00
-8.047318496851062264e+00,-8.047318496851062264e+00
-8.042359305218045762e+00,-8.042359305218045762e+00
-8.037299621313525932e+00,-8.037299621313525932e+00
-8.032140237182272102e+00,-8.032140237182272102e+00
-8.026881943875258330e+00,-8.026881943875258330e+00
-8.021525531454219760e+00,-8.021525531454219760e+00
-8.016071788996523395e+00,-8.016071788996523395e+00
-8.010521504600596643e+00,-8.010521504600596643e+00
-8.004875465391737777e+00,-8.004875465391737777e+00
-7.999134457528411346e+00,-7.999134457528411346e+00
-7.993299266209010767e+00,-7.993299266209010767e+00
-7.987370675679045462e+00,-7.987370675679045462e+00
-7.981349469238821825e+00,-7.981349469238821825e+00
-7.975236429251552295e+00,-7.975236429251552295e+00
-7.969032337151952916e+00,-7.969032337151952916e+00
-7.962737973455286777e+00,-7.962737973455286777e+00
-7.956354117766863965e+00,-7.956354117766863965e+00
-7.949881548792024688e+00,-7.949881548792024688e+00
-7.943321044346561166e+00,-7.943321044346561166e+00
-7.936673381367624458e+00,-7.936673381367624458e+00
-7.929939335925055843e+00,-7.929939335925055843e+00
-7.923119683233199595e+00,-7.923119683233199595e+00
-7.916215197663191816e+00,-7.916215197663191816e+00
-7.909226652755648956e+00,-7.909226652755648956e+00
-7.902154821233866144e+00,-7.902154821233866144e+00
-7.895000475017429409e+00,-7.895000475017429409e+00
-7.887764385236298637e+00,-7.887764385236298637e+00
-7.880447322245299091e+00,-7.880447322245299091e+00
-7.873050055639108535e+00,-7.873050055639108535e+00
-7.865573354267626272e+00,-7.865573354267626272e+00
-7.858017986251820020e+00,-7.858017986251820020e+00
-7.850384718999958267e+00,-7.850384718999958267e+00
-7.842674319224311574e+00,-7.842674319224311574e+00
-7.834887552958225143e+00,-7.834887552958225143e+00
-7.827025185573662114e+00,-7.827025185573662114e+00
-7.819087981799093257e+00,-7.819087981799093257e+00
-7.811076705737836079e+00,-7.811076705737836079e+00
-7.802992120886763416e+00,-7.802992120886763416e+00
-7.794834990155401044e+00,-7.794834990155401044e+00
-7.786606075885442735e+00,-7.786606075885442735e+00
-7.778306139870590385e+00,-7.778306139870590385e+00
-7.769935943376783172e+00,-7.769935943376783172e+00
-7.761496247162789075e+00,-7.761496247162789075e+00
-7.752987811501164117e+00,-7.752987811501164117e+00
-7.744411396199511799e+00,-7.744411396199511799e+00
-7.735767760622106692e+00,-7.735767760622106692e+00
-7.727057663711850211e+00,-7.727057663711850211e+00
-7.718281864012517701e+00,-7.718281864012517701e+00
-7.709441119691319955e+00,-7.709441119691319955e+00
-7.700536188561789785e+00,-7.700536188561789785e+00
-7.691567828106894211e+00,-7.691567828106894211e+00
-7.682536795502475258e+00,-7.682536795502475258e+00
-7.673443847640953663e+00,-7.673443847640953663e+00
-7.664289741155261737e+00,-7.664289741155261737e+00
-7.655075232443001809e+00,-7.655075232443001809e+00
-7.645801077690922654e+00,-7.645801077690922654e+00
-7.636468032899511371e+00,-7.636468032899511371e+00
-7.627076853907848175e+00,-7.627076853907848175e+00
-7.617628296418665457e+00,-7.617628296418665457e+00
-7.608123116023564947e+00,-7.608123116023564947e+00
-7.598562068228414290e+00,-7.598562068228414290e+00
-7.588945908478908819e+00,-7.588945908478908819e+00
-7.579275392186264781e+00,-7.579275392186264781e+00
-7.569551274753074210e+00,-7.569551274753074210e+00
-7.559774311599232632e+00,-7.559774311599232632e+00
-7.549945258188024866e+00,-7.549945258188024866e+00
-7.540064870052258783e+00,-7.540064870052258783e+00
-7.530133902820509206e+00,-7.530133902820509206e+00
-7.520153112243409765e+00,-7.520153112243409765e+00
-7.510123254220006928e+00,-7.510123254220006928e+00
-7.500045084824126462e+00,-7.500045084824126462e+00
-7.489919360330794973e+00,-7.489919360330794973e+00
-7.479746837242657875e+00,-7.479746837242657875e+00
-7.469528272316374284e+00,-7.469528272316374284e+00
-7.459264422589010124e+00,-7.459264422589010124e+00
-7.448956045404397486e+00,-7.448956045404397486e+00
-7.438603898439424711e+00,-7.438603898439424711e+00
-7.428208739730301602e+00,-7.428208739730301602e+00
-7.417771327698670092e+00,-7.417771327698670092e+00
-7.407292421177722019e+00,-7.407292421177722019e+00
-7.396772779438126832e+00,-7.396772779438126832e+00
-7.386213162213863370e+00,-7.386213162213863370e+00
-7.375614329727937957e+00,-7.375614329727937957e+00
-7.364977042717907096e+00,-7.364977042717907096e+00
-7.354302062461258060e+00,-7.354302062461258060e+00
-7.343590150800604732e+00,-7.343590150800604732e+00
-7.332842070168698712e+00,-7.332842070168698712e+00
-7.322058583613188176e+00,-7.322058583613188176e+00
-7.311240454821209767e+00,-7.311240454821209767e+00
-7.300388448143682041e+00,-7.300388448143682041e+00
-7.289503328619399980e+00,-7.289503328619399980e+00
-7.278585861998816853e+00,-7.278585861998816853e+00
-7.267636814767580944e+00,-7.267636814767580944e+00
-7.256656954169731222e+00,-7.256656954169731222e+00
-7.245647048230644316e+00,-7.245647048230644316e+00
-7.234607865779597802e+00,-7.234607865779597802e+00
-7.223540176472035057e+00,-7.223540176472035057e+00
-7.212444750811485505e+00,-7.212444750811485505e+00
-7.201322360171065640e+00,-7.201322360171065640e+00
-7.190173776814688722e+00,-7.190173776814688722e+00
-7.178999773917830396e+00,-7.178999773917830396e+00
-7.167801125587882183e+00,-7.167801125587882183e+00
-7.156578606884160365e+00,-7.156578606884160365e+00
-7.145332993837403279e+00,-7.145332993837403279e+00
-7.134065063468906231e+00,-7.134065063468906231e+00
-7.122775593809176797e+00,-7.122775593809176797e+00
-7.111465363916106952e+00,-7.111465363916106952e+00
-7.100135153892725981e+00,-7.100135153892725981e+00
-7.088785744904441799e+00,-7.088785744904441799e+00
-7.077417919195795548e+00,-7.077417919195795548e+00
-7.066032460106718815e+00,-7.066032460106718815e+00
-7.054630152088272155e+00,-7.054630152088272155e+00
-7.043211780717882675e+00,-7.043211780717882675e+00
-7.031778132714030960e+00,-7.031778132714030960e+00
-7.020329995950401525e+00,-7.020329995950401525e+00
-7.008868159469525239e+00,-7.008868159469525239e+00
-6.997393413495796466e+00,-6.997393413495796466e+00
-6.985906549447996383e+00,-6.985906549447996383e+00
-6.974408359951205227e+00,-6.974408359951205227e+00
-6.962899638848149664e+00,-6.962899638848149664e+00
-6.951381181209985272e+00,-6.951381181209985272e+00
-6.939853783346450200e+00,-6.939853783346450200e+00
-6.928318242815457495e+00,-6.928318242815457495e+00
-6.916775358432062148e+00,-6.916775358432062148e+00
-6.905225930276852608e+00,-6.905225930276852608e+00
-6.893670759703699247e+00,-6.893670759703699247e+00
-6.882110649346909526e+00,-6.882110649346909526e+00
-6.870546403127729462e+00,-6.870546403127729462e+00
-6.858978826260287320e+00,-6.858978826260287320e+00
-6.847408725256823203e+00,-6.847408725256823203e+00
-6.835836907932392847e+00,-6.835836907932392847e+00
-6.824264183408832452e+00,-6.824264183408832452e+00
-6.812691362118172833e+00,-6.812691362118172833e+00
-6.801119255805378572e+00,-6.801119255805378572e+00
-6.789548677530454768e+00,-6.789548677530454768e+00
-6.777980441669939182e+00,-6.777980441669939182e+00
-6.766415363917719361e+00,-6.766415363917719361e+00
-6.754854261285245798e+00,-6.754854261285245798e+00
-6.743297952101102055e+00,-6.743297952101102055e+00
-6.731747256009910529e+00,-6.731747256009910529e+00
-6.720202993970662675e+00,-6.720202993970662675e+00
-6.708665988254328028e+00,-6.708665988254328028e+00
-6.697137062440944533e+00,-6.697137062440944533e+00
-6.685617041415962802e+00,-6.685617041415962802e+00
-6.674106751366082335e+00,-6.674106751366082335e+00
-6.662607019774341666e+00,-6.662607019774341666e+00
-6.651118675414714687e+00,-6.651118675414714687e+00
-6.639642548345985773e+00,-6.639642548345985773e+00
-6.628179469905084886e+00,-6.628179469905084886e+00
-6.616730272699804516e+00,-6.616730272699804516e+00
-6.605295790600859362e+00,-6.605295790600859362e+00
-6.593876858733477064e+00,-6.593876858733477064e+00
-6.582474313468235749e+00,-6.582474313468235749e+00
-6.571088992411485918e+00,-6.571088992411485918e+00
-6.559721734395044024e+00,-6.559721734395044024e+00
-6.548373379465449062e+00,-6.548373379465449062e+00
-6.537044768872576128e+00,-6.537044768872576128e+00
-6.525736745057720611e+00,-6.525736745057720611e+00
-6.514450151641142384e+00,-6.514450151641142384e+00
-6.503185833409077077e+00,-6.503185833409077077e+00
-6.491944636300178928e+00,-6.491944636300178928e+00
-6.480727407391508876e+00,-6.480727407391508876e+00
-6.469534994883979095e+00,-6.469534994883979095e+00
-6.458368248087264618e+00,-6.458368248087264618e+00
-6.447228017404302847e+00,-6.447228017404302847e+00
-6.436115154315224629e+00,-6.436115154315224629e+00
-6.425030511360908747e+00,-6.425030511360908747e+00
-6.413974942125957313e+00,-6.413974942125957313e+00
-6.402949301221369183e+00,-6.402949301221369183e+00
-6.391954444266630730e+00,-6.391954444266630730e+00
-6.380991227871518845e+00,-6.380991227871518845e+00
-6.370060509617342603e+00,-6.370060509617342603e+00
-6.359163148037929147e+00,-6.359163148037929147e+00
-6.348300002600126390e+00,-6.348300002600126390e+00
-6.337471933683907821e+00,-6.337471933683907821e+00
-6.326679802562228616e+00,-6.326679802562228616e+00
-6.315924471380427008e+00,-6.315924471380427008e+00
-6.305206803135295246e+00,-6.305206803135295246e+00
-6.294527661653852135e+00,-6.294527661653852135e+00
-6.283887911571799378e+00,-6.283887911571799378e+00
-6.273288418311675940e+00,-6.273288418311675940e+00
-6.262730048060685561e+00,-6.262730048060685561e+00
-6.252213667748321768e+00,-6.252213667748321768e+00
-6.241740145023644715e+00,-6.241740145023644715e+00
-6.231310348232423024e+00,-6.231310348232423024e+00
-6.220925146393891936e+00,-6.220925146393891936e+00
-6.210585409177468819e+00,-6.210585409177468819e+00
-6.200292006879088547e+00,-6.200292006879088547e+00
-6.190045810397467818e+00,-6.190045810397467818e+00
-6.179847691210177629e+00,-6.179847691210177629e+00
-6.169698521349467057e+00,-6.169698521349467057e+00
-6.159599173378040859e+00,-6.159599173378040859e+00
-6.149550520364634565e+00,-6.149550520364634565e+00
-6.139553435859504305e+00,-6.139553435859504305e+00
-6.129608793869778083e+00,-6.129608793869778083e+00
-6.119717468834725338e+00,-6.119717468834725338e+00
-6.109880335600980317e+00,-6.109880335600980317e+00
-6.100098269397612682e+00,-6.100098269397612682e+00
-6.090372145811244309e+00,-6.090372145811244309e+00
-6.080702840761084360e+00,-6.080702840761084360e+00
-6.071091230473879108e+00,-6.071091230473879108e+00
-6.061538191458978986e+00,-6.061538191458978986e+00
-6.052044600483291958e+00,-6.052044600483291958e+00
-6.042611334546329260e+00,-6.042611334546329260e+00
-6.033239270855194292e+00,-6.033239270855194292e+00
-6.023929286799724281e+00,-6.023929286799724281e+00
-6.014682259927582209e+00,-6.014682259927582209e+00
-6.005499067544075587e+00,-6.005499067544075587e+00
-5.996380556496568204e+00,-5.996380556496568204e+00
-5.987327054632913814e+00,-5.987327054632913814e+00
-5.978338260315645414e+00,-5.978338260315645414e+00
-5.969413848336674988e+00,-5.969413848336674988e+00
-5.960553495146854175e+00,-5.960553495146854175e+00
-5.951756877295615311e+00,-5.951756877295615311e+00
-5.943023671431472366e+00,-5.943023671431472366e+00
-5.934353554302568057e+00,-5.934353554302568057e+00
-5.925746202757238734e+00,-5.925746202757238734e+00
-5.917201293744504653e+00,-5.917201293744504653e+00
-5.908718504314673936e+00,-5.908718504314673936e+00
-5.900297511619911006e+00,-5.900297511619911006e+00
-5.891937992914765942e+00,-5.891937992914765942e+00
-5.883639625556824626e+00,-5.883639625556824626e+00
-5.875402087007191909e+00,-5.875402087007191909e+00
-5.867225054831216369e+00,-5.867225054831216369e+00
-5.859108206698991239e+00,-5.859108206698991239e+00
-5.851051220386018770e+00,-5.851051220386018770e+00
-5.843053773773828397e+00,-5.843053773773828397e+00
-5.835115544850580704e+00,-5.835115544850580704e+00
-5.827236211711721126e+00,-5.827236211711721126e+00
-5.819415452560637192e+00,-5.819415452560637192e+00
-5.811652945709280260e+00,-5.811652945709280260e+00
-5.803948369578858291e+00,-5.803948369578858291e+00
-5.796301402700464678e+00,-5.796301402700464678e+00
-5.788711723715824320e+00,-5.788711723715824320e+00
-5.781179011377890475e+00,-5.781179011377890475e+00
-5.773702944551608596e+00,-5.773702944551608596e+00
-5.766283202214587789e+00,-5.766283202214587789e+00
-5.758919463457811361e+00,-5.758919463457811361e+00
-5.751611407486365124e+00,-5.751611407486365124e+00
-5.744358713620162149e+00,-5.744358713620162149e+00
-5.737161061294667519e+00,-5.737161061294667519e+00
-5.730018130061644399e+00,-5.730018130061644399e+00
-5.722929599589914318e+00,-5.722929599589914318e+00
-5.715895149666117447e+00,-5.715895149666117447e+00
-5.708914460195472884e+00,-5.708914460195472884e+00
-5.701987211202560246e+00,-5.701987211202560246e+00
-5.695113082832092388e+00,-5.695113082832092388e+00
-5.688291755349737855e+00,-5.688291755349737855e+00
-5.681522909142913136e+00,-5.681522909142913136e+00
-5.674806224721550052e+00,-5.674806224721550052e+00
-5.668141382718996368e+00,-5.668141382718996368e+00
-5.661528063892795615e+00,-5.661528063892795615e+00
-5.654965949125504210e+00,-5.654965949125504210e+00
-5.648454719425586745e+00,-5.648454719425586745e+00
-5.641994055928250873e+00,-5.641994055928250873e+00
-5.635583639896307062e+00,-5.635583639896307062e+00
-5.629223152721046119e+00,-5.629223152721046119e+00
-5.622912275923113157e+00,-5.622912275923113157e+00
-5.616650691153402875e+00,-5.616650691153402875e+00
-5.610438080193986821e+00,-5.610438080193986821e+00
-5.604274124958973147e+00,-5.604274124958973147e+00
-5.598158507495462288e+00,-5.598158507495462288e+00
-5.592090909984456459e+00,-5.592090909984456459e+00
-5.586071014741804674e+00,-5.586071014741804674e+00
-5.580098504219165534e+00,-5.580098504219165534e+00
-5.574173061004909613e+00,-5.574173061004909613e+00
-5.568294367825167512e+00,-5.568294367825167512e+00
-5.562462107544703827e+00,-5.562462107544703827e+00
-5.556675963168004273e+00,-5.556675963168004273e+00
-5.550935617840181635e+00,-5.550935617840181635e+00
-5.545240754848027365e+00,-5.545240754848027365e+00
-5.539591057621031212e+00,-5.539591057621031212e+00
-5.533986209732390193e+00,-5.533986209732390193e+00
-5.528425894899989146e+00,-5.528425894899989146e+00
-5.522909796987562459e+00,-5.522909796987562459e+00
-5.517437600005624887e+00,-5.517437600005624887e+00
-5.512008988112611974e+00,-5.512008988112611974e+00
-5.506623645615903229e+00,-5.506623645615903229e+00
-5.501281256972980316e+00,-5.501281256972980316e+00
-5.495981506792404048e+00,-5.495981506792404048e+00
-5.490724079835008098e+00,-5.490724079835008098e+00
-5.485508661014996790e+00,-5.485508661014996790e+00
-5.480334935401053542e+00,-5.480334935401053542e+00
-5.475202588217463529e+00,-5.475202588217463529e+00
-5.470111304845296729e+00,-5.470111304845296729e+00
-5.465060770823516378e+00,-5.465060770823516378e+00
-5.460050671850190440e+00,-5.460050671850190440e+00
-5.455080693783649792e+00,-5.455080693783649792e+00
-5.450150522643639306e+00,-5.450150522643639306e+00
-5.445259844612593270e+00,-5.445259844612593270e+00
-5.440408346036772258e+00,-5.440408346036772258e+00
-5.435595713427517239e+00,-5.435595713427517239e+00
-5.430821633462478815e+00,-5.430821633462478815e+00
-5.426085792986874878e+00,-5.426085792986874878e+00
-5.421387879014694988e+00,-5.421387879014694988e+00
-5.416727578730007764e+00,-5.416727578730007764e+00
-5.412104579488229206e+00,-5.412104579488229206e+00
-5.407518568817394566e+00,-5.407518568817394566e+00
-5.402969234419501277e+00,-5.402969234419501277e+00
-5.398456264171734631e+00,-5.398456264171734631e+00
-5.393979346127903085e+00,-5.393979346127903085e+00
-5.389538168519656836e+00,-5.389538168519656836e+00
-5.385132419757923117e+00,-5.385132419757923117e+00
-5.380761788434227810e+00,-5.380761788434227810e+00
-5.376425963322056134e+00,-5.376425963322056134e+00
-5.372124633378238201e+00,-5.372124633378238201e+00
-5.367857487744380762e+00,-5.367857487744380762e+00
-5.363624215748203028e+00,-5.363624215748203028e+00
-5.359424506905028807e+00,-5.359424506905028807e+00
-5.355258050919161406e+00,-5.355258050919161406e+00
-5.351124537685361560e+00,-5.351124537685361560e+00
-5.347023657290272070e+00,-5.347023657290272070e+00
-5.342955100013931258e+00,-5.342955100013931258e+00
-5.338918556331201160e+00,-5.338918556331201160e+00
-5.334913716913298742e+00,-5.334913716913298742e+00
-5.330940272629288046e+00,-5.330940272629288046e+00
-5.326997914547604296e+00,-5.326997914547604296e+00
-5.323086333937581571e+00,-5.323086333937581571e+00
-5.319205222271015998e+00,-5.319205222271015998e+00
-5.315354271223689864e+00,-5.315354271223689864e+00
-5.311533172676970338e+00,-5.311533172676970338e+00
-5.307741618719397536e+00,-5.307741618719397536e+00
-5.303979301648261924e+00,-5.303979301648261924e+00
-5.300245913971266987e+00,-5.300245913971266987e+00
-5.296541148408067556e+00,-5.296541148408067556e+00
-5.292864697891996428e+00,-5.292864697891996428e+00
-5.289216255571680847e+00,-5.289216255571680847e+00
-5.285595514812705176e+00,-5.285595514812705176e+00
-5.282002169199309094e+00,-5.282002169199309094e+00
-5.278435912536082242e+00,-5.278435912536082242e+00
-5.274896438849648206e+00,-5.274896438849648206e+00
-5.271383442390451535e+00,-5.271383442390451535e+00
-5.267896617634391987e+00,-5.267896617634391987e+00
-5.264435659284700364e+00,-5.264435659284700364e+00
-5.261000262273626049e+00,-5.261000262273626049e+00
-5.257590121764234681e+00,-5.257590121764234681e+00
-5.254204933152244905e+00,-5.254204933152244905e+00
-5.250844392067754995e+00,-5.250844392067754995e+00
-5.247508194377175528e+00,-5.247508194377175528e+00
-5.244196036185016396e+00,-5.244196036185016396e+00
-5.240907613835727119e+00,-5.240907613835727119e+00
-5.237642623915597540e+00,-5.237642623915597540e+00
-5.234400763254676292e+00,-5.234400763254676292e+00
-5.231181728928596897e+00,-5.231181728928596897e+00
-5.227985218260556621e+00,-5.227985218260556621e+00
-5.224810928823245604e+00,-5.224810928823245604e+00
-5.221658558440786635e+00,-5.221658558440786635e+00
-5.218527805190717572e+00,-5.218527805190717572e+00
-5.215418367405931122e+00,-5.215418367405931122e+00
-5.212329943676699884e+00,-5.212329943676699884e+00
-5.209262232852751140e+00,-5.209262232852751140e+00
-5.206214934045192422e+00,-5.206214934045192422e+00
-5.203187746628636035e+00,-5.203187746628636035e+00
-5.200180370243224104e+00,-5.200180370243224104e+00
-5.197192504796703361e+00,-5.197192504796703361e+00
-5.194223850466585191e+00,-5.194223850466585191e+00
-5.191274107702199103e+00,-5.191274107702199103e+00
-5.188342977226859887e+00,-5.188342977226859887e+00
-5.185430160039949499e+00,-5.185430160039949499e+00
-5.182535357419162381e+00,-5.182535357419162381e+00
-5.179658270922665508e+00,-5.179658270922665508e+00
-5.176798602391293969e+00,-5.176798602391293969e+00
-5.173956053950732326e+00,-5.173956053950732326e+00
-5.171130328013795463e+00,-5.171130328013795463e+00
-5.168321127282681005e+00,-5.168321127282681005e+00
-5.165528154751193313e+00,-5.165528154751193313e+00
-5.162751113707102490e+00,-5.162751113707102490e+00
-5.159989707734382591e+00,-5.159989707734382591e+00
-5.157243640715570621e+00,-5.157243640715570621e+00
-5.154512616834090011e+00,-5.154512616834090011e+00
-5.151796340576630939e+00,-5.151796340576630939e+00
-5.149094516735523541e+00,-5.149094516735523541e+00
-5.146406850411146650e+00,-5.146406850411146650e+00
-5.143733047014265480e+00,-5.143733047014265480e+00
-5.141072812268575376e+00,-5.141072812268575376e+00
-5.138425852213096334e+00,-5.138425852213096334e+00
-5.135791873204645697e+00,-5.135791873204645697e+00
-5.133170581920367681e+00,-5.133170581920367681e+00
-5.130561685360170543e+00,-5.130561685360170543e+00
-5.127964890849270319e+00,-5.127964890849270319e+00
-5.125379906040826938e+00,-5.125379906040826938e+00
-5.122806438918409810e+00,-5.122806438918409810e+00
-5.120244197798662356e+00,-5.120244197798662356e+00
-5.117692891333803118e+00,-5.117692891333803118e+00
-5.115152228514318722e+00,-5.115152228514318722e+00
-5.112621918671649723e+00,-5.112621918671649723e+00
-5.110101671480798302e+00,-5.110101671480798302e+00
-5.107591196963014113e+00,-5.107591196963014113e+00
-5.105090205488487243e+00,-5.105090205488487243e+00
-5.102598407779076695e+00,-5.102598407779076695e+00
-5.100115514911145453e+00,-5.100115514911145453e+00
-5.097641238318203705e+00,-5.097641238318203705e+00
-5.095175289793736795e+00,-5.095175289793736795e+00
-5.092717381494047402e+00,-5.092717381494047402e+00
-5.090267225940955598e+00,-5.090267225940955598e+00
-5.087824536024839972e+00,-5.087824536024839972e+00
-5.085389025007373220e+00,-5.085389025007373220e+00
-5.082960406524449581e+00,-5.082960406524449581e+00
-5.080538394589034112e+00,-5.080538394589034112e+00
-5.078122703594139864e+00,-5.078122703594139864e+00
-5.075713048315854792e+00,-5.075713048315854792e+00
-5.073309143916169717e+00,-5.073309143916169717e+00
-5.070910705946062080e+00,-5.070910705946062080e+00
-5.068517450348473119e+00,-5.068517450348473119e+00
-5.066129093461334776e+00,-5.066129093461334776e+00
-5.063745352020674773e+00,-5.063745352020674773e+00
-5.061365943163671943e+00,-5.061365943163671943e+00
-5.058990571435323602e+00,-5.058990571435323602e+00
-5.056618748994409884e+00,-5.056618748994409884e+00
-5.054249897207498066e+00,-5.054249897207498066e+00
-5.051883663451292250e+00,-5.051883663451292250e+00
-5.049519845753067671e+00,-5.049519845753067671e+00
-5.047158246247974489e+00,-5.047158246247974489e+00
-5.044798667304853268e+00,-5.044798667304853268e+00
-5.042440911527414471e+00,-5.042440911527414471e+00
-5.040084781755581389e+00,-5.040084781755581389e+00
-5.037730081066584376e+00,-5.037730081066584376e+00
-5.035376612776239824e+00,-5.035376612776239824e+00
-5.033024180440065720e+00,-5.033024180440065720e+00
-5.030672587854603250e+00,-5.030672587854603250e+00
-5.028321639058717096e+00,-5.028321639058717096e+00
-5.025971138334639932e+00,-5.025971138334639932e+00
-5.023620890209407719e+00,-5.023620890209407719e+00
-5.021270699455968156e+00,-5.021270699455968156e+00
-5.018920371094402810e+00,-5.018920371094402810e+00
-5.016569710393383730e+00,-5.016569710393383730e+00
-5.014218522871281891e+00,-5.014218522871281891e+00
-5.011866614297410649e+00,-5.011866614297410649e+00
-5.009513790693326030e+00,-5.009513790693326030e+00
-5.007159858334119917e+00,-5.007159858334119917e+00
-5.004804623749706138e+00,-5.004804623749706138e+00
-5.002447893726092332e+00,-5.002447893726092332e+00
-5.000089475306594977e+00,-5.000089475306594977e+00
-4.997729175793189427e+00,-4.997729175793189427e+00
-4.995366802747753354e+00,-4.995366802747753354e+00
-4.993002163993480735e+00,-4.993002163993480735e+00
-4.990635067616111087e+00,-4.990635067616111087e+00
-4.988265321965144494e+00,-4.988265321965144494e+00
-4.985892735655227170e+00,-4.985892735655227170e+00
-4.983517117567458854e+00,-4.983517117567458854e+00
-4.981138276850757052e+00,-4.981138276850757052e+00
-4.978756022923057856e+00,-4.978756022923057856e+00
-4.976370165472751239e+00,-4.976370165472751239e+00
-4.973980514459903191e+00,-4.973980514459903191e+00
-4.971586880117598639e+00,-4.971586880117598639e+00
-4.969189072953348330e+00,-4.969189072953348330e+00
-4.966786903750374904e+00,-4.966786903750374904e+00
-4.964380183568948723e+00,-4.964380183568948723e+00
-4.961968723747688159e+00,-4.961968723747688159e+00
-4.959552335904838571e+00,-4.959552335904838571e+00
-4.957130831939849713e+00,-4.957130831939849713e+00
-4.954704024034562337e+00,-4.954704024034562337e+00
-4.952271724654501384e+00,-4.952271724654501384e+00
-4.949833746550304170e+00,-4.949833746550304170e+00
-4.947389902759013580e+00,-4.947389902759013580e+00
-4.944940006605534677e+00,-4.944940006605534677e+00
-4.942483871703942100e+00,-4.942483871703942100e+00
-4.940021311958837202e+00,-4.940021311958837202e+00
-4.937552141566598607e+00,-4.937552141566598607e+00
-4.935076175016810396e+00,-4.935076175016810396e+00
-4.932593227093803989e+00,-4.932593227093803989e+00
-4.930103112877759486e+00,-4.930103112877759486e+00
-4.927605647746183593e+00,-4.927605647746183593e+00
-4.925100647375280971e+00,-4.925100647375280971e+00
-4.922587927741211900e+00,-4.922587927741211900e+00
-4.920067305121612833e+00,-4.920067305121612833e+00
-4.917538596096960646e+00,-4.917538596096960646e+00
-4.915001617551808977e+00,-4.915001617551808977e+00
-4.912456186676195102e+00,-4.912456186676195102e+00
-4.909902120966989969e+00,-4.909902120966989969e+00
-4.907339238229390332e+00,-4.907339238229390332e+00
-4.904767356578219051e+00,-4.904767356578219051e+00
-4.902186294439232483e+00,-4.902186294439232483e+00
-4.899595870550491838e+00,-4.899595870550491838e+00
-4.896995903963748731e+00,-4.896995903963748731e+00
-4.894386214045887584e+00,-4.894386214045887584e+00
-4.891766620480218819e+00,-4.891766620480218819e+00
-4.889136943267878621e+00,-4.889136943267878621e+00
-4.886497002729051076e+00,-4.886497002729051076e+00
-4.883846619504431885e+00,-4.883846619504431885e+00
-4.881185614556727614e+00,-4.881185614556727614e+00
-4.878513809171757032e+00,-4.878513809171757032e+00
-4.875831024959950355e+00,-4.875831024959950355e+00
-4.873137083857720597e+00,-4.873137083857720597e+00
-4.870431808128572015e+00,-4.870431808128572015e+00
-4.867715020364791201e+00,-4.867715020364791201e+00
-4.864986543488683424e+00,-4.864986543488683424e+00
-4.862246200753816083e+00,-4.862246200753816083e+00
-4.859493815746255052e+00,-4.859493815746255052e+00
-4.856729212386134975e+00,-4.856729212386134975e+00
-4.853952214928987985e+00,-4.853952214928987985e+00
-4.851162647966887675e+00,-4.851162647966887675e+00
-4.848360336429884399e+00,-4.848360336429884399e+00
-4.845545105587270029e+00,-4.845545105587270029e+00
-4.842716781048892472e+00,-4.842716781048892472e+00
-4.839875188766519898e+00,-4.839875188766519898e+00
-4.837020155035155256e+00,-4.837020155035155256e+00
-4.834151506494329453e+00,-4.834151506494329453e+00
-4.831269070129174281e+00,-4.831269070129174281e+00
-4.828372673271886129e+00,-4.828372673271886129e+00
-4.825462143603189702e+00,-4.825462143603189702e+00
-4.822537309153332785e+00,-4.822537309153332785e+00
-4.819597998303436270e+00,-4.819597998303436270e+00
-4.816644039786709186e+00,-4.816644039786709186e+00
-4.813675262689720569e+00,-4.813675262689720569e+00
-4.810691496453785021e+00,-4.810691496453785021e+00
-4.807692570876056948e+00,-4.807692570876056948e+00
-4.804678316110795322e+00,-4.804678316110795322e+00
-4.801648562670472131e+00,-4.801648562670472131e+00
-4.798603141427065566e+00,-4.798603141427065566e+00
-4.795541883613459788e+00,-4.795541883613459788e+00
-4.792464620824375743e+00,-4.792464620824375743e+00
-4.789371185017557764e+00,-4.789371185017557764e+00
-4.786261408515137816e+00,-4.786261408515137816e+00
-4.783135124004481042e+00,-4.783135124004481042e+00
-4.779992164539734745e+00,-4.779992164539734745e+00
-4.776832363542780513e+00,-4.776832363542780513e+00
-4.773655554804285828e+00,-4.773655554804285828e+00
-4.770461572484840929e+00,-4.770461572484840929e+00
-4.767250251116102788e+00,-4.767250251116102788e+00
-4.764021425602045667e+00,-4.764021425602045667e+00
-4.760774931219799555e+00,-4.760774931219799555e+00
-4.757510603620843881e+00,-4.757510603620843881e+00
-4.754228278832009380e+00,-4.754228278832009380e+00
-4.750927793256401799e+00,-4.750927793256401799e+00
-4.747608983674780347e+00,-4.747608983674780347e+00
-4.744271687246310876e+00,-4.744271687246310876e+00
-4.740915741509631687e+00,-4.740915741509631687e+00
-4.737540984383599607e+00,-4.737540984383599607e+00
-4.734147254168604491e+00,-4.734147254168604491e+00
-4.730734389547436081e+00,-4.730734389547436081e+00
-4.727302229585951920e+00,-4.727302229585951920e+00
-4.723850613734484227e+00,-4.723850613734484227e+00
-4.720379381828159637e+00,-4.720379381828159637e+00
-4.716888374088242131e+00,-4.716888374088242131e+00
-4.713377431122694361e+00,-4.713377431122694361e+00
-4.709846393927108466e+00,-4.709846393927108466e+00
-4.706295103885921094e+00,-4.706295103885921094e+00
-4.702723402772356565e+00,-4.702723402772356565e+00
-4.699131132749926110e+00,-4.699131132749926110e+00
-4.695518136373024731e+00,-4.695518136373024731e+00
-4.691884256587421476e+00,-4.691884256587421476e+00
-4.688229336731488672e+00,-4.688229336731488672e+00
-4.684553220536194829e+00,-4.684553220536194829e+00
-4.680855752126440450e+00,-4.680855752126440450e+00
-4.677136776021313835e+00,-4.677136776021313835e+00
-4.673396137134744777e+00,-4.673396137134744777e+00
-4.669633680776527740e+00,-4.669633680776527740e+00
-4.665849252652058965e+00,-4.665849252652058965e+00
-4.662042698863814394e+00,-4.662042698863814394e+00
-4.658213865911271512e+00,-4.658213865911271512e+00
-4.654362600691463570e+00,-4.654362600691463570e+00
-4.650488750499924606e+00,-4.650488750499924606e+00
-4.646592163030440759e+00,-4.646592163030440759e+00
-4.642672686376045021e+00,-4.642672686376045021e+00
-4.638730169028967509e+00,-4.638730169028967509e+00
-4.634764459881203891e+00,-4.634764459881203891e+00
-4.630775408225218825e+00,-4.630775408225218825e+00
-4.626762863753327792e+00,-4.626762863753327792e+00
-4.622726676558741588e+00,-4.622726676558741588e+00
-4.618666697135630272e+00,-4.618666697135630272e+00
-4.614582776379030804e+00,-4.614582776379030804e+00
-4.610474765585472312e+00,-4.610474765585472312e+00
-4.606342516452642144e+00,-4.606342516452642144e+00
-4.602185881079918772e+00,-4.602185881079918772e+00
-4.598004711968059155e+00,-4.598004711968059155e+00
-4.593798862019454532e+00,-4.593798862019454532e+00
-4.589568184538293849e+00,-4.589568184538293849e+00
-4.585312533229846110e+00,-4.585312533229846110e+00
-4.581031762201270396e+00,-4.581031762201270396e+00
-4.576725725960898217e+00,-4.576725725960898217e+00
-4.572394279418048768e+00,-4.572394279418048768e+00
-4.568037277883377101e+00,-4.568037277883377101e+00
-4.563654577067993046e+00,-4.563654577067993046e+00
-4.559246033083695693e+00,-4.559246033083695693e+00
-4.554811502442142057e+00,-4.554811502442142057e+00
-4.550350842054839973e+00,-4.550350842054839973e+00
-4.545863909233084144e+00,-4.545863909233084144e+00
-4.541350561686513743e+00,-4.541350561686513743e+00
-4.536810657523460577e+00,-4.536810657523460577e+00
-4.532244055250146175e+00,-4.532244055250146175e+00
-4.527650613769878873e+00,-4.527650613769878873e+00
-4.523030192382982762e+00,-4.523030192382982762e+00
-4.518382650785390808e+00,-4.518382650785390808e+00
-4.513707849068516964e+00,-4.513707849068516964e+00
-4.509005647718069554e+00,-4.509005647718069554e+00
-4.504275907613305208e+00,-4.504275907613305208e+00
-4.499518490026751749e+00,-4.499518490026751749e+00
-4.494733256622055251e+00,-4.494733256622055251e+00
-4.489920069453972928e+00,-4.489920069453972928e+00
-4.485078790967207851e+00,-4.485078790967207851e+00
-4.480209283994675218e+00,-4.480209283994675218e+00
-4.475311411757324720e+00,-4.475311411757324720e+00
-4.470385037862278921e+00,-4.470385037862278921e+00
-4.465430026301497435e+00,-4.465430026301497435e+00
-4.460446241450590321e+00,-4.460446241450590321e+00
-4.455433548067851746e+00,-4.455433548067851746e+00
-4.450391811292419675e+00,-4.450391811292419675e+00
-4.445320896642790842e+00,-4.445320896642790842e+00
-4.440220670015179394e+00,-4.440220670015179394e+00
-4.435090997681875535e+00,-4.435090997681875535e+00
-4.429931746289959449e+00,-4.429931746289959449e+00
-4.424742782859219403e+00,-4.424742782859219403e+00
-4.419523974780581455e+00,-4.419523974780581455e+00
-4.414275189813615441e+00,-4.414275189813615441e+00
-4.408996296084772837e+00,-4.408996296084772837e+00
-4.403687162086306728e+00,-4.403687162086306728e+00
-4.398347656673244899e+00,-4.398347656673244899e+00
-4.392977649061229783e+00,-4.392977649061229783e+00
-4.387577008824528946e+00,-4.387577008824528946e+00
-4.382145605893569495e+00,-4.382145605893569495e+00
-4.376683310552998307e+00,-4.376683310552998307e+00
-4.371189993438825638e+00,-4.371189993438825638e+00
-4.365665525536122971e+00,-4.365665525536122971e+00
-4.360109778176081363e+00,-4.360109778176081363e+00
-4.354522623033169282e+00,-4.354522623033169282e+00
-4.348903932123519667e+00,-4.348903932123519667e+00
-4.343253577801242216e+00,-4.343253577801242216e+00
-4.337571432755218837e+00,-4.337571432755218837e+00
-4.331857370006602537e+00,-4.331857370006602537e+00
-4.326111262905499188e+00,-4.326111262905499188e+00
-4.320332985128167991e+00,-4.320332985128167991e+00
-4.314522410673653496e+00,-4.314522410673653496e+00
-4.308679413860232899e+00,-4.308679413860232899e+00
-4.302803869321984109e+00,-4.302803869321984109e+00
-4.296895652005105148e+00,-4.296895652005105148e+00
-4.290954637165292240e+00,-4.290954637165292240e+00
-4.284980700363398398e+00,-4.284980700363398398e+00
-4.278973717461163062e+00,-4.278973717461163062e+00
-4.272933564618114133e+00,-4.272933564618114133e+00
-4.266860118287183923e+00,-4.266860118287183923e+00
-4.260753255211049861e+00,-4.260753255211049861e+00
-4.254612852417729130e+00,-4.254612852417729130e+00
-4.248438787216649359e+00,-4.248438787216649359e+00
-4.242230937193625095e+00,-4.242230937193625095e+00
-4.235989180206537696e+00,-4.235989180206537696e+00
-4.229713394382017100e+00,-4.229713394382017100e+00
-4.223403458109729058e+00,-4.223403458109729058e+00
-4.217059250037571871e+00,-4.217059250037571871e+00
-4.210680649066986803e+00,-4.210680649066986803e+00
-4.204267534348204549e+00,-4.204267534348204549e+00
-4.197819785275591187e+00,-4.197819785275591187e+00
-4.191337281481736454e+00,-4.191337281481736454e+00
-4.184819902832728644e+00,-4.184819902832728644e+00
-4.178267529422370785e+00,-4.178267529422370785e+00
-4.171680041566673935e+00,-4.171680041566673935e+00
-4.165057319799416291e+00,-4.165057319799416291e+00
-4.158399244865108813e+00,-4.158399244865108813e+00
-4.151705697713886423e+00,-4.151705697713886423e+00
-4.144976559495141544e+00,-4.144976559495141544e+00
-4.138211711551726069e+00,-4.138211711551726069e+00
-4.131411035414245703e+00,-4.131411035414245703e+00
-4.124574412794288492e+00,-4.124574412794288492e+00
-4.117701725578633898e+00,-4.117701725578633898e+00
-4.110792855821642888e+00,-4.110792855821642888e+00
-4.103847685739133055e+00,-4.103847685739133055e+00
-4.096866097702793752e+00,-4.096866097702793752e+00
-4.089847974232512229e+00,-4.089847974232512229e+00
-4.082793197988713985e+00,-4.082793197988713985e+00
-4.075701651765804456e+00,-4.075701651765804456e+00
-4.068573218485461496e+00,-4.068573218485461496e+00
-4.061407781188847821e+00,-4.061407781188847821e+00
-4.054205223029292426e+00,-4.054205223029292426e+00
-4.046965427264680670e+00,-4.046965427264680670e+00
-4.039688277249560144e+00,-4.039688277249560144e+00
-4.032373656427132858e+00,-4.032373656427132858e+00
-4.025021448321957962e+00,-4.025021448321957962e+00
-4.017631536531879988e+00,-4.017631536531879988e+00
-4.010203804719154164e+00,-4.010203804719154164e+00
-4.002738136602040697e+00,-4.002738136602040697e+00
-3.995234415946605111e+00,-3.995234415946605111e+00
-3.987692526558682005e+00,-3.987692526558682005e+00
-3.980112352274446152e+00,-3.980112352274446152e+00
-3.972493776951687039e+00,-3.972493776951687039e+00
-3.964836684460529170e+00,-3.964836684460529170e+00
-3.957140958674216336e+00,-3.957140958674216336e+00
-3.949406483460691675e+00,-3.949406483460691675e+00
-3.941633142672692713e+00,-3.941633142672692713e+00
-3.933820820137782448e+00,-3.933820820137782448e+00
-3.925969399648778335e+00,-3.925969399648778335e+00
-3.918078764954053383e+00,-3.918078764954053383e+00
-3.910148799747645398e+00,-3.910148799747645398e+00
-3.902179387659252541e+00,-3.902179387659252541e+00
-3.894170412243894930e+00,-3.894170412243894930e+00
-3.886121756970723595e+00,-3.886121756970723595e+00
-3.878033305213065773e+00,-3.878033305213065773e+00
-3.869904940238455993e+00,-3.869904940238455993e+00
-3.861736545196876591e+00,-3.861736545196876591e+00
-3.853528003109737199e+00,-3.853528003109737199e+00
-3.845279196859095805e+00,-3.845279196859095805e+00
-3.836990009176176386e+00,-3.836990009176176386e+00
-3.828660322630291546e+00,-3.828660322630291546e+00
-3.820290019617196720e+00,-3.820290019617196720e+00
-3.811878982347145950e+00,-3.811878982347145950e+00
-3.803427092832869505e+00,-3.803427092832869505e+00
-3.794934232877594127e+00,-3.794934232877594127e+00
-3.786400284063958566e+00,-3.786400284063958566e+00
-3.777825127741010647e+00,-3.777825127741010647e+00
-3.769208645010934333e+00,-3.769208645010934333e+00
-3.760550716717332875e+00,-3.760550716717332875e+00
-3.751851223432424831e+00,-3.751851223432424831e+00
-3.743110045444254297e+00,-3.743110045444254297e+00
-3.734327062743780345e+00,-3.734327062743780345e+00
-3.725502155011362504e+00,-3.725502155011362504e+00
-3.716635201603118333e+00,-3.716635201603118333e+00
-3.707726081537593643e+00,-3.707726081537593643e+00
-3.698774673483320896e+00,-3.698774673483320896e+00
-3.689780855744288601e+00,-3.689780855744288601e+00
-3.680744506245353875e+00,-3.680744506245353875e+00
-3.671665502518600022e+00,-3.671665502518600022e+00
-3.662543721689416998e+00,-3.662543721689416998e+00
-3.653379040462439775e+00,-3.653379040462439775e+00
-3.644171335106662468e+00,-3.644171335106662468e+00
-3.634920481441163531e+00,-3.634920481441163531e+00
-3.625626354819225128e+00,-3.625626354819225128e+00
-3.616288830113902009e+00,-3.616288830113902009e+00
-3.606907781704364879e+00,-3.606907781704364879e+00
-3.597483083459778186e+00,-3.597483083459778186e+00
-3.588014608723327115e+00,-3.588014608723327115e+00
-3.578502230296798814e+00,-3.578502230296798814e+00
-3.568945820425660997e+00,-3.568945820425660997e+00
-3.559345250783408687e+00,-3.559345250783408687e+00
-3.549700392455193310e+00,-3.549700392455193310e+00
-3.540011115922489182e+00,-3.540011115922489182e+00
-3.530277291045628374e+00,-3.530277291045628374e+00
-3.520498787047657174e+00,-3.520498787047657174e+00
-3.510675472499741545e+00,-3.510675472499741545e+00
-3.500807215303638031e+00,-3.500807215303638031e+00
-3.490893882674143356e+00,-3.490893882674143356e+00
-3.480935341122389559e+00,-3.480935341122389559e+00
-3.470931456439920737e+00,-3.470931456439920737e+00
-3.460882093681483695e+00,-3.460882093681483695e+00
-3.450787117147278593e+00,-3.450787117147278593e+00
-3.440646390366097762e+00,-3.440646390366097762e+00
-3.430459776077107392e+00,-3.430459776077107392e+00
-3.420227136212368180e+00,-3.420227136212368180e+00
-3.409948331880869432e+00,-3.409948331880869432e+00
-3.399623223349529155e+00,-3.399623223349529155e+00
-3.389251670024727048e+00,-3.389251670024727048e+00
-3.378833530434619092e+00,-3.378833530434619092e+00
-3.368368662211089770e+00,-3.368368662211089770e+00
-3.357856922072542716e+00,-3.357856922072542716e+00
-3.347298165804588166e+00,-3.347298165804588166e+00
-3.336692248241625691e+00,-3.336692248241625691e+00
-3.326039023248213766e+00,-3.326039023248213766e+00
-3.315338343700176438e+00,-3.315338343700176438e+00
-3.304590061467187923e+00,-3.304590061467187923e+00
-3.293794027393403212e+00,-3.293794027393403212e+00
-3.282950091277797355e+00,-3.282950091277797355e+00
-3.272058101855506607e+00,-3.272058101855506607e+00
-3.261117906778522979e+00,-3.261117906778522979e+00
-3.250129352597454613e+00,-3.250129352597454613e+00
-3.239092284742206118e+00,-3.239092284742206118e+00
-3.228006547502090484e+00,-3.228006547502090484e+00
-3.216871984005642560e+00,-3.216871984005642560e+00
-3.205688436201874936e+00,-3.205688436201874936e+00
-3.194455744842528588e+00,-3.194455744842528588e+00
-3.183173749460188162e+00,-3.183173749460188162e+00
-3.171842288348976524e+00,-3.171842288348976524e+00
-3.160461198545704065e+00,-3.160461198545704065e+00
-3.149030315809426384e+00,-3.149030315809426384e+00
-3.137549474601584620e+00,-3.137549474601584620e+00
-3.126018508066870538e+00,-3.126018508066870538e+00
-3.114437248013423698e+00,-3.114437248013423698e+00
-3.102805524892133349e+00,-3.102805524892133349e+00
-3.091123167775350566e+00,-3.091123167775350566e+00
-3.079390004340396558e+00,-3.079390004340396558e+00
-3.067605860847997690e+00,-3.067605860847997690e+00
-3.055770562120613931e+00,-3.055770562120613931e+00
-3.043883931524135278e+00,-3.043883931524135278e+00
-3.031945790947098374e+00,-3.031945790947098374e+00
-3.019955960781608439e+00,-3.019955960781608439e+00
-3.007914259902101151e+00,-3.007914259902101151e+00
-2.995820505646427989e+00,-2.995820505646427989e+00
-2.983674513794824179e+00,-2.983674513794824179e+00
-2.971476098548578193e+00,-2.971476098548578193e+00
-2.959225072513241628e+00,-2.959225072513241628e+00
-2.946921246677995043e+00,-2.946921246677995043e+00
-2.934564430392704537e+00,-2.934564430392704537e+00
-2.922154431349547110e+00,-2.922154431349547110e+00
-2.909691055564699980e+00,-2.909691055564699980e+00
-2.897174107356775608e+00,-2.897174107356775608e+00
-2.884603389326585443e+00,-2.884603389326585443e+00
-2.871978702340264533e+00,-2.871978702340264533e+00
-2.859299845504992277e+00,-2.859299845504992277e+00
-2.846566616151932294e+00,-2.846566616151932294e+00
-2.833778809817289357e+00,-2.833778809817289357e+00
-2.820936220222243662e+00,-2.820936220222243662e+00
-2.808038639252849578e+00,-2.808038639252849578e+00
-2.795085856939252267e+00,-2.795085856939252267e+00
-2.782077661440069960e+00,-2.782077661440069960e+00
-2.769013839020161072e+00,-2.769013839020161072e+00
-2.755894174032874844e+00,-2.755894174032874844e+00
-2.742718448902103034e+00,-2.742718448902103034e+00
-2.729486444099855191e+00,-2.729486444099855191e+00
-2.716197938129930378e+00,-2.716197938129930378e+00
-2.702852707510018604e+00,-2.702852707510018604e+00
-2.689450526752686699e+00,-2.689450526752686699e+00
-2.675991168345674964e+00,-2.675991168345674964e+00
-2.662474402734183343e+00,-2.662474402734183343e+00
-2.648899998303960501e+00,-2.648899998303960501e+00
-2.635267721361834958e+00,-2.635267721361834958e+00
-2.621577336119521817e+00,-2.621577336119521817e+00
-2.607828604675198392e+00,-2.607828604675198392e+00
-2.594021286995250364e+00,-2.594021286995250364e+00
-2.580155140898277466e+00,-2.580155140898277466e+00
-2.566229922036868061e+00,-2.566229922036868061e+00
-2.543144067819810061e+00,-2.543144067819810061e+00
