-6.330492718392346063e+00,-5.953243275620407893e+00
-6.361310464411840115e+00,-5.982949551443158320e+00
-6.389897044672656179e+00,-6.013449555975245886e+00
-6.417931252015518062e+00,-6.043484034440576025e+00
-6.447373580755790812e+00,-6.073369204207322625e+00
-6.474455656784179780e+00,-6.102547489974266881e+00
-6.500401631390390733e+00,-6.131530763306593634e+00
-6.519951438766288909e+00,-6.160546739709564790e+00
-6.558174462637859747e+00,-6.189530087932088698e+00
-6.587947607693355856e+00,-6.217645020568950187e+00
-6.611813407213759319e+00,-6.246948325664973822e+00
-6.639048044113312841e+00,-6.273604947319515901e+00
-6.665423159779314766e+00,-6.301286791455797953e+00
-6.690594758071161330e+00,-6.328500898760817783e+00
-6.717702829017340171e+00,-6.355744543101973676e+00
-6.742699134169244601e+00,-6.382891501913659837e+00
-6.768224622338928853e+00,-6.409480529461244913e+00
-6.793710144720705557e+00,-6.435193917938268449e+00
-6.817989660127209639e+00,-6.462385620819564025e+00
-6.842258437108019287e+00,-6.488214191373671724e+00
-6.867340971185874388e+00,-6.513364834106964985e+00
-6.890951823919206909e+00,-6.539786918997447351e+00
-6.915790620176555770e+00,-6.564502799482631268e+00
-6.938680515762133183e+00,-6.589585950459663444e+00
-6.962222771546521471e+00,-6.613905374719450947e+00
-6.985061834742963605e+00,-6.637987258217640907e+00
-7.007224091027705271e+00,-6.662069519789445060e+00
-7.041503256821882495e+00,-6.686435591695857994e+00
-7.052606641576879554e+00,-6.709972047093405223e+00
-7.075100165276689168e+00,-6.733998750138129097e+00
-7.096281347750966972e+00,-6.756614138047535079e+00
-7.111020065067598317e+00,-6.779670368214791409e+00
-7.140726826274342187e+00,-6.802463850340604523e+00
-7.160519356458038942e+00,-6.825197717483120208e+00
-7.183563771244127594e+00,-6.848330284046844518e+00
-7.203978745692035446e+00,-6.869446022615374403e+00
-7.223853221385637902e+00,-6.891579556025380526e+00
-7.243702592936141826e+00,-6.913092723468749590e+00
-7.271595716816529276e+00,-6.934686220451936833e+00
-7.284200757886001298e+00,-6.955394547689478735e+00
-7.302802131802131669e+00,-6.977267985471879541e+00
-7.322489530482461539e+00,-6.996929637038802774e+00
-7.340979790290467655e+00,-7.018679791274401225e+00
-7.378144197651351099e+00,-7.038502270405186501e+00
-7.379205993888888315e+00,-7.057823994798813949e+00
-7.397149415773921710e+00,-7.077596929485380883e+00
-7.416368214150222293e+00,-7.097418058582107392e+00
-7.433315074055053984e+00,-7.116733990953943767e+00
-7.450701805053525639e+00,-7.135482867142894037e+00
-7.469128907320893518e+00,-7.154660522699797021e+00
-7.486150100336272040e+00,-7.180347111511848901e+00
-7.502818571210447374e+00,-7.191545501397242468e+00
-7.519873166740456583e+00,-7.209911820423932305e+00
-7.537011329733279474e+00,-7.228179992091736672e+00
-7.552838599437702527e+00,-7.245946487054213847e+00
-7.568956154402186165e+00,-7.263588435141739019e+00
-7.584919117408484013e+00,-7.283785535768259933e+00
-7.600479179371419036e+00,-7.298509026730049420e+00
-7.615885651690781799e+00,-7.315163723018220487e+00
-7.631076911278555031e+00,-7.331644150854898179e+00
-7.645554169315359694e+00,-7.348123306775146801e+00
-7.661092206276608252e+00,-7.364569995747126896e+00
-7.676017169494722125e+00,-7.381611198232653770e+00
-7.690519012386193509e+00,-7.396782499189375137e+00
-7.704853217715177394e+00,-7.412296803781186050e+00
-7.718783261834018639e+00,-7.427859637699810946e+00
-7.732100518628349128e+00,-7.045770599560285063e+00
-7.747053742065482140e+00,-7.458030677144505738e+00
-7.759363573129703262e+00,-7.472691782607042477e+00
-7.772230343375160722e+00,-7.484118639333068757e+00
-7.781351769662996354e+00,-7.501592802284870132e+00
-7.798263301219060750e+00,-7.516340196252163430e+00
-7.811400145488917701e+00,-7.530773410993269579e+00
-7.823104125968395550e+00,-7.544336289279186758e+00
-7.835345327300036189e+00,-7.558568355795863170e+00
-7.809256299302373527e+00,-7.571517125274879412e+00
-7.860273284976248220e+00,-7.584940250331555944e+00
-7.870385399688537120e+00,-7.593264631615564753e+00
-7.882112409828383903e+00,-7.610484932836988570e+00
-7.892516689868331881e+00,-7.623030646593242921e+00
-7.903626482621293192e+00,-7.635781426971120389e+00
-7.914712025861913247e+00,-7.647949208655987263e+00
-7.925860287808908389e+00,-7.660069848202958553e+00
-7.935578092995626776e+00,-7.672095731812155428e+00
-7.945800563277801487e+00,-7.683602429645162601e+00
-7.955749820949320927e+00,-7.695532403360722640e+00
-7.965524613751208349e+00,-7.706667115790302169e+00
-7.975115807152691971e+00,-7.718210857920372980e+00
-7.985233213715698497e+00,-7.728461059657272259e+00
-7.994131185027185893e+00,-7.739748324429107207e+00
-8.003426568846652600e+00,-7.749744009763478658e+00
-8.011896364655141767e+00,-7.760216981535212888e+00
-8.020368942524005007e+00,-7.770645875642026468e+00
-8.028944582578827038e+00,-7.780545535914230371e+00
-8.037358044320068728e+00,-7.790594792022765169e+00
-8.045137198248971444e+00,-7.800216932028593675e+00
-8.052632056327039933e+00,-7.809472790027067290e+00
-8.061030454562670755e+00,-7.818956863565552418e+00
-8.062912035340024985e+00,-7.828178384473705620e+00
-8.076135419587544106e+00,-7.836855374598113322e+00
-8.082942322430909599e+00,-7.846086373958240046e+00
-8.089816397985851282e+00,-7.854130210615489105e+00
-8.097133877023724224e+00,-7.862826355096490971e+00
-8.103729381049545211e+00,-7.871059026478325116e+00
-8.110215658809739381e+00,-7.878979083582283494e+00
-8.115019277467302672e+00,-7.886946810662850638e+00
-8.122534633194876008e+00,-7.894718584483746859e+00
-8.129190897500203405e+00,-7.902600287828180470e+00
-8.134203264574818348e+00,-7.909605041734990571e+00
-8.139815662538312679e+00,-7.917007678105907331e+00
-8.145366016092539851e+00,-7.923901002804848659e+00
-8.150377281163891041e+00,-7.930759627696957637e+00
-8.155451254110870352e+00,-7.937610363203555508e+00
-8.160961679384790557e+00,-7.943225843491828364e+00
-8.165113263815767297e+00,-7.951219922185060796e+00
-8.169424458330855288e+00,-7.957053215992058171e+00
-8.174523277768859231e+00,-7.962752443871484509e+00
-8.178404510722968368e+00,-7.968615677452051571e+00
-8.182380134072545275e+00,-7.974047133594524439e+00
-8.186470504985846830e+00,-7.979891614309773118e+00
-8.190366613081392799e+00,-7.985293912439501263e+00
-8.193999913974542082e+00,-7.990289956706639884e+00
-8.197634002899009786e+00,-7.995208032689581579e+00
-8.200571997707964300e+00,-8.000482976466029683e+00
-8.203873819516701360e+00,-8.005088917729997533e+00
-8.206912330509821274e+00,-8.009842959765045123e+00
-8.209205262915485690e+00,-8.014059913852007000e+00
-8.211577266440690082e+00,-8.018269672731696218e+00
-8.210964671192908071e+00,-8.022556143181096999e+00
-8.217018847697032058e+00,-8.026667062539683428e+00
-8.219848723885389674e+00,-8.030266854622071904e+00
-8.221447858321422331e+00,-8.033923271508328412e+00
-8.223194877969424610e+00,-8.037548109864227186e+00
-8.224805705163698022e+00,-8.040482156117789714e+00
-8.226463473923073977e+00,-8.044030345757210654e+00
-8.228108373922765395e+00,-8.047398268995193504e+00
-8.229498850388434761e+00,-8.049990873632607347e+00
-8.230563158213781705e+00,-8.052919546512596227e+00
-8.234413940658749098e+00,-8.055776048021980884e+00
-8.232273508226821690e+00,-8.058294793059188166e+00
-8.232822546681468623e+00,-8.060489801484093775e+00
-8.233665723789435731e+00,-8.062453696832047711e+00
-8.234128433074928921e+00,-8.064632426421921352e+00
-8.234489864482339883e+00,-8.066261971305616285e+00
-8.234549026333546351e+00,-8.068382168680839683e+00
-8.234769078042726065e+00,-8.069569086185891749e+00
-8.234433265041884553e+00,-8.071383128922702710e+00
-8.231833382296262158e+00,-8.072910917046803192e+00
-8.233500840753128713e+00,-8.080125094437276445e+00
-8.232057646626826042e+00,-8.072215288104299447e+00
-8.232369911538985008e+00,-8.076120606627105403e+00
-8.231417367653326878e+00,-8.077124874883624628e+00
-8.230508650699531970e+00,-8.076172818133819931e+00
-8.230335054198596012e+00,-8.077961139666241408e+00
-8.228166967506588492e+00,-8.078511874804174653e+00
-8.226881319521545777e+00,-8.079070040240539541e+00
-8.225511861618212350e+00,-8.078551564873418300e+00
-8.223959425248679622e+00,-8.078996640180902133e+00
-8.222158993205150423e+00,-8.078686687363857644e+00
-8.220296047981975107e+00,-8.077675931800168740e+00
-8.218145653580110732e+00,-8.078318863617793610e+00
-8.216193957761090516e+00,-8.077785556376090526e+00
-8.213604342414404513e+00,-8.076054837827458144e+00
-8.211740120962973677e+00,-8.076307767947024985e+00
-8.209317513148997492e+00,-8.075480551586947442e+00
-8.206437690160262477e+00,-8.073893557304218760e+00
-8.203647120615299215e+00,-8.073286802143703866e+00
-8.200908996962766651e+00,-8.071510566082634952e+00
-8.197862180612046856e+00,-8.070772870368035257e+00
-8.194560837214655891e+00,-8.069056551183733106e+00
-8.190895243003296855e+00,-8.067510679502635895e+00
-8.187931376304023345e+00,-8.065665216456054054e+00
-8.184716610638384182e+00,-8.063733302100848377e+00
-8.180955252019684210e+00,-8.061288432740626675e+00
-8.177226876589989146e+00,-8.064410837027612189e+00
-8.174787036350693370e+00,-8.057675523050752631e+00
-8.169657675694844912e+00,-8.055362118296217844e+00
-8.165423103658895343e+00,-8.052710768739084202e+00
-8.161559335765444345e+00,-8.049820644348955057e+00
-8.157476833843395170e+00,-8.047036174179963197e+00
-8.152845605747186752e+00,-8.044853539865522762e+00
-8.148237396158179990e+00,-8.041713224938192184e+00
-8.143548208337707095e+00,-8.035361341800216550e+00
-8.139124200777967388e+00,-8.032099081077925362e+00
-8.134251342083111069e+00,-8.031807327832616750e+00
-8.129416743771045617e+00,-8.034378864193888248e+00
-8.124553532708540970e+00,-8.025402003809359641e+00
-8.119320913614078705e+00,-8.021456792523357748e+00
-8.114203408478507740e+00,-8.099169328566707904e+00
-8.108823633552608712e+00,-8.014577128350333979e+00
-8.103925451624837351e+00,-8.010309433958099135e+00
-8.098278986702807103e+00,-8.006972481461893665e+00
-8.092473461033893756e+00,-8.003169803880714639e+00
-8.086336908241603894e+00,-7.997602304801322504e+00
-8.080767445627321521e+00,-7.994677041890345670e+00
-8.074780507680882735e+00,-7.989167237851233949e+00
-8.068759802948973103e+00,-7.985107135744222262e+00
-8.063021614386890690e+00,-7.980287067555384972e+00
-8.056702661954945555e+00,-7.975853349662873626e+00
-8.050218528423412678e+00,-7.970945495533118930e+00
-8.043780043859594997e+00,-7.965960264896700949e+00
-8.038840481573100050e+00,-7.958886660453551087e+00
-8.030931611007325444e+00,-7.955899274364290896e+00
-8.024514849772167224e+00,-7.952551588345598610e+00
-8.017771322458983718e+00,-7.946282293377080919e+00
-8.010627274108138351e+00,-7.939615309503448515e+00
-8.003399274177651179e+00,-7.933858671063666712e+00
-7.997037036514156760e+00,-7.928759347270939450e+00
-7.989780792111279339e+00,-7.924073641250160449e+00
-7.982614988881138629e+00,-7.917629040266938034e+00
-7.975368086684753166e+00,-7.911239632421227519e+00
-7.967984830298604493e+00,-7.904999651164003716e+00
-7.960577909217736448e+00,-7.899396518669085765e+00
-7.952846139456579699e+00,-7.892854571197783997e+00
-7.946260792608025980e+00,-7.894265832624198787e+00
-7.937891245367947768e+00,-7.880711024699961875e+00
-7.929979820261292112e+00,-7.874492831216475253e+00
-7.922067007192506338e+00,-7.875810271833667997e+00
-7.914128246294031221e+00,-7.860628262728266868e+00
-7.905304475772443773e+00,-7.854807974071710497e+00
-7.898134391565633017e+00,-7.846986711984545337e+00
-7.890003166082157016e+00,-7.841236598681544656e+00
-7.881600720437209162e+00,-7.834819049232085497e+00
-7.873463344755698756e+00,-7.827394182327775951e+00
-7.864735436090750653e+00,-7.818589639344638798e+00
-7.856338717014357265e+00,-7.814199534268812641e+00
-7.848282014776305715e+00,-7.805624799726682994e+00
-7.839282684005155488e+00,-7.798395829293550463e+00
-7.830065964160481506e+00,-7.790890556500428055e+00
-7.822388492829221107e+00,-7.783413878988980628e+00
-7.813457442802398845e+00,-7.776648291361398790e+00
-7.804625815117481658e+00,-7.769010389006659523e+00
-7.797622385341461460e+00,-7.761104555660518045e+00
-7.786582886298475614e+00,-7.752369356763001207e+00
-7.777689378956214483e+00,-7.747273859223532178e+00
-7.768512942524804288e+00,-7.737801599158075305e+00
-7.759158361899199718e+00,-7.729425246457328313e+00
-7.749505261088387442e+00,-7.719854213990307024e+00
-7.740813431456159854e+00,-7.713031190093467160e+00
-7.731642205349835706e+00,-7.705685606607080018e+00
-7.721565781671029249e+00,-7.696613063148631362e+00
-7.712913956039397334e+00,-7.687407548375411181e+00
-7.703272759942835890e+00,-7.680081202406450203e+00
-7.693448153888117425e+00,-7.671729441078859679e+00
-7.683597966957790071e+00,-7.662884168972917465e+00
-7.674187237792740035e+00,-7.655794798066965612e+00
-7.664270133298441756e+00,-7.645444430636442412e+00
-7.654413617059467434e+00,-7.636912661977283356e+00
-7.644784287146419111e+00,-7.629099216475269785e+00
-7.634577667571551984e+00,-7.618160825011833559e+00
-7.624230895022870769e+00,-7.609580671949372821e+00
-7.614720219143293889e+00,-7.601424538655695784e+00
-7.604799323192593441e+00,-7.592436805154824775e+00
-7.594504163465703783e+00,-7.582963066352575332e+00
-7.584176629759378230e+00,-7.574418660022044669e+00
-7.574345982724850046e+00,-7.564879522041424664e+00
-7.564327550550341783e+00,-7.555576359203548087e+00
-7.553028702514149373e+00,-7.546980463649415327e+00
-7.542504462937549725e+00,-7.534738954839586889e+00
-7.532376995355950733e+00,-7.527121825285473911e+00
-7.522974437118219448e+00,-7.518095637937927123e+00
-7.511828366763109166e+00,-7.506979766739227067e+00
-7.500987483782350473e+00,-7.498722317440268625e+00
-7.490344554908668684e+00,-7.488840758028053379e+00
-7.480254023166667210e+00,-7.479448377762803801e+00
-7.470908062133847949e+00,-7.469821958333310086e+00
-7.458588365317661228e+00,-7.460929605374260198e+00
-7.447793901247348636e+00,-7.449722400524514399e+00
-7.437137773955988962e+00,-7.440344076667821938e+00
-7.425972443021308322e+00,-7.430052802484219399e+00
-7.415184763063759732e+00,-7.418607417979977470e+00
-7.404546233489440965e+00,-7.409546763253359813e+00
-7.393966520810586474e+00,-7.400269069780778253e+00
-7.382350429385171608e+00,-7.389991195029530502e+00
-7.377566213018055485e+00,-7.379278606367768667e+00
-7.361150418612743884e+00,-7.369434395678140959e+00
-7.349598699226402410e+00,-7.359166534450817920e+00
-7.338695432115617479e+00,-7.348773221493136276e+00
-7.327451077873677221e+00,-7.338985398221552714e+00
-7.316249574555769186e+00,-7.327774672762680908e+00
-7.306140822509050281e+00,-7.316735853440512471e+00
-7.294102444359018556e+00,-7.308628183241006937e+00
-7.282950442953286085e+00,-7.296465085936623574e+00
-7.271429364313561905e+00,-7.285706890645449185e+00
-7.260164574110527624e+00,-7.275008577335565718e+00
-7.248960687168239048e+00,-7.264117321143970685e+00
-7.237111808358834608e+00,-7.255630418317226216e+00
-7.226187333883396846e+00,-7.245054801512849529e+00
-7.215055898288539105e+00,-7.231402740215469471e+00
-7.203389671189333932e+00,-7.222668807103133304e+00
-7.193092855144193720e+00,-7.208283616067898691e+00
-7.180890500919075770e+00,-7.202147176512153415e+00
-7.169223984371010161e+00,-7.188153177419628115e+00
-7.157666091630537686e+00,-7.175078979953013025e+00
-7.146018349885856935e+00,-7.167415134334088833e+00
-7.134883727782678875e+00,-7.155236898062516282e+00
-7.123578336033957292e+00,-7.144845547568991151e+00
-7.111847029411015875e+00,-7.133533074549837316e+00
-7.100182244285356603e+00,-7.122781437287194706e+00
-7.088597675862186698e+00,-7.111742937686702959e+00
-7.077262773027699794e+00,-7.103782001591160800e+00
-7.065666981474191921e+00,-7.088888852063219836e+00
-7.054237797025513679e+00,-7.078320971805962536e+00
-7.042424077825716111e+00,-7.067324064942444473e+00
-7.030846949546000424e+00,-7.055384745394390755e+00
-7.020420049892994285e+00,-7.044004713914076454e+00
-7.007819723228603692e+00,-7.033079166985135799e+00
-6.995895749089278581e+00,-7.019120803034363476e+00
-6.984159722250471880e+00,-7.009695480022985592e+00
-6.972683199297780909e+00,-6.998112618746387348e+00
-6.960957216451126861e+00,-6.989875437544846193e+00
-6.949643898107298767e+00,-6.976168018230487711e+00
-6.937679972780822268e+00,-6.968823384487105699e+00
-6.926074769890128380e+00,-6.953881805083688583e+00
-6.914352131845894256e+00,-6.943756277119831566e+00
-6.902723737449933950e+00,-6.930855676128967247e+00
-6.891345620853056353e+00,-6.919748908420729094e+00
-6.879549353463620953e+00,-6.905149147894736217e+00
-6.867700789006203621e+00,-6.896580864552579904e+00
-6.856293946687874730e+00,-6.885073187046478971e+00
-6.854347807433050832e+00,-6.873299103944927602e+00
-6.831914965453400157e+00,-6.861569318373840431e+00
-6.853667477106175632e+00,-6.849601417983973484e+00
-6.809511348717484758e+00,-6.836583767689393909e+00
-6.798171399369588030e+00,-6.827379415424745801e+00
-6.785850683599519151e+00,-6.815563402332886156e+00
-6.774809134404638833e+00,-6.804301586595808971e+00
-6.763671392628333834e+00,-6.791892149347005692e+00
-6.751666225951102440e+00,-6.774669481421992323e+00
-6.740218329595011326e+00,-6.770032235186633329e+00
-6.728594704296816609e+00,-6.758224360203287873e+00
-6.716515821390785845e+00,-6.746271024219365309e+00
-6.705203172886417207e+00,-6.735139431062385995e+00
-6.693899747082177498e+00,-6.722880257846229668e+00
-6.680946807674740029e+00,-6.711662683219245196e+00
-6.670980165198509226e+00,-6.700195358453214567e+00
-6.659177155849066665e+00,-6.692400909406015508e+00
-6.647774097491811141e+00,-6.675936835627585886e+00
-6.636815569976834084e+00,-6.664028660236818169e+00
-6.625337202750898768e+00,-6.651696305959980293e+00
-6.614029178291713329e+00,-6.642564438259556781e+00
-6.602493362774561447e+00,-6.631265277359789323e+00
-6.591061706745254156e+00,-6.619709921552680676e+00
-6.579817519256022429e+00,-6.606086921806704204e+00
-6.568007633277554547e+00,-6.595570959770268082e+00
-6.557398417279310721e+00,-6.585077461295664847e+00
-6.546166898894417052e+00,-6.573763395698200007e+00
-6.534419267534125275e+00,-6.561881083697428174e+00
-6.523527314481954775e+00,-6.551409525922783139e+00
-6.512294187905822263e+00,-6.538409419041792958e+00
-6.501174982126087798e+00,-6.495158413959678967e+00
-6.490111253843307004e+00,-6.515689071737357452e+00
-6.479002594136348492e+00,-6.505361211676937927e+00
-6.467822275971101043e+00,-6.498023239283220676e+00
-6.456991388190267855e+00,-6.482703446870316633e+00
-6.446451876727090635e+00,-6.469061940215640405e+00
-6.434797330758275535e+00,-6.459786463348065944e+00
-6.423328269330380813e+00,-6.448040312681287745e+00
-6.413185932656476851e+00,-6.436657256744290123e+00
-6.401677615800370091e+00,-6.425535677813032365e+00
-6.391481015005540556e+00,-6.414055689424586149e+00
-6.380166087120655583e+00,-6.403904218669083548e+00
-6.370013122866321709e+00,-6.372798212327309919e+00
-6.359274432409567801e+00,-6.380357343176516594e+00
-6.348683912961760711e+00,-6.369899529850622244e+00
-6.337966923427526211e+00,-6.358132137961994168e+00
-6.327349400016838210e+00,-6.347352303159182085e+00
-6.317011984825244397e+00,-6.336121741343549552e+00
-6.306590370922800837e+00,-6.325505047400829639e+00
-6.296014134145836216e+00,-6.314551514181856895e+00
-6.286493019349197908e+00,-6.303879639152565773e+00
-6.275283531654166858e+00,-6.292920075032081506e+00
-6.265103517756094753e+00,-6.282333061748008873e+00
-6.254720731997079675e+00,-6.272131274264517664e+00
-6.244716702419910170e+00,-6.264457597257398369e+00
-6.234364448974494266e+00,-6.248938955376266868e+00
-6.223982025281594943e+00,-6.238699772410415179e+00
-6.214430349006671683e+00,-6.227083009733339836e+00
-6.204094091639647424e+00,-6.218489852991848643e+00
-6.194307126078548720e+00,-6.205819696882441505e+00
-6.184412724269091832e+00,-6.205781243672847225e+00
-6.174719444891906051e+00,-6.185293609060470210e+00
-6.131375493913253649e+00,-6.174416615960191201e+00
-6.155035485350047963e+00,-6.164621735896013810e+00
-6.145273328233958665e+00,-6.151920649452103262e+00
-6.135954162624134511e+00,-6.144823500414384299e+00
-6.126129270294518037e+00,-6.133364973296488110e+00
-6.116590954851370832e+00,-6.122788288309944704e+00
-6.107190228680789090e+00,-6.112621146684348084e+00
-6.097733790564356049e+00,-6.102966371215623020e+00
-6.088533711850398156e+00,-6.092289787937218648e+00
-6.079376796296028118e+00,-6.082087254520217812e+00
-6.069859730033607015e+00,-6.070202269730416766e+00
-6.060927056153605719e+00,-6.062019560865540058e+00
-6.051890005159839880e+00,-6.052539439512011121e+00
-6.042810228050803367e+00,-6.054911896201477184e+00
-6.033283749788027173e+00,-6.032809495906555242e+00
-6.024952394773369413e+00,-6.021975247962833677e+00
-6.019286680782508725e+00,-6.012636492576686642e+00
-6.004373536834208380e+00,-6.003661324232502317e+00
-5.998717841081802504e+00,-5.986723582516486175e+00
-6.022980292610625952e+00,-5.984070782746012895e+00
-5.981762462408672931e+00,-5.974531462276664762e+00
-5.973204922759847157e+00,-5.965359050337152524e+00
-5.964748897821006146e+00,-5.953621360806657492e+00
-5.956507900625087615e+00,-5.945858116613456978e+00
-5.948501379997518157e+00,-5.937626705029999563e+00
-5.939969047703881344e+00,-5.928880835259401572e+00
-5.931642111503911963e+00,-5.919684219171527317e+00
-5.923120915588240720e+00,-5.910309341261697824e+00
-5.916078176207051342e+00,-5.902317551525254835e+00
-5.908334745822749312e+00,-5.892973526990537891e+00
-5.900001455500663461e+00,-5.883633872042692836e+00
-5.892280939335432954e+00,-5.874566072016148333e+00
-5.885109967324790858e+00,-5.866136491746189563e+00
-5.877256384585155757e+00,-5.857370953671984459e+00
-5.869187633648408564e+00,-5.849608585641998815e+00
-5.861812499606292803e+00,-5.840731799158685789e+00
-5.853950933084509423e+00,-5.830927574645179412e+00
-5.846510387691470356e+00,-5.822793308312132154e+00
-5.839036184489434511e+00,-5.815533538947274650e+00
-5.831346615846652703e+00,-5.806938868944519605e+00
-5.824642803493855325e+00,-5.798857685673037388e+00
-5.817183312576291954e+00,-5.790186737129044303e+00
-5.810233627475381191e+00,-5.784729603817822863e+00
-5.802802718134242532e+00,-5.780660095178946634e+00
-5.796150006923966203e+00,-5.765935795922075613e+00
-5.789118147235832623e+00,-5.758201852729424530e+00
-5.782191443698861733e+00,-5.750092125151173406e+00
-5.774940371112272430e+00,-5.742204067376121657e+00
-5.768595741955988565e+00,-5.734945553153789177e+00
-5.761697576918768604e+00,-5.727271936913267858e+00
-5.755141627339775745e+00,-5.719008135636141965e+00
-5.748200282509664305e+00,-5.711524039207717784e+00
-5.742235984442908503e+00,-5.703965538977140426e+00
-5.735703804696313135e+00,-5.696938782585668548e+00
-5.728854959295180294e+00,-5.689187870644877520e+00
-5.722197127396019489e+00,-5.680349849652674976e+00
-5.716148260690051330e+00,-5.673027223502735694e+00
-5.709893286115749866e+00,-5.667132820173860885e+00
-5.703366271594735082e+00,-5.659917050293711505e+00
-5.697164933015693933e+00,-5.652495897024937932e+00
-5.690970172718253117e+00,-5.644745009746618969e+00
-5.684957290985093614e+00,-5.638082038587184819e+00
-5.678797565689357896e+00,-5.630791997814919014e+00
-5.673224830792634066e+00,-5.625100183011895183e+00
-5.666983103500384367e+00,-5.503444615173159526e+00
-5.660840734792465412e+00,-5.610335012161496770e+00
-5.655239788414393232e+00,-5.601795756241553903e+00
-5.649359404458214051e+00,-5.596627220247476941e+00
-5.643500427322127422e+00,-5.586628830567942572e+00
-5.637682521024865778e+00,-5.584101683958657247e+00
-5.632412125385473978e+00,-5.576206430922100665e+00
-5.626699775384834012e+00,-5.569820506885253764e+00
-5.623088631714733054e+00,-5.563322438991370689e+00
-5.615582600057551943e+00,-5.556312868640823410e+00
-5.610207172988364022e+00,-5.550082529142823518e+00
-5.604884403912155477e+00,-5.543218843499035486e+00
-5.599407543986806068e+00,-5.537308140263957235e+00
-5.594015610635354463e+00,-5.531171396262252848e+00
-5.588969521925498896e+00,-5.525123021518803412e+00
-5.583740455010766546e+00,-5.518595285329283229e+00
-5.577767718182033541e+00,-5.530406963127679987e+00
-5.573487267961547253e+00,-5.504422767851861131e+00
-5.568499434302834672e+00,-5.500349034739291376e+00
-5.563154511962439486e+00,-5.493010741010405873e+00
-5.558663983654627216e+00,-5.482742142181763256e+00
-5.553468374321319345e+00,-5.481973865830810588e+00
-5.549049090588971112e+00,-5.474657408805048142e+00
-5.543709345620502660e+00,-5.469263020652204155e+00
-5.538647325551639078e+00,-5.463658468036202365e+00
-5.534268795385139050e+00,-5.457446513655016318e+00
-5.529847161636254782e+00,-5.452278618462445436e+00
-5.524751810513606642e+00,-5.446630864520685122e+00
-5.520323584485399060e+00,-5.441675558538086932e+00
-5.510376403834449377e+00,-5.434954096707341087e+00
-5.511043283840578511e+00,-5.436526157451961438e+00
-5.506418115637803368e+00,-5.424342681062489291e+00
-5.501955281406837983e+00,-5.418034356372081639e+00
-5.497574043260279097e+00,-5.412906321428764045e+00
-5.493058796592404036e+00,-5.407320929891420214e+00
-5.488975868878810616e+00,-5.401553649979321747e+00
-5.484702210923928511e+00,-5.396319988796040690e+00
-5.480398973016239239e+00,-5.390694673403259252e+00
-5.476205296010864920e+00,-5.385792918528483852e+00
-5.471678942591590378e+00,-5.381692496153519301e+00
-5.467755126839516144e+00,-5.374773783002414262e+00
-5.463437482938191536e+00,-5.369352296039163974e+00
-5.459841882753339704e+00,-5.364711897098058735e+00
-5.456245357971422294e+00,-5.359549746303398088e+00
-5.451795057714549309e+00,-5.354112806630969779e+00
-5.447857936502324527e+00,-5.349085884213115705e+00
-5.443830469314864473e+00,-5.344121620068784217e+00
-5.437772991570813730e+00,-5.337161966267381707e+00
-5.436161195350922348e+00,-5.327952704772275894e+00
-5.431886928407610782e+00,-5.329103173378866742e+00
-5.428644379213193538e+00,-5.324687566397517280e+00
-5.425494100804576725e+00,-5.319337874386881104e+00
-5.421353133397393442e+00,-5.314265354824333265e+00
-5.417623541872348625e+00,-5.310108271320778783e+00
-5.413930309209983527e+00,-5.299179616645588453e+00
-5.410293448339510647e+00,-5.299801406834242279e+00
-5.410939242058327991e+00,-5.295502166483103679e+00
-5.403362929541398074e+00,-5.290691975203689168e+00
-5.399908058604499850e+00,-5.286065460664676863e+00
-5.396559041614310104e+00,-5.281457045746829060e+00
-5.392973843947645562e+00,-5.276910879077462369e+00
-5.390045528446241185e+00,-5.272072791513239487e+00
-5.386119405988348596e+00,-5.267778120848509715e+00
-5.382922189126279733e+00,-5.257094254396132982e+00
-5.379759936674702203e+00,-5.258837958784511102e+00
-5.376688617471940823e+00,-5.253074110026370036e+00
-5.373093998803278204e+00,-5.250101620093611032e+00
-5.370267523370048757e+00,-5.244946848035237252e+00
-5.366957837725633951e+00,-5.240830038543521141e+00
-5.363852813073677339e+00,-5.237007302502309614e+00
-5.360459128698265907e+00,-5.232194608480117637e+00
-5.357479851925698533e+00,-5.227716463812459580e+00
-5.354611458180503547e+00,-5.222875397301373290e+00
-5.351298122900818299e+00,-5.218301742935739895e+00
-5.348652357453393513e+00,-5.214998421202428069e+00
-5.345378653604292651e+00,-5.211370798342243482e+00
-5.342801603141914768e+00,-5.207074425271775553e+00
-5.339659206031659444e+00,-5.203256661914803516e+00
-5.337868253239115290e+00,-5.199036880967570440e+00
-5.334177305343883013e+00,-5.194486869133751128e+00
-5.331348435008867348e+00,-5.190733546711045143e+00
-5.328513418730698170e+00,-5.186821670367210757e+00
-5.325970367496651647e+00,-5.182665175324992823e+00
-5.323052774408662202e+00,-5.178503115844885762e+00
-5.321995661733243566e+00,-5.174506719188705972e+00
-5.317805681589574007e+00,-5.171033346088962368e+00
-5.315178878417063046e+00,-5.166715956650997477e+00
-5.312504442666789117e+00,-5.162729146331370700e+00
-5.309850088957438707e+00,-5.160841166068615316e+00
-5.307221804550407818e+00,-5.155045974487407534e+00
-5.304768339976931202e+00,-5.151162619548564692e+00
-5.302192224461598435e+00,-5.147442278212973399e+00
-5.299708311358836355e+00,-5.143784546958284132e+00
-5.297403689918189329e+00,-5.139785329832061045e+00
-5.294748782320684022e+00,-5.136094613405681741e+00
-5.292123017135704544e+00,-5.132174365416352302e+00
-5.289970438339429037e+00,-5.128948004572439601e+00
-5.287926288421401111e+00,-5.125083187742039748e+00
-5.285094256735462181e+00,-5.109955971250278672e+00
-5.282838740609003381e+00,-5.117736589276703718e+00
-5.280350326918246573e+00,-5.118103506240544220e+00
-5.277305605993574567e+00,-5.110128698061739527e+00
-5.275697123046572123e+00,-5.106838194211125170e+00
-5.273637694801712961e+00,-5.102245130697886211e+00
-5.270614273358151358e+00,-5.099703424887433556e+00
-5.269160862782626076e+00,-5.094999630208246089e+00
-5.266892110107475489e+00,-5.092105556875611505e+00
-5.264867094496412214e+00,-5.088410793174170443e+00
-5.263077037029297855e+00,-5.085158043316802434e+00
-5.260514530956374557e+00,-5.081789561886715489e+00
-5.258405217519637631e+00,-5.075913574039613074e+00
-5.256087224187613316e+00,-5.074821077605002451e+00
-5.254149585174491932e+00,-5.072102803417879890e+00
-5.252063689608350572e+00,-5.068215891534136652e+00
-5.250005597973719240e+00,-5.064643568339112001e+00
-5.248077019236764507e+00,-5.060995441500133474e+00
-5.245789762947726587e+00,-5.058338872325286673e+00
-5.244062612558238357e+00,-5.053247756879142294e+00
-5.241875466406818340e+00,-5.050566295497014302e+00
-5.240151499608935559e+00,-5.047871608959315637e+00
-5.238185404138938850e+00,-5.043865340372184036e+00
-5.233907913350453356e+00,-5.180740298438152536e+00
-5.234207632270724275e+00,-5.037390292276919368e+00
-5.232260052165362829e+00,-5.033960150186469917e+00
-5.230368819272601222e+00,-5.030627717535036680e+00
-5.228438611641732514e+00,-5.028192101330966501e+00
-5.226499012509358444e+00,-5.024418639412616017e+00
-5.224455858336483516e+00,-5.001964905471753653e+00
-5.222995974578233280e+00,-5.018207426320155484e+00
-5.220791079544429891e+00,-5.014261302691198630e+00
-5.219224329998051637e+00,-5.011170623318323969e+00
-5.217505367965839191e+00,-5.007696466837296079e+00
-5.215184767494917217e+00,-5.004617713387601086e+00
-5.213944031279877045e+00,-5.001850041928362245e+00
-5.212048973020866782e+00,-4.998797370490205338e+00
-5.210310900263255718e+00,-4.994773317684233938e+00
-5.208809659931099567e+00,-4.991568169488026285e+00
-5.206727878022392453e+00,-4.988085599639290990e+00
-5.204746199151410124e+00,-4.984502128491119066e+00
-5.203352132318592282e+00,-4.981923296887352137e+00
-5.201426228574305810e+00,-4.982747720924603385e+00
-5.200002356128194947e+00,-4.975560410440821535e+00
-5.198412078737119302e+00,-4.972586233897217767e+00
-5.196591645014532190e+00,-4.967874481997793801e+00
-5.194919277567209726e+00,-4.966116640767991974e+00
-5.193253929745495157e+00,-4.963144425721626618e+00
-5.191608342759956862e+00,-4.959945605312580774e+00
-5.190020826420161271e+00,-4.956939828926298475e+00
-5.188389360915273585e+00,-4.953371302530414688e+00
-5.186735794981851555e+00,-4.948316749116469460e+00
-5.185416349034706052e+00,-4.947410639155517487e+00
-5.183448459203061631e+00,-4.943729049349958160e+00
-5.181702833345013026e+00,-4.941888889764725512e+00
-5.180126149515675849e+00,-4.930192244389468570e+00
-5.178566987203900851e+00,-4.934895555322107441e+00
-5.177074673706954400e+00,-4.930340048805323505e+00
-5.175339901563877021e+00,-4.928140871178104732e+00
-5.174157947351524456e+00,-4.925157446240257642e+00
-5.172249884637561301e+00,-4.922978847567551774e+00
-5.170536892090024317e+00,-4.918895781348808782e+00
-5.169100590603036949e+00,-4.916145495232298046e+00
-5.167500594080323140e+00,-4.913268286128411155e+00
-5.165842206640122392e+00,-4.909629209814052153e+00
-5.164561917107651112e+00,-4.904939944568265098e+00
-5.160852795258160874e+00,-4.904679010486071356e+00
-5.161155210741931398e+00,-4.900048535816514672e+00
-5.159780995394537939e+00,-4.897152224174900148e+00
-5.157937301644219374e+00,-4.893924529030052817e+00
-5.304553849202171989e+00,-4.891110346801698761e+00
-5.155178196833508864e+00,-4.887379600470131535e+00
-5.153583128262646085e+00,-4.884510333204961086e+00
-5.151906079581365816e+00,-4.880417780137448425e+00
-5.150498988813927426e+00,-4.877463498153566945e+00
-5.152391555563959002e+00,-4.873797410397798124e+00
-5.147349447325358263e+00,-4.871906158598044101e+00
-5.145846305155401978e+00,-4.868654749356418954e+00
-5.143719508184467770e+00,-4.865483013462182704e+00
-5.142200850600669781e+00,-4.862316770912418207e+00
-5.141059456387904625e+00,-4.859304811323834628e+00
-5.139492148937951477e+00,-4.856663226408842959e+00
-5.138069459992780530e+00,-4.852588153474687083e+00
-5.136518230753303271e+00,-4.849102640075002135e+00
-5.134842910305959407e+00,-4.845839676434344767e+00
-5.133310891842164381e+00,-4.842687439631813362e+00
-5.132116639579092698e+00,-4.840177436906356156e+00
-5.130311575476579122e+00,-4.836991394983680692e+00
-5.128782921214464885e+00,-4.834948766348437843e+00
-5.127066683876499553e+00,-4.830259470319095527e+00
-5.125597021049284052e+00,-4.826939537492828336e+00
-5.124133550410917337e+00,-4.823790656452068504e+00
-5.122444635678296443e+00,-4.820429011769414629e+00
-5.120539112482421551e+00,-4.817430151094903579e+00
-5.119028891687307237e+00,-4.812434179161236614e+00
-5.117662078133714765e+00,-4.811026774143298823e+00
-5.115869750564550955e+00,-4.808313526479849997e+00
-5.114705179550909087e+00,-4.804412028741372076e+00
-5.109288239280740385e+00,-4.808902535325119132e+00
-5.115176359767832359e+00,-4.798021406411508316e+00
-5.109769480260098362e+00,-4.793868407793414832e+00
-5.108353159487363016e+00,-4.791473032231311713e+00
-5.106827588286200204e+00,-4.788178548872742191e+00
-5.101137639670273671e+00,-4.784769346655290967e+00
-5.103392278620260569e+00,-4.781554939653619662e+00
-5.101884353093733004e+00,-4.778052444910303898e+00
-5.100107715353445315e+00,-4.774692259889035562e+00
-5.098725390536706925e+00,-4.771303248377657624e+00
-5.097105581856435919e+00,-4.767693563305296145e+00
-5.094216994206279381e+00,-4.764713999916123655e+00
-5.093575624030748372e+00,-4.762030664426275983e+00
-5.091764498206571510e+00,-4.758627147713858641e+00
-5.090501717950772331e+00,-4.754948067398983902e+00
-5.088804132959736215e+00,-4.743171233551638721e+00
-5.087155622623765083e+00,-4.746834430679650829e+00
-5.085432765430902613e+00,-4.749955325719541044e+00
-5.092689868949929810e+00,-4.741694130721707090e+00
-5.082049678230252887e+00,-4.738422415934841148e+00
-5.080458620360776223e+00,-4.732268132502645663e+00
-5.078496678647393736e+00,-4.730794609744312318e+00
-5.076884855457020507e+00,-4.727424765469582013e+00
-5.075097862027948992e+00,-4.723874773109375980e+00
-5.073796249937352343e+00,-4.720909073385075594e+00
-5.072052161972471218e+00,-4.716636493143407272e+00
-5.070258931891609144e+00,-4.715182584818000677e+00
-5.068228605953696508e+00,-4.709756284135978355e+00
-5.066695998942532420e+00,-4.706385914198957465e+00
-5.064967646080098973e+00,-4.702727532568053981e+00
-5.063134260871456682e+00,-4.699659053743648229e+00
-5.061389104960000829e+00,-4.695232456108154651e+00
-5.059803319905710417e+00,-4.691868704162973636e+00
-5.057688697883833129e+00,-4.683660589842058464e+00
-5.056667254164594283e+00,-4.684728672923454518e+00
-5.054086090736205072e+00,-4.681310092562038783e+00
-5.052112976429234514e+00,-4.677356037528294763e+00
-5.050562285427279363e+00,-4.664808192066051795e+00
-5.048637844035704703e+00,-4.670031456803895864e+00
-5.046697721279638671e+00,-4.666619132246760060e+00
-5.045115925527519529e+00,-4.663006899445454323e+00
-5.043150765971560645e+00,-4.661356539466531501e+00
-5.041006942609674191e+00,-4.656241905125152236e+00
-5.039222460338053544e+00,-4.650979183998735778e+00
-5.037473383344305944e+00,-4.647898542178169556e+00
-5.035642375033684282e+00,-4.646039228699109458e+00
-5.033651301789964450e+00,-4.640823124573393521e+00
-5.031435704030916334e+00,-4.636813999449892698e+00
-5.029670161775493753e+00,-4.632941832835483886e+00
-5.027713934189631750e+00,-4.629016982454198903e+00
-5.025796446237029258e+00,-4.624981334985309722e+00
-5.023054211159402982e+00,-4.620589366670651899e+00
-5.019829693041426566e+00,-4.617838197742499595e+00
-5.019836652248223174e+00,-4.613403247865332624e+00
-5.017554765263877670e+00,-4.609739012173849737e+00
-5.015296657123180069e+00,-4.602089123227798062e+00
-5.013602529036978339e+00,-4.601956788114414110e+00
-5.011608321954906131e+00,-4.598222487780895484e+00
-5.009758384031385958e+00,-4.593894960813679873e+00
-5.007894958969439259e+00,-4.590169485029106156e+00
-5.005358277243996845e+00,-4.585693923530317129e+00
-5.002995535401504767e+00,-4.581566745373141458e+00
-5.000805830481888314e+00,-4.577618787266262146e+00
-4.998374858049684732e+00,-4.573681929655300848e+00
-4.996568951880807852e+00,-4.569652631781350394e+00
-4.994491535621133238e+00,-4.565538406724527043e+00
-4.991153292591309132e+00,-4.561023385770774041e+00
-4.990213668117063683e+00,-4.557182963975002998e+00
-4.988304752123216446e+00,-4.552489279314014148e+00
-4.985679215529064123e+00,-4.549011104513215997e+00
-4.983052591051730928e+00,-4.544395313402584513e+00
-4.981163605661775406e+00,-4.540568682604233963e+00
-4.980363996806032034e+00,-4.537106974437855378e+00
-4.976877332351865135e+00,-4.531703753107491295e+00
-4.974040229801179436e+00,-4.528256998908356756e+00
-4.971901586163778752e+00,-4.523075119760775920e+00
-4.969627621017244756e+00,-4.518871036964517529e+00
-4.966857389073206619e+00,-4.514489520252189969e+00
-4.963924063998209846e+00,-4.510753006134557097e+00
-4.961850258950367909e+00,-4.506281952450417627e+00
-4.960076728444055227e+00,-4.501440692516946562e+00
-4.957515719255609632e+00,-4.498263233073944711e+00
-4.955139633900160767e+00,-4.492736392786211397e+00
-4.952394558548049552e+00,-4.488395242887439629e+00
-4.944070114524355297e+00,-4.484109917899695930e+00
-4.947421355551860245e+00,-4.478964166978232520e+00
-4.945080255849934936e+00,-4.473931408966688394e+00
-4.942812132416293913e+00,-4.469995617441640867e+00
-4.939903435118253583e+00,-4.466003216993418512e+00
-4.937404868447118567e+00,-4.459999584719397170e+00
-4.935273749596563952e+00,-4.455449560954322763e+00
-4.932146562307327287e+00,-4.450539552753194350e+00
-4.991276703256010805e+00,-4.446424661194251726e+00
-4.927025138387245207e+00,-4.440247010598781685e+00
-4.923979613956544377e+00,-4.437836911948455310e+00
-4.921575822650870791e+00,-4.433042332439738331e+00
-4.918567645015198941e+00,-4.427981338253148991e+00
-4.916009547339189822e+00,-4.423346152284333144e+00
-4.913359873439640424e+00,-4.418769967189128955e+00
-4.913523589537959424e+00,-4.412968503276981203e+00
-4.907619781830280026e+00,-4.408759618241140821e+00
-4.903677775499138747e+00,-4.403946084684156048e+00
-4.902112928164235939e+00,-4.408593182187685144e+00
-4.899116574658459733e+00,-4.393583849535862562e+00
-4.896250323601146093e+00,-4.388708444951816112e+00
-4.893269367520975521e+00,-4.384350234609151187e+00
-4.890596839109544014e+00,-4.378493690323415954e+00
-4.893559065299318611e+00,-4.373818936138831326e+00
-4.884651555069895679e+00,-4.368927530139022686e+00
-4.881506949228967329e+00,-4.363402676972755856e+00
-4.878478359926424091e+00,-4.359764945837972583e+00
-4.872898247453551157e+00,-4.353729001372249385e+00
-4.872759373079470713e+00,-4.348096693821672964e+00
-4.869549532281034487e+00,-4.342992623622276227e+00
-4.866491611219793789e+00,-4.337488778355234942e+00
-4.863379247823122142e+00,-4.333657506480122379e+00
-4.860164468043667085e+00,-4.327012188354387057e+00
-4.856238825415217342e+00,-4.321716550582045180e+00
-4.858857814677720377e+00,-4.318936082717246272e+00
-4.851108864332966064e+00,-4.309983856722041651e+00
-4.848724293641228478e+00,-4.307178775994950470e+00
-4.844291827008340157e+00,-4.300482646724130831e+00
-4.841028060388577359e+00,-4.295127610163581799e+00
-4.837968258112436359e+00,-4.289862152580075083e+00
-4.834079705426459483e+00,-4.283224618228781644e+00
-4.830723380518552545e+00,-4.278984189542365257e+00
-4.827437381679260398e+00,-4.272804334375548407e+00
-4.824491352830553303e+00,-4.268427995404334041e+00
-4.821045005656669602e+00,-4.257339163200416721e+00
-4.817689472471675671e+00,-4.256623194636740770e+00
-4.814178978379325180e+00,-4.250853045362659621e+00
-4.810207684599200562e+00,-4.245695834335902141e+00
-4.806268330043511838e+00,-4.238655162141519384e+00
-4.803396732972952776e+00,-4.232911241843654082e+00
-4.800001179041475829e+00,-4.240534824284168280e+00
-4.796261692131859711e+00,-4.221634579359235140e+00
-4.792710161352624176e+00,-4.217141228751014381e+00
-4.784834467723014129e+00,-4.211973692988844498e+00
-4.785674877536033378e+00,-4.204349780648577450e+00
-4.781556919293894481e+00,-4.191216900996057149e+00
-4.777646551280160025e+00,-4.189921167844427252e+00
-4.773990887937404004e+00,-4.189085307905044964e+00
-4.770156968236129558e+00,-4.180546727726610179e+00
-4.766524473315615573e+00,-4.174725169963230620e+00
-4.763073158405389584e+00,-4.168508520966300424e+00
-4.759026390450441291e+00,-4.161712221225934982e+00
-4.754693407692592189e+00,-4.155389450820311303e+00
-4.750878846682752510e+00,-4.149119061338432779e+00
-4.747091140592011094e+00,-4.144679159450595840e+00
-4.743213604494853186e+00,-4.136603693283819716e+00
-4.739611845483547192e+00,-4.130972663917453325e+00
-4.735585289208124493e+00,-4.125419801187493185e+00
-4.731047520590278666e+00,-4.118758628458939697e+00
-4.726547085115876179e+00,-4.111092710441078601e+00
-4.722571775756832402e+00,-4.105045798676095536e+00
-4.718892047468723483e+00,-4.099758447610637901e+00
-4.714830786669796936e+00,-4.092193787701198460e+00
-4.710719883158657417e+00,-4.090126624851426307e+00
-4.706806577003194825e+00,-4.080497744307181485e+00
-4.702792201314834664e+00,-4.077831900753068339e+00
-4.697422753001244011e+00,-4.066650588333596161e+00
-4.693860095541054100e+00,-4.059647548941383910e+00
-4.689366528933427425e+00,-4.053671908377036281e+00
-4.684812463973928587e+00,-4.047469529237857522e+00
-4.681067379891524993e+00,-4.039462390648387746e+00
-4.676350483208101316e+00,-4.032110376045792144e+00
-4.673070050304360734e+00,-4.026570589853557536e+00
-4.662213444992981515e+00,-4.018018732944582894e+00
-4.662684307121213401e+00,-4.013848848161137184e+00
-4.658252139940434411e+00,-4.006205286745557537e+00
-4.655091658506775865e+00,-3.998087215645216741e+00
-4.649961841938199392e+00,-3.991104377521508706e+00
-4.644507745372339791e+00,-3.983168497315504375e+00
-4.640040657463635476e+00,-3.976719364648008792e+00
-4.632381836724178470e+00,-3.970544453889049752e+00
-4.630603054355453274e+00,-3.961654473889978600e+00
-4.625602725662087522e+00,-3.959642407031267464e+00
-4.622039876175372264e+00,-3.947895353381331240e+00
-4.617061608351622048e+00,-3.942000757382951637e+00
-4.611656672495811904e+00,-3.934823877120217972e+00
-4.606924580883510423e+00,-3.928216748984557860e+00
-4.598251026031629607e+00,-3.919453690492463505e+00
-4.594402750039228600e+00,-3.912909143241178000e+00
-4.591622766051326465e+00,-3.905556792687302714e+00
-4.586697817754632034e+00,-3.897766482169126689e+00
-4.581761551246349207e+00,-3.888444697590120569e+00
-4.574510261953815160e+00,-3.882789765295906914e+00
-4.572452773052055441e+00,-3.874821051630637392e+00
-4.566399935296771240e+00,-3.889685450509446252e+00
-4.561434972589407444e+00,-3.862028035710497686e+00
-4.556340661394087554e+00,-3.851405850378496698e+00
-4.550801293394596492e+00,-3.842467055039764379e+00
-4.545686312064250778e+00,-3.837871974017887489e+00
-4.542672787319085081e+00,-3.828721240676171256e+00
-4.535468954224372240e+00,-3.821307253307459018e+00
-4.528683601721168905e+00,-3.812843230012500140e+00
-4.522321155133848691e+00,-3.800517827937737625e+00
-4.519382025341912801e+00,-3.799480552976179482e+00
-4.513236934234998721e+00,-3.789802544859933509e+00
-4.508207821369669688e+00,-3.780963175057512338e+00
-4.501720546755385577e+00,-3.771073669092078529e+00
-4.496124687024540378e+00,-3.745045216013990430e+00
-4.491353892920661117e+00,-3.755913079177185310e+00
-4.484952937348514190e+00,-3.748835807183813706e+00
-4.481261414209666505e+00,-3.740655782175884791e+00
-4.474011611562721313e+00,-3.733450839856591763e+00
-4.467870938381573787e+00,-3.721295919359117743e+00
-4.462769376272857969e+00,-3.718007590648388039e+00
-4.457527971754164930e+00,-3.708275338904226892e+00
-4.435288370842439321e+00,-3.699591990205460590e+00
-4.447434914448108678e+00,-3.692411322023674281e+00
-4.439655868643805015e+00,-3.683338004847263036e+00
-4.433607661630456498e+00,-3.675911234560677698e+00
-4.427757298248721440e+00,-3.666175781644568143e+00
-4.422244187193753895e+00,-3.656187053403412435e+00
-4.419501493556109217e+00,-3.650819674302537621e+00
-4.409847774412302357e+00,-3.641557522401835723e+00
-4.403647925750008518e+00,-3.628699333670056149e+00
-4.397188808486332867e+00,-3.621872972805372015e+00
-4.391685308126676901e+00,-3.614325414111421608e+00
-4.375258095104846312e+00,-3.605256979017608998e+00
-4.378726257677370448e+00,-3.623654682084068934e+00
-4.370130149596422875e+00,-3.589182765199231628e+00
-4.367108286337592737e+00,-3.577827596479230099e+00
-4.360444269748156465e+00,-3.568530056736612277e+00
-4.354383284227923312e+00,-3.561150876378263330e+00
-4.346746511501392796e+00,-3.562167534734620666e+00
-4.344536414214485553e+00,-3.543099509064102204e+00
-4.332630021585921476e+00,-3.531802736057901626e+00
-4.327580043413994382e+00,-3.524373876836103481e+00
-4.320860596265681863e+00,-3.515391633694110229e+00
-4.314209506784806969e+00,-3.505300638763592769e+00
-4.308321421396228423e+00,-3.494659290583630007e+00
-4.301003999342463580e+00,-3.489073697137939689e+00
-4.296169154873357598e+00,-3.478493340743221474e+00
-4.288471649127088448e+00,-3.468957241185902873e+00
-4.281207370442828619e+00,-3.460850011519268410e+00
-4.272859357815551817e+00,-3.448445247960017390e+00
-4.267551462159497433e+00,-2.560196958296288905e+00
-4.260376945795838033e+00,-3.429721181306134792e+00
-4.253726174766541135e+00,-3.421111757343178184e+00
-4.246582267485744744e+00,-3.416790997020910492e+00
-4.238873500453387066e+00,-3.405612790771886722e+00
-4.234339545945611682e+00,-3.391250069755929797e+00
-4.224735871752027805e+00,-3.377860139678461771e+00
-4.216515494716158052e+00,-3.372253106398769518e+00
-4.214213170312341106e+00,-3.360476785965711866e+00
-4.203206366471037292e+00,-3.352906027732058369e+00
-4.190137476527229232e+00,-3.341572137874630588e+00
-4.189076535669232548e+00,-3.331490086900901204e+00
-4.181131907481826282e+00,-3.322267104593389586e+00
-4.174239113834483206e+00,-3.312010210413061095e+00
-4.167956889754495187e+00,-3.293216936378657866e+00
-4.159521788827423627e+00,-3.288637724563779674e+00
-4.152407619393443383e+00,-3.281105599174963583e+00
-4.144893019641830101e+00,-3.271983020133066855e+00
-4.136903846700832332e+00,-3.260143538142242114e+00
-4.128765391443419475e+00,-3.253379802810011601e+00
-4.121209360283403456e+00,-3.238840672407035992e+00
-4.113974644652179435e+00,-3.228570518129615152e+00
-4.105281637455395760e+00,-3.220588221974152177e+00
-4.097774731953868432e+00,-3.207691470838071268e+00
-4.090579247028937715e+00,-3.200405572675190768e+00
-4.083781781218003282e+00,-3.185321206102762481e+00
-4.075178253257676353e+00,-3.178649560434513521e+00
-4.067934860191425805e+00,-3.168722660798132473e+00
-4.059051431757075612e+00,-3.155026811966224809e+00
-4.051267575906776663e+00,-3.145191876877443171e+00
-4.042868067916192132e+00,-3.134649958116409341e+00
-4.034640335581118009e+00,-3.121412946892784479e+00
-4.026795320077447116e+00,-3.111643940471493508e+00
-4.018115728818941079e+00,-3.100823295096976295e+00
-4.004471190960915195e+00,-3.090508044775208685e+00
-4.003140163060941781e+00,-3.080304614432593624e+00
-3.992752984428085572e+00,-3.068338333454393663e+00
-3.984547230612315971e+00,-3.055787230573444369e+00
-3.975943385933847551e+00,-3.042354850934609889e+00
-3.967827969423815659e+00,-3.033573595827707692e+00
-3.959574257297301614e+00,-3.024199226098216009e+00
-3.950897434077078607e+00,-2.999727122377027655e+00
-3.943416567281536445e+00,-3.000499585817470560e+00
-3.933432324039628725e+00,-2.989321628115247265e+00
-3.923495892571729371e+00,-2.963643016838464206e+00
-3.916907214329281128e+00,-2.970106670925485748e+00
-3.907701807193657118e+00,-2.953211396366143049e+00
-3.898917086256503239e+00,-2.939791393959436228e+00
-3.889847128279035005e+00,-2.929901917752826712e+00
-3.880181429937553883e+00,-2.925658210993113073e+00
-3.871219203493797334e+00,-2.909143044330852579e+00
-3.858993079966701156e+00,-2.894754429272580865e+00
-3.856442085508731576e+00,-2.893478110934049052e+00
-3.850604037215959785e+00,-2.870164505553635781e+00
-3.834088387908006990e+00,-2.859225862217463110e+00
-3.826424178828199629e+00,-2.846738043617663472e+00
-3.815040646090414711e+00,-2.835242995839696079e+00
-3.807537201130247961e+00,-2.823132593726901174e+00
-3.811393333522653748e+00,-2.814636093354652147e+00
-4.494532870219240195e+00,-2.799002632155762615e+00
-3.775157496584682359e+00,-2.787778366958786336e+00
-3.770817027469213656e+00,-2.775075042499246081e+00
-3.760234367944649936e+00,-2.765075222242375563e+00
-3.750760251902156117e+00,-2.748581189707885564e+00
-3.741856566231229753e+00,-2.735882297453596124e+00
-3.736444811799846555e+00,-2.725667879375787361e+00
-3.720393713574503103e+00,-2.711527901263000473e+00
-3.711461302402558005e+00,-2.700068522901288404e+00
-3.702506817521608706e+00,-2.685595020250477027e+00
-3.692300827229199722e+00,-2.672208170431840557e+00
-3.682177429495659293e+00,-2.661081507375715915e+00
-3.672875815058251003e+00,-2.649545335024918291e+00
-3.662579879576153274e+00,-2.636092446357469310e+00
-3.653574845725030773e+00,-2.624017868396453679e+00
-3.640560812615326380e+00,-2.611447080822605571e+00
-3.632291284008827503e+00,-2.596799273259586371e+00
-3.621829631828026308e+00,-2.583946961896866679e+00
-3.636769991724603024e+00,-2.569839924339582637e+00
-3.600894298473604760e+00,-2.565830884441631543e+00
-3.594241296800328556e+00,-2.546094032225156401e+00
-3.580332205855115468e+00,-2.531031297024874060e+00
-3.572332959877441372e+00,-2.519983469806512666e+00
-3.556426314766353514e+00,-2.504664212215802266e+00
-3.548447362803258454e+00,-2.489672761129667400e+00
-3.537819793216185005e+00,-2.482304196566256227e+00
-3.506778535739071945e+00,-2.463829749552499671e+00
-3.513536220944249333e+00,-2.451737274355549445e+00
-3.504843613075913744e+00,-2.435877171384968065e+00
-3.495511420517532386e+00,-2.424226528523528046e+00
-3.480845377199139890e+00,-2.410827883962564755e+00
-3.469627238493345978e+00,-2.396654698577143972e+00
-3.462272249769197785e+00,-2.388451924664874770e+00
-3.452066145745029679e+00,-2.366729839627248921e+00
-3.440546246691267740e+00,-2.360355658261936274e+00
-3.428187792403718515e+00,-2.341281556508536976e+00
-3.417089135062795435e+00,-2.322874947669606005e+00
-3.406138310032815752e+00,-2.311491656516740267e+00
-3.395247126066402998e+00,-2.294826840121681144e+00
-3.384181702070405695e+00,-2.279817049984197652e+00
-3.370686764086031850e+00,-2.270410884839081156e+00
-3.364734903803554555e+00,-2.254305137897089306e+00
-3.349145233159111612e+00,-2.241816431967427636e+00
-3.336460214903481880e+00,-2.231059660105232378e+00
-3.329019317497120323e+00,-2.210286368018929526e+00
-3.313238044893034306e+00,-2.189652748353552170e+00
-3.303320702992563085e+00,-2.182258609446218411e+00
-3.290727081482097915e+00,-2.166574715354954161e+00
-3.278887803554745517e+00,-2.146791930648522584e+00
-3.267821279451778693e+00,-2.142117895649224835e+00
-3.251624844623743460e+00,-2.125968728025210641e+00
-3.242286887317110455e+00,-2.078542975029626039e+00
-3.231065448653426486e+00,-2.092441073490881376e+00
-3.219576762465088393e+00,-2.077788009600833874e+00
-3.205070866713107591e+00,-1.900927890575117463e+00
-3.196471761868013406e+00,-2.046281169556567914e+00
-3.179292154058014575e+00,-2.033794219947865578e+00
-3.183542172461282682e+00,-2.022591805678305210e+00
-3.156524967639350088e+00,-2.008868140691999926e+00
-3.146025606838858124e+00,-1.987290378065278862e+00
-3.120244301033811229e+00,-1.967139869861544099e+00
