-6.968978320142466210e+00,-6.968978320142466210e+00
-6.993788606810320552e+00,-6.993788606810320552e+00
-7.012584814646354303e+00,-7.012584814646354303e+00
-7.031234669732031151e+00,-7.031234669732031151e+00
-7.049736927719979285e+00,-7.049736927719979285e+00
-7.068090269114255086e+00,-7.068090269114255086e+00
-7.086294592656527058e+00,-7.086294592656527058e+00
-7.104347418172521245e+00,-7.104347418172521245e+00
-7.122249033620604131e+00,-7.122249033620604131e+00
-7.139997332257530083e+00,-7.139997332257530083e+00
-7.157592688879623744e+00,-7.157592688879623744e+00
-7.175033847490134065e+00,-7.175033847490134065e+00
-7.192319697448224858e+00,-7.192319697448224858e+00
-7.209450074340320036e+00,-7.209450074340320036e+00
-7.226423998812852467e+00,-7.226423998812852467e+00
-7.243241337275726721e+00,-7.243241337275726721e+00
-7.259901436973793309e+00,-7.259901436973793309e+00
-7.276403640613683166e+00,-7.276403640613683166e+00
-7.292747675789056139e+00,-7.292747675789056139e+00
-7.308933305764327315e+00,-7.308933305764327315e+00
-7.324959794028176319e+00,-7.324959794028176319e+00
-7.340826990701780908e+00,-7.340826990701780908e+00
-7.356535057203237749e+00,-7.356535057203237749e+00
-7.372083218334569921e+00,-7.372083218334569921e+00
-7.387471260204583778e+00,-7.387471260204583778e+00
-7.402699478130498001e+00,-7.402699478130498001e+00
-7.417767773362570871e+00,-7.417767773362570871e+00
-7.432675770495013268e+00,-7.432675770495013268e+00
-7.447423144095544068e+00,-7.447423144095544068e+00
-7.462010029164593661e+00,-7.462010029164593661e+00
-7.476437076227299805e+00,-7.476437076227299805e+00
-7.490703417783969087e+00,-7.490703417783969087e+00
-7.504809372760517405e+00,-7.504809372760517405e+00
-7.518755288392403813e+00,-7.518755288392403813e+00
-7.532540971509786409e+00,-7.532540971509786409e+00
-7.546166317459757522e+00,-7.546166317459757522e+00
-7.559632311281465178e+00,-7.559632311281465178e+00
-7.572938816090203140e+00,-7.572938816090203140e+00
-7.586085357809817076e+00,-7.586085357809817076e+00
-7.599072814429400857e+00,-7.599072814429400857e+00
-7.611900838094025623e+00,-7.611900838094025623e+00
-7.624570161442350447e+00,-7.624570161442350447e+00
-7.637081261405544552e+00,-7.637081261405544552e+00
-7.649434001975744302e+00,-7.649434001975744302e+00
-7.661628652545272367e+00,-7.661628652545272367e+00
-7.673665942764102077e+00,-7.673665942764102077e+00
-7.685545812351415762e+00,-7.685545812351415762e+00
-7.697269253065073258e+00,-7.697269253065073258e+00
-7.708835752111524720e+00,-7.708835752111524720e+00
-7.720246427249912280e+00,-7.720246427249912280e+00
-7.731500911646109309e+00,-7.731500911646109309e+00
-7.742600775581045092e+00,-7.742600775581045092e+00
-7.753545170080885285e+00,-7.753545170080885285e+00
-7.764335728336192233e+00,-7.764335728336192233e+00
-7.774972202225276519e+00,-7.774972202225276519e+00
-7.785455238727674754e+00,-7.785455238727674754e+00
-7.795784489903706316e+00,-7.795784489903706316e+00
-7.805961782707930396e+00,-7.805961782707930396e+00
-7.815986781047979726e+00,-7.815986781047979726e+00
-7.825860183519131041e+00,-7.825860183519131041e+00
-7.835582611754817073e+00,-7.835582611754817073e+00
-7.845153635072461107e+00,-7.845153635072461107e+00
-7.854574996277175813e+00,-7.854574996277175813e+00
-7.863846298226365050e+00,-7.863846298226365050e+00
-7.872968607626367188e+00,-7.872968607626367188e+00
-7.881942305826261652e+00,-7.881942305826261652e+00
-7.890767359466394737e+00,-7.890767359466394737e+00
-7.899445029952153696e+00,-7.899445029952153696e+00
-7.907975420883865070e+00,-7.907975420883865070e+00
-7.916359391462506778e+00,-7.916359391462506778e+00
-7.924596863898787369e+00,-7.924596863898787369e+00
-7.932689240955870247e+00,-7.932689240955870247e+00
-7.940636521473716236e+00,-7.940636521473716236e+00
-7.948439082442696701e+00,-7.948439082442696701e+00
-7.956097763592858030e+00,-7.956097763592858030e+00
-7.963613308753062725e+00,-7.963613308753062725e+00
-7.970986056924365570e+00,-7.970986056924365570e+00
-7.978216351800021755e+00,-7.978216351800021755e+00
-7.985305091254278231e+00,-7.985305091254278231e+00
-7.992253344010427085e+00,-7.992253344010427085e+00
-7.999060458954922126e+00,-7.999060458954922126e+00
-8.005728035499531714e+00,-8.005728035499531714e+00
-8.012256411497883590e+00,-8.012256411497883590e+00
-8.018645776396049030e+00,-8.018645776396049030e+00
-8.024896823267388513e+00,-8.024896823267388513e+00
-8.031011058978158701e+00,-8.031011058978158701e+00
-8.036988107496860323e+00,-8.036988107496860323e+00
-8.042828782560018652e+00,-8.042828782560018652e+00
-8.048534288965601746e+00,-8.048534288965601746e+00
-8.054103890948701050e+00,-8.054103890948701050e+00
-8.059540180251785202e+00,-8.059540180251785202e+00
-8.064842291263612850e+00,-8.064842291263612850e+00
-8.070010611882036500e+00,-8.070010611882036500e+00
-8.075046837264700628e+00,-8.075046837264700628e+00
-8.079951393263149484e+00,-8.079951393263149484e+00
-8.084724078986766926e+00,-8.084724078986766926e+00
-8.089366642635781091e+00,-8.089366642635781091e+00
-8.093878736949442043e+00,-8.093878736949442043e+00
-8.098261762884247261e+00,-8.098261762884247261e+00
-8.102516171300369052e+00,-8.102516171300369052e+00
-8.106641907752013765e+00,-8.106641907752013765e+00
-8.110640212852770148e+00,-8.110640212852770148e+00
-8.114512195654322468e+00,-8.114512195654322468e+00
-8.118257585538785293e+00,-8.118257585538785293e+00
-8.121877455039472338e+00,-8.121877455039472338e+00
-8.125372583799945758e+00,-8.125372583799945758e+00
-8.128743334300388312e+00,-8.128743334300388312e+00
-8.131990374702672497e+00,-8.131990374702672497e+00
-8.135114198988775414e+00,-8.135114198988775414e+00
-8.138115896832630369e+00,-8.138115896832630369e+00
-8.140995776017884822e+00,-8.140995776017884822e+00
-8.143754033434522199e+00,-8.143754033434522199e+00
-8.146392500925395908e+00,-8.146392500925395908e+00
-8.148911918282824018e+00,-8.148911918282824018e+00
-8.151311115860817580e+00,-8.151311115860817580e+00
-8.153591824227941487e+00,-8.153591824227941487e+00
-8.155754990905727198e+00,-8.155754990905727198e+00
-8.157800707359619707e+00,-8.157800707359619707e+00
-8.159729896995328247e+00,-8.159729896995328247e+00
-8.161542628194069948e+00,-8.161542628194069948e+00
-8.163240438161993850e+00,-8.163240438161993850e+00
-8.164823416729694472e+00,-8.164823416729694472e+00
-8.166292558234470533e+00,-8.166292558234470533e+00
-8.167648397701539054e+00,-8.167648397701539054e+00
-8.168891119882813356e+00,-8.168891119882813356e+00
-8.170021496990576892e+00,-8.170021496990576892e+00
-8.171040185540597633e+00,-8.171040185540597633e+00
-8.171948485986952448e+00,-8.171948485986952448e+00
-8.172746633852517206e+00,-8.172746633852517206e+00
-8.173434404168032685e+00,-8.173434404168032685e+00
-8.174013280366507317e+00,-8.174013280366507317e+00
-8.174483894986192212e+00,-8.174483894986192212e+00
-8.174846600685635067e+00,-8.174846600685635067e+00
-8.175102143232187757e+00,-8.175102143232187757e+00
-8.175250616151945593e+00,-8.175250616151945593e+00
-8.175293387071448592e+00,-8.175293387071448592e+00
-8.175230873374561114e+00,-8.175230873374561114e+00
-8.175063928873413488e+00,-8.175063928873413488e+00
-8.174791708565180670e+00,-8.174791708565180670e+00
-8.174417314172846005e+00,-8.174417314172846005e+00
-8.173938793990446428e+00,-8.173938793990446428e+00
-8.173358466262710564e+00,-8.173358466262710564e+00
-8.172675956699228195e+00,-8.172675956699228195e+00
-8.171892172875741878e+00,-8.171892172875741878e+00
-8.171008236486130727e+00,-8.171008236486130727e+00
-8.170024338404868303e+00,-8.170024338404868303e+00
-8.168940141135493604e+00,-8.168940141135493604e+00
-8.167757981144758261e+00,-8.167757981144758261e+00
-8.166477096342934061e+00,-8.166477096342934061e+00
-8.165098328608063838e+00,-8.165098328608063838e+00
-8.163623173466850957e+00,-8.163623173466850957e+00
-8.162050786411734649e+00,-8.162050786411734649e+00
-8.160382229217697514e+00,-8.160382229217697514e+00
-8.158618424292944482e+00,-8.158618424292944482e+00
-8.156760171977291307e+00,-8.156760171977291307e+00
-8.154806648546079728e+00,-8.154806648546079728e+00
-8.152760304044578632e+00,-8.152760304044578632e+00
-8.150619876354790350e+00,-8.150619876354790350e+00
-8.148387048652054432e+00,-8.148387048652054432e+00
-8.146061886510599592e+00,-8.146061886510599592e+00
-8.143645506040867232e+00,-8.143645506040867232e+00
-8.141137636503417596e+00,-8.141137636503417596e+00
-8.138539401453600775e+00,-8.138539401453600775e+00
-8.135851080089352649e+00,-8.135851080089352649e+00
-8.133073122462006310e+00,-8.133073122462006310e+00
-8.130206335272260887e+00,-8.130206335272260887e+00
-8.127250916416356219e+00,-8.127250916416356219e+00
-8.124207992253607458e+00,-8.124207992253607458e+00
-8.121076934367161826e+00,-8.121076934367161826e+00
-8.117859440578165220e+00,-8.117859440578165220e+00
-8.114555069609622251e+00,-8.114555069609622251e+00
-8.111164791473900237e+00,-8.111164791473900237e+00
-8.107689869741950162e+00,-8.107689869741950162e+00
-8.104129321374955452e+00,-8.104129321374955452e+00
-8.100484228076492599e+00,-8.100484228076492599e+00
-8.096755296613519448e+00,-8.096755296613519448e+00
-8.092942616623398422e+00,-8.092942616623398422e+00
-8.089047223397125563e+00,-8.089047223397125563e+00
-8.085069060656485007e+00,-8.085069060656485007e+00
-8.081009562372033272e+00,-8.081009562372033272e+00
-8.076867580513095390e+00,-8.076867580513095390e+00
-8.072644843904752676e+00,-8.072644843904752676e+00
-8.068341295226773013e+00,-8.068341295226773013e+00
-8.063957454382714829e+00,-8.063957454382714829e+00
-8.059494089592114108e+00,-8.059494089592114108e+00
-8.054950786169424504e+00,-8.054950786169424504e+00
-8.050329583373139641e+00,-8.050329583373139641e+00
-8.045629233856418594e+00,-8.045629233856418594e+00
-8.040851278310105599e+00,-8.040851278310105599e+00
-8.035995965079242964e+00,-8.035995965079242964e+00
-8.031062832466474788e+00,-8.031062832466474788e+00
-8.026053415998484653e+00,-8.026053415998484653e+00
-8.020967455892021647e+00,-8.020967455892021647e+00
-8.015806104456911996e+00,-8.015806104456911996e+00
-8.010568943239572803e+00,-8.010568943239572803e+00
-8.005257603902299124e+00,-8.005257603902299124e+00
-7.999870781420526100e+00,-7.999870781420526100e+00
-7.994410097804608206e+00,-7.994410097804608206e+00
-7.988875486475395249e+00,-7.988875486475395249e+00
-7.983268230001113963e+00,-7.983268230001113963e+00
-7.977587271835500538e+00,-7.977587271835500538e+00
-7.971833768432204259e+00,-7.971833768432204259e+00
-7.966008283818648117e+00,-7.966008283818648117e+00
-7.960111480788505389e+00,-7.960111480788505389e+00
-7.954142911805040406e+00,-7.954142911805040406e+00
-7.948103437300834351e+00,-7.948103437300834351e+00
-7.941993216822642587e+00,-7.941993216822642587e+00
-7.935812954860354651e+00,-7.935812954860354651e+00
-7.929562752774275580e+00,-7.929562752774275580e+00
-7.923243342773412579e+00,-7.923243342773412579e+00
-7.916854476277984887e+00,-7.916854476277984887e+00
-7.910397664593287637e+00,-7.910397664593287637e+00
-7.903871707032629423e+00,-7.903871707032629423e+00
-7.897278451221700912e+00,-7.897278451221700912e+00
-7.890617572738126917e+00,-7.890617572738126917e+00
-7.883889285073186315e+00,-7.883889285073186315e+00
-7.877094119171751174e+00,-7.877094119171751174e+00
-7.870233066481516992e+00,-7.870233066481516992e+00
-7.863305692303383054e+00,-7.863305692303383054e+00
-7.856311644467112387e+00,-7.856311644467112387e+00
-7.849253950895596077e+00,-7.849253950895596077e+00
-7.842129811203460754e+00,-7.842129811203460754e+00
-7.834941872788946604e+00,-7.834941872788946604e+00
-7.827689176495118417e+00,-7.827689176495118417e+00
-7.820372606653799075e+00,-7.820372606653799075e+00
-7.812992796587016286e+00,-7.812992796587016286e+00
-7.805549576276196611e+00,-7.805549576276196611e+00
-7.798043825350035263e+00,-7.798043825350035263e+00
-7.790475098421581812e+00,-7.790475098421581812e+00
-7.782844773186543996e+00,-7.782844773186543996e+00
-7.775152324725984165e+00,-7.775152324725984165e+00
-7.767398832999569791e+00,-7.767398832999569791e+00
-7.759583689816984098e+00,-7.759583689816984098e+00
-7.751708010416948902e+00,-7.751708010416948902e+00
-7.743772327166674074e+00,-7.743772327166674074e+00
-7.735776813770460336e+00,-7.735776813770460336e+00
-7.727721197420130750e+00,-7.727721197420130750e+00
-7.719606262346672132e+00,-7.719606262346672132e+00
-7.711432591716677720e+00,-7.711432591716677720e+00
-7.703200711706452708e+00,-7.703200711706452708e+00
-7.694910083941442380e+00,-7.694910083941442380e+00
-7.686561756914925603e+00,-7.686561756914925603e+00
-7.678156177135671889e+00,-7.678156177135671889e+00
-7.669693437635259237e+00,-7.669693437635259237e+00
-7.661174080335083403e+00,-7.661174080335083403e+00
-7.652597945499458376e+00,-7.652597945499458376e+00
-7.643965986359463116e+00,-7.643965986359463116e+00
-7.635278576925974114e+00,-7.635278576925974114e+00
-7.626535615282040936e+00,-7.626535615282040936e+00
-7.617738173471490626e+00,-7.617738173471490626e+00
-7.608885983533515862e+00,-7.608885983533515862e+00
-7.599979518821118774e+00,-7.599979518821118774e+00
-7.591019440069413093e+00,-7.591019440069413093e+00
-7.582006292473049136e+00,-7.582006292473049136e+00
-7.572939834014286831e+00,-7.572939834014286831e+00
-7.563820969609732714e+00,-7.563820969609732714e+00
-7.554650068387032569e+00,-7.554650068387032569e+00
-7.545427074796046796e+00,-7.545427074796046796e+00
-7.536153078065439992e+00,-7.536153078065439992e+00
-7.526827667666411870e+00,-7.526827667666411870e+00
-7.517452027415371774e+00,-7.517452027415371774e+00
-7.508025955973191223e+00,-7.508025955973191223e+00
-7.498550507281527722e+00,-7.498550507281527722e+00
-7.489025710426740368e+00,-7.489025710426740368e+00
-7.479451703437134391e+00,-7.479451703437134391e+00
-7.469829622009910075e+00,-7.469829622009910075e+00
-7.460158978623263160e+00,-7.460158978623263160e+00
-7.450440988627414995e+00,-7.450440988627414995e+00
-7.440675585707375639e+00,-7.440675585707375639e+00
-7.430863975586663450e+00,-7.430863975586663450e+00
-7.421006285273893610e+00,-7.421006285273893610e+00
-7.411102212784860477e+00,-7.411102212784860477e+00
-7.401152651907900726e+00,-7.401152651907900726e+00
-7.391158740828199569e+00,-7.391158740828199569e+00
-7.381119817552066031e+00,-7.381119817552066031e+00
-7.371037497679355788e+00,-7.371037497679355788e+00
-7.360911442973052665e+00,-7.360911442973052665e+00
-7.350742729586126956e+00,-7.350742729586126956e+00
-7.340531056364713258e+00,-7.340531056364713258e+00
-7.330277769954113509e+00,-7.330277769954113509e+00
-7.319982934333119751e+00,-7.319982934333119751e+00
-7.309647007127074936e+00,-7.309647007127074936e+00
-7.299270944370329417e+00,-7.299270944370329417e+00
-7.288854683486334807e+00,-7.288854683486334807e+00
-7.278399204642584941e+00,-7.278399204642584941e+00
-7.267904701445001336e+00,-7.267904701445001336e+00
-7.257372504094878884e+00,-7.257372504094878884e+00
-7.246801310899138926e+00,-7.246801310899138926e+00
-7.236193508003561092e+00,-7.236193508003561092e+00
-7.225549430077481183e+00,-7.225549430077481183e+00
-7.214868622421491295e+00,-7.214868622421491295e+00
-7.204152688747066158e+00,-7.204152688747066158e+00
-7.193401598460056334e+00,-7.193401598460056334e+00
-7.182616474377012672e+00,-7.182616474377012672e+00
-7.171797009214913921e+00,-7.171797009214913921e+00
-7.160945049616278091e+00,-7.160945049616278091e+00
-7.150060281727484757e+00,-7.150060281727484757e+00
-7.139143312011422715e+00,-7.139143312011422715e+00
-7.128195494247010267e+00,-7.128195494247010267e+00
-7.117216492448694254e+00,-7.117216492448694254e+00
-7.106207963842487985e+00,-7.106207963842487985e+00
-7.095169895069886046e+00,-7.095169895069886046e+00
-7.084103122595383439e+00,-7.084103122595383439e+00
-7.073008052692047798e+00,-7.073008052692047798e+00
-7.061885842498525356e+00,-7.061885842498525356e+00
-7.050736533524398553e+00,-7.050736533524398553e+00
-7.039561272809824466e+00,-7.039561272809824466e+00
-7.028360722268200078e+00,-7.028360722268200078e+00
-7.017135645611404016e+00,-7.017135645611404016e+00
-7.005886473908007339e+00,-7.005886473908007339e+00
-6.994613997844468578e+00,-6.994613997844468578e+00
-6.983318754518946569e+00,-6.983318754518946569e+00
-6.972002080605204100e+00,-6.972002080605204100e+00
-6.960663966196506180e+00,-6.960663966196506180e+00
-6.949305767559052605e+00,-6.949305767559052605e+00
-6.937927888471119076e+00,-6.937927888471119076e+00
-6.926531241167395159e+00,-6.926531241167395159e+00
-6.915116749862576739e+00,-6.915116749862576739e+00
-6.903684522177108818e+00,-6.903684522177108818e+00
-6.892235676127915767e+00,-6.892235676127915767e+00
-6.880771508989984575e+00,-6.880771508989984575e+00
-6.869292128456539359e+00,-6.869292128456539359e+00
-6.857798903367195997e+00,-6.857798903367195997e+00
-6.846291996167068739e+00,-6.846291996167068739e+00
-6.834772545023956702e+00,-6.834772545023956702e+00
-6.823241767362883792e+00,-6.823241767362883792e+00
-6.811699703904713132e+00,-6.811699703904713132e+00
-6.800147887779488975e+00,-6.800147887779488975e+00
-6.788586737507882773e+00,-6.788586737507882773e+00
-6.777017240766580741e+00,-6.777017240766580741e+00
-6.765440094682490191e+00,-6.765440094682490191e+00
-6.753856575379035831e+00,-6.753856575379035831e+00
-6.742267103306383902e+00,-6.742267103306383902e+00
-6.730672873151293700e+00,-6.730672873151293700e+00
-6.719074639829640816e+00,-6.719074639829640816e+00
-6.707473339645404486e+00,-6.707473339645404486e+00
-6.695869804941445125e+00,-6.695869804941445125e+00
-6.684264961964746732e+00,-6.684264961964746732e+00
-6.672659780183344935e+00,-6.672659780183344935e+00
-6.661054915136450205e+00,-6.661054915136450205e+00
-6.649451522882143806e+00,-6.649451522882143806e+00
-6.637850730325849824e+00,-6.637850730325849824e+00
-6.626253030627861307e+00,-6.626253030627861307e+00
-6.614659595318766350e+00,-6.614659595318766350e+00
-6.603071257610450218e+00,-6.603071257610450218e+00
-6.591489256814641706e+00,-6.591489256814641706e+00
-6.579913987470758840e+00,-6.579913987470758840e+00
-6.568347346235597684e+00,-6.568347346235597684e+00
-6.556789260795794938e+00,-6.556789260795794938e+00
-6.545241137920010388e+00,-6.545241137920010388e+00
-6.533703843852624260e+00,-6.533703843852624260e+00
-6.522178841180057418e+00,-6.522178841180057418e+00
-6.510666833289402433e+00,-6.510666833289402433e+00
-6.499168419575031663e+00,-6.499168419575031663e+00
-6.487685062904111177e+00,-6.487685062904111177e+00
-6.476217836052518884e+00,-6.476217836052518884e+00
-6.464767206580376069e+00,-6.464767206580376069e+00
-6.453334741668426133e+00,-6.453334741668426133e+00
-6.441920859081917250e+00,-6.441920859081917250e+00
-6.430527127548681499e+00,-6.430527127548681499e+00
-6.419154357155736790e+00,-6.419154357155736790e+00
-6.407803685186371112e+00,-6.407803685186371112e+00
-6.396475763214028554e+00,-6.396475763214028554e+00
-6.385172227991191995e+00,-6.385172227991191995e+00
-6.373893830457515008e+00,-6.373893830457515008e+00
-6.362640957369574579e+00,-6.362640957369574579e+00
-6.351415878613605237e+00,-6.351415878613605237e+00
-6.340218715187000420e+00,-6.340218715187000420e+00
-6.329050875380058727e+00,-6.329050875380058727e+00
-6.317913167352911863e+00,-6.317913167352911863e+00
-6.306806968865966923e+00,-6.306806968865966923e+00
-6.295733075345957275e+00,-6.295733075345957275e+00
-6.284692483223385473e+00,-6.284692483223385473e+00
-6.273686726836466221e+00,-6.273686726836466221e+00
-6.262716260718955041e+00,-6.262716260718955041e+00
-6.251782379550494539e+00,-6.251782379550494539e+00
-6.240886336801312773e+00,-6.240886336801312773e+00
-6.230029249468576502e+00,-6.230029249468576502e+00
-6.219211873418197811e+00,-6.219211873418197811e+00
-6.208434967852386244e+00,-6.208434967852386244e+00
-6.197700444705941614e+00,-6.197700444705941614e+00
-6.187008696037706201e+00,-6.187008696037706201e+00
-6.176361129664847738e+00,-6.176361129664847738e+00
-6.165758419631492515e+00,-6.165758419631492515e+00
-6.155202053797559358e+00,-6.155202053797559358e+00
-6.144693253342864203e+00,-6.144693253342864203e+00
-6.134232546573555211e+00,-6.134232546573555211e+00
-6.123821196029545000e+00,-6.123821196029545000e+00
-6.113460367965755538e+00,-6.113460367965755538e+00
-6.103151265171782747e+00,-6.103151265171782747e+00
-6.092894655884855126e+00,-6.092894655884855126e+00
-6.082691887488199001e+00,-6.082691887488199001e+00
-6.072543347816813153e+00,-6.072543347816813153e+00
-6.062451144793897129e+00,-6.062451144793897129e+00
-6.052415707731679362e+00,-6.052415707731679362e+00
-6.042438304108027403e+00,-6.042438304108027403e+00
-6.032519513339331674e+00,-6.032519513339331674e+00
-6.022661040811884803e+00,-6.022661040811884803e+00
-6.012863596241328601e+00,-6.012863596241328601e+00
-6.003128688383756462e+00,-6.003128688383756462e+00
-5.993457657298841390e+00,-5.993457657298841390e+00
-5.983854396318850632e+00,-5.983854396318850632e+00
-5.974319313667899145e+00,-5.974319313667899145e+00
-5.964852668825295190e+00,-5.964852668825295190e+00
-5.955454229627889617e+00,-5.955454229627889617e+00
-5.946123205764321185e+00,-5.946123205764321185e+00
-5.936859171715434869e+00,-5.936859171715434869e+00
-5.927662473863225756e+00,-5.927662473863225756e+00
-5.918532145428284430e+00,-5.918532145428284430e+00
-5.909467754958306784e+00,-5.909467754958306784e+00
-5.900468995806966710e+00,-5.900468995806966710e+00
-5.891536199964067855e+00,-5.891536199964067855e+00
-5.882668026876037182e+00,-5.882668026876037182e+00
-5.873864900662030486e+00,-5.873864900662030486e+00
-5.865125933886281118e+00,-5.865125933886281118e+00
-5.856450721741302878e+00,-5.856450721741302878e+00
-5.847839533141374169e+00,-5.847839533141374169e+00
-5.839291329296560917e+00,-5.839291329296560917e+00
-5.830806063210685508e+00,-5.830806063210685508e+00
-5.822383401635437217e+00,-5.822383401635437217e+00
-5.814022896937074414e+00,-5.814022896937074414e+00
-5.805724225031584140e+00,-5.805724225031584140e+00
-5.797486879108148194e+00,-5.797486879108148194e+00
-5.789310750489474522e+00,-5.789310750489474522e+00
-5.781195395194386855e+00,-5.781195395194386855e+00
-5.773140240603881423e+00,-5.773140240603881423e+00
-5.765145334551191603e+00,-5.765145334551191603e+00
-5.757209563197603686e+00,-5.757209563197603686e+00
-5.749333510693064753e+00,-5.749333510693064753e+00
-5.741516250759129747e+00,-5.741516250759129747e+00
-5.733757851590573829e+00,-5.733757851590573829e+00
-5.726057159983755973e+00,-5.726057159983755973e+00
-5.718414349476570457e+00,-5.718414349476570457e+00
-5.710829204685207827e+00,-5.710829204685207827e+00
-5.703300933218083735e+00,-5.703300933218083735e+00
-5.695829527790809088e+00,-5.695829527790809088e+00
-5.688414671734068229e+00,-5.688414671734068229e+00
-5.681055768944601070e+00,-5.681055768944601070e+00
-5.673752271730785779e+00,-5.673752271730785779e+00
-5.666504178633553934e+00,-5.666504178633553934e+00
-5.659311222207909609e+00,-5.659311222207909609e+00
-5.652172403171357828e+00,-5.652172403171357828e+00
-5.645088151545925470e+00,-5.645088151545925470e+00
-5.638057585587287868e+00,-5.638057585587287868e+00
-5.631080472310259211e+00,-5.631080472310259211e+00
-5.624156450591351053e+00,-5.624156450591351053e+00
-5.617284948052532201e+00,-5.617284948052532201e+00
-5.610466209380892799e+00,-5.610466209380892799e+00
-5.603699164432449642e+00,-5.603699164432449642e+00
-5.596984009178368247e+00,-5.596984009178368247e+00
-5.590319765382011141e+00,-5.590319765382011141e+00
-5.583706878082244529e+00,-5.583706878082244529e+00
-5.577144462112896051e+00,-5.577144462112896051e+00
-5.570631778525232392e+00,-5.570631778525232392e+00
-5.564169308159073957e+00,-5.564169308159073957e+00
-5.557756136104672784e+00,-5.557756136104672784e+00
-5.551391956344156497e+00,-5.551391956344156497e+00
-5.545076709392581016e+00,-5.545076709392581016e+00
-5.538809693330451367e+00,-5.538809693330451367e+00
-5.532590611765398236e+00,-5.532590611765398236e+00
-5.526419273385393183e+00,-5.526419273385393183e+00
-5.520295285668451513e+00,-5.520295285668451513e+00
-5.514217745924937297e+00,-5.514217745924937297e+00
-5.508187039222805836e+00,-5.508187039222805836e+00
-5.502202173461546941e+00,-5.502202173461546941e+00
-5.496263524986415128e+00,-5.496263524986415128e+00
-5.490369917185599746e+00,-5.490369917185599746e+00
-5.484521658282128342e+00,-5.484521658282128342e+00
-5.478717835300773942e+00,-5.478717835300773942e+00
-5.472958234782452358e+00,-5.472958234782452358e+00
-5.467242750151571684e+00,-5.467242750151571684e+00
-5.461570767716696473e+00,-5.461570767716696473e+00
-5.455942122258921501e+00,-5.455942122258921501e+00
-5.450355975363109451e+00,-5.450355975363109451e+00
-5.444812594746691659e+00,-5.444812594746691659e+00
-5.439311137911136740e+00,-5.439311137911136740e+00
-5.433851437836222154e+00,-5.433851437836222154e+00
-5.428433285111428752e+00,-5.428433285111428752e+00
-5.423055945002146494e+00,-5.423055945002146494e+00
-5.417719031985980926e+00,-5.417719031985980926e+00
-5.412422408802535223e+00,-5.412422408802535223e+00
-5.407165859426601884e+00,-5.407165859426601884e+00
-5.401948653987516558e+00,-5.401948653987516558e+00
-5.396770622875993517e+00,-5.396770622875993517e+00
-5.391631109425187418e+00,-5.391631109425187418e+00
-5.386530425706998138e+00,-5.386530425706998138e+00
-5.381467397643464601e+00,-5.381467397643464601e+00
-5.376442142651043810e+00,-5.376442142651043810e+00
-5.371454176705992900e+00,-5.371454176705992900e+00
-5.366502969124216982e+00,-5.366502969124216982e+00
-5.361588218876073952e+00,-5.361588218876073952e+00
-5.356709857092908145e+00,-5.356709857092908145e+00
-5.351867004690435081e+00,-5.351867004690435081e+00
-5.347059809134286468e+00,-5.347059809134286468e+00
-5.342287249683293382e+00,-5.342287249683293382e+00
-5.337549732316711371e+00,-5.337549732316711371e+00
-5.332846263707474499e+00,-5.332846263707474499e+00
-5.328176745560763372e+00,-5.328176745560763372e+00
-5.323540748946678391e+00,-5.323540748946678391e+00
-5.318938023603331899e+00,-5.318938023603331899e+00
-5.314367993058311868e+00,-5.314367993058311868e+00
-5.309830378344814861e+00,-5.309830378344814861e+00
-5.305324823377553400e+00,-5.305324823377553400e+00
-5.300850617899550699e+00,-5.300850617899550699e+00
-5.296408006846491823e+00,-5.296408006846491823e+00
-5.291996245233688612e+00,-5.291996245233688612e+00
-5.287615053212497251e+00,-5.287615053212497251e+00
-5.283263803029912609e+00,-5.283263803029912609e+00
-5.278942419358497951e+00,-5.278942419358497951e+00
-5.274650181388297554e+00,-5.274650181388297554e+00
-5.270387231172181330e+00,-5.270387231172181330e+00
-5.266152997102029332e+00,-5.266152997102029332e+00
-5.261946792250464355e+00,-5.261946792250464355e+00
-5.257768502608900718e+00,-5.257768502608900718e+00
-5.253617932987249439e+00,-5.253617932987249439e+00
-5.249494092818651758e+00,-5.249494092818651758e+00
-5.245397042492650819e+00,-5.245397042492650819e+00
-5.241326698677982954e+00,-5.241326698677982954e+00
-5.237282185764358999e+00,-5.237282185764358999e+00
-5.233263095727383352e+00,-5.233263095727383352e+00
-5.229269093738586172e+00,-5.229269093738586172e+00
-5.225300449366599764e+00,-5.225300449366599764e+00
-5.221355644309231714e+00,-5.221355644309231714e+00
-5.217435268342091703e+00,-5.217435268342091703e+00
-5.213538744998164276e+00,-5.213538744998164276e+00
-5.209665308312255050e+00,-5.209665308312255050e+00
-5.205814612554989118e+00,-5.205814612554989118e+00
-5.201986748622910106e+00,-5.201986748622910106e+00
-5.198180941377820830e+00,-5.198180941377820830e+00
-5.194396907454313705e+00,-5.194396907454313705e+00
-5.190634308161108379e+00,-5.190634308161108379e+00
-5.186892807955284290e+00,-5.186892807955284290e+00
-5.183171643540112505e+00,-5.183171643540112505e+00
-5.179470886533155571e+00,-5.179470886533155571e+00
-5.175789897085560476e+00,-5.175789897085560476e+00
-5.172128611422311728e+00,-5.172128611422311728e+00
-5.168486267439434734e+00,-5.168486267439434734e+00
-5.164862746524668147e+00,-5.164862746524668147e+00
-5.161257254294576491e+00,-5.161257254294576491e+00
-5.157670074931838045e+00,-5.157670074931838045e+00
-5.154100271025722435e+00,-5.154100271025722435e+00
-5.150547503694634877e+00,-5.150547503694634877e+00
-5.147011597724874932e+00,-5.147011597724874932e+00
-5.143492174124788541e+00,-5.143492174124788541e+00
-5.139988447582333642e+00,-5.139988447582333642e+00
-5.136500570074344019e+00,-5.136500570074344019e+00
-5.133028009471642505e+00,-5.133028009471642505e+00
-5.129569861685346233e+00,-5.129569861685346233e+00
-5.126126828508295041e+00,-5.126126828508295041e+00
-5.122697388476681546e+00,-5.122697388476681546e+00
-5.119281850591592686e+00,-5.119281850591592686e+00
-5.115879270754208008e+00,-5.115879270754208008e+00
-5.112490050570419164e+00,-5.112490050570419164e+00
-5.109112945349626678e+00,-5.109112945349626678e+00
-5.105747876855973644e+00,-5.105747876855973644e+00
-5.102394830282069194e+00,-5.102394830282069194e+00
-5.099052746137492598e+00,-5.099052746137492598e+00
-5.095722018115577789e+00,-5.095722018115577789e+00
-5.092401597577533856e+00,-5.092401597577533856e+00
-5.089091325317556702e+00,-5.089091325317556702e+00
-5.085790807630892196e+00,-5.085790807630892196e+00
-5.082499732054770902e+00,-5.082499732054770902e+00
-5.079217530098303790e+00,-5.079217530098303790e+00
-5.075944089208413779e+00,-5.075944089208413779e+00
-5.072678725609764072e+00,-5.072678725609764072e+00
-5.069420909039912715e+00,-5.069420909039912715e+00
-5.066170928190453004e+00,-5.066170928190453004e+00
-5.062927882978642380e+00,-5.062927882978642380e+00
-5.059691168472458145e+00,-5.059691168472458145e+00
-5.056460771733084059e+00,-5.056460771733084059e+00
-5.053236362637719914e+00,-5.053236362637719914e+00
-5.050017134792103235e+00,-5.050017134792103235e+00
-5.046803155894462378e+00,-5.046803155894462378e+00
-5.043593729951367344e+00,-5.043593729951367344e+00
-5.040388340532341971e+00,-5.040388340532341971e+00
-5.037187134713328795e+00,-5.037187134713328795e+00
-5.033989098498380166e+00,-5.033989098498380166e+00
-5.030794405848476814e+00,-5.030794405848476814e+00
-5.027602053919112635e+00,-5.027602053919112635e+00
-5.024411992424711038e+00,-5.024411992424711038e+00
-5.021223870874163886e+00,-5.021223870874163886e+00
-5.018037221094008515e+00,-5.018037221094008515e+00
-5.014851437356174557e+00,-5.014851437356174557e+00
-5.011666478664755786e+00,-5.011666478664755786e+00
-5.008481898668956767e+00,-5.008481898668956767e+00
-5.005296975717275387e+00,-5.005296975717275387e+00
-5.002111581503425164e+00,-5.002111581503425164e+00
-4.998925086602776346e+00,-4.998925086602776346e+00
-4.995737458493833216e+00,-4.995737458493833216e+00
-4.992548007346400141e+00,-4.992548007346400141e+00
-4.989356422388339318e+00,-4.989356422388339318e+00
-4.986162275941740774e+00,-4.986162275941740774e+00
-4.982965273819185192e+00,-4.982965273819185192e+00
-4.979764643553381553e+00,-4.979764643553381553e+00
-4.976560639722222845e+00,-4.976560639722222845e+00
-4.973352172926540860e+00,-4.973352172926540860e+00
-4.970139138460697659e+00,-4.970139138460697659e+00
-4.966921419837176721e+00,-4.966921419837176721e+00
-4.963698153495045062e+00,-4.963698153495045062e+00
-4.960469008320335327e+00,-4.960469008320335327e+00
-4.957233328263616734e+00,-4.957233328263616734e+00
-4.953990332372224970e+00,-4.953990332372224970e+00
-4.950739350195547672e+00,-4.950739350195547672e+00
-4.947480021826661911e+00,-4.947480021826661911e+00
-4.944211835572034808e+00,-4.944211835572034808e+00
-4.940934735338931461e+00,-4.940934735338931461e+00
-4.937648275345885018e+00,-4.937648275345885018e+00
-4.934352109053256719e+00,-4.934352109053256719e+00
-4.931045870707614576e+00,-4.931045870707614576e+00
-4.927729513239653691e+00,-4.927729513239653691e+00
-4.924402214392524790e+00,-4.924402214392524790e+00
-4.921064005566815780e+00,-4.921064005566815780e+00
-4.917714495210575798e+00,-4.917714495210575798e+00
-4.914353377511470278e+00,-4.914353377511470278e+00
-4.910979966454308787e+00,-4.910979966454308787e+00
-4.907594681608297371e+00,-4.907594681608297371e+00
-4.904196377510549709e+00,-4.904196377510549709e+00
-4.900785086895436571e+00,-4.900785086895436571e+00
-4.897360563308837733e+00,-4.897360563308837733e+00
-4.893922380965117114e+00,-4.893922380965117114e+00
-4.890470011853526699e+00,-4.890470011853526699e+00
-4.887003390699278249e+00,-4.887003390699278249e+00
-4.883522219401212006e+00,-4.883522219401212006e+00
-4.880025916098071015e+00,-4.880025916098071015e+00
-4.876514426910533828e+00,-4.876514426910533828e+00
-4.872987102526998626e+00,-4.872987102526998626e+00
-4.869443850978954380e+00,-4.869443850978954380e+00
-4.865884304907865499e+00,-4.865884304907865499e+00
-4.862308015579215770e+00,-4.862308015579215770e+00
-4.858714777689963960e+00,-4.858714777689963960e+00
-4.855104210989819258e+00,-4.855104210989819258e+00
-4.851475696542704164e+00,-4.851475696542704164e+00
-4.847829518225221790e+00,-4.847829518225221790e+00
-4.844165033379199237e+00,-4.844165033379199237e+00
-4.840481595429554140e+00,-4.840481595429554140e+00
-4.836779474287277836e+00,-4.836779474287277836e+00
-4.833057788747325390e+00,-4.833057788747325390e+00
-4.829316370301880212e+00,-4.829316370301880212e+00
-4.825555192493882650e+00,-4.825555192493882650e+00
-4.821773545639150171e+00,-4.821773545639150171e+00
-4.817971310702516163e+00,-4.817971310702516163e+00
-4.814147768576264141e+00,-4.814147768576264141e+00
-4.810303226087843775e+00,-4.810303226087843775e+00
-4.806437046264607993e+00,-4.806437046264607993e+00
-4.802548639869058000e+00,-4.802548639869058000e+00
-4.798637911364640019e+00,-4.798637911364640019e+00
-4.794704774453770746e+00,-4.794704774453770746e+00
-4.790748298046600517e+00,-4.790748298046600517e+00
-4.786768790815441044e+00,-4.786768790815441044e+00
-4.782765370833684138e+00,-4.782765370833684138e+00
-4.778738108671115370e+00,-4.778738108671115370e+00
-4.774686681977854619e+00,-4.774686681977854619e+00
-4.770610162161746715e+00,-4.770610162161746715e+00
-4.766509113834450417e+00,-4.766509113834450417e+00
-4.762382586164210174e+00,-4.762382586164210174e+00
-4.758230240352293805e+00,-4.758230240352293805e+00
-4.754052032580612597e+00,-4.754052032580612597e+00
-4.749847511198909800e+00,-4.749847511198909800e+00
-4.745616487451856713e+00,-4.745616487451856713e+00
-4.741358334227589566e+00,-4.741358334227589566e+00
-4.737072946152266262e+00,-4.737072946152266262e+00
-4.732759925878027296e+00,-4.732759925878027296e+00
-4.728419038083153225e+00,-4.728419038083153225e+00
-4.724049721014432990e+00,-4.724049721014432990e+00
-4.719651819783141633e+00,-4.719651819783141633e+00
-4.715225105558666918e+00,-4.715225105558666918e+00
-4.710768970205374551e+00,-4.710768970205374551e+00
-4.706283527399754973e+00,-4.706283527399754973e+00
-4.701767950237670135e+00,-4.701767950237670135e+00
-4.697222072709059226e+00,-4.697222072709059226e+00
-4.692646027652721763e+00,-4.692646027652721763e+00
-4.688038643448677156e+00,-4.688038643448677156e+00
-4.683400472332727382e+00,-4.683400472332727382e+00
-4.678730280301360622e+00,-4.678730280301360622e+00
-4.674028528022772022e+00,-4.674028528022772022e+00
-4.669294605875607296e+00,-4.669294605875607296e+00
-4.664528038119455822e+00,-4.664528038119455822e+00
-4.659728940698645516e+00,-4.659728940698645516e+00
-4.654896491271923509e+00,-4.654896491271923509e+00
-4.650030632749670545e+00,-4.650030632749670545e+00
-4.645130892931899069e+00,-4.645130892931899069e+00
-4.640197294826521990e+00,-4.640197294826521990e+00
-4.635229248996803442e+00,-4.635229248996803442e+00
-4.630226375822791063e+00,-4.630226375822791063e+00
-4.625188467250113789e+00,-4.625188467250113789e+00
-4.620115402303187402e+00,-4.620115402303187402e+00
-4.615006652905866424e+00,-4.615006652905866424e+00
-4.609861747868433390e+00,-4.609861747868433390e+00
-4.604680623352298774e+00,-4.604680623352298774e+00
-4.599462620960724557e+00,-4.599462620960724557e+00
-4.594208362384011757e+00,-4.594208362384011757e+00
-4.588916390838508441e+00,-4.588916390838508441e+00
-4.583586974429448624e+00,-4.583586974429448624e+00
-4.578219730207234939e+00,-4.578219730207234939e+00
-4.572814297057710142e+00,-4.572814297057710142e+00
-4.567370628620150086e+00,-4.567370628620150086e+00
-4.561888058585125805e+00,-4.561888058585125805e+00
-4.556366479918963819e+00,-4.556366479918963819e+00
-4.550805571253368598e+00,-4.550805571253368598e+00
-4.545205127066506812e+00,-4.545205127066506812e+00
-4.539564613391608994e+00,-4.539564613391608994e+00
-4.533883620663053726e+00,-4.533883620663053726e+00
-4.528162278395399198e+00,-4.528162278395399198e+00
-4.522400130815876551e+00,-4.522400130815876551e+00
-4.516596890600452774e+00,-4.516596890600452774e+00
-4.510752211312453852e+00,-4.510752211312453852e+00
-4.504865751078634517e+00,-4.504865751078634517e+00
-4.498937342548235740e+00,-4.498937342548235740e+00
-4.492966639468498613e+00,-4.492966639468498613e+00
-4.486953285018649318e+00,-4.486953285018649318e+00
-4.480897166827610079e+00,-4.480897166827610079e+00
-4.474797888598911477e+00,-4.474797888598911477e+00
-4.468655075359235340e+00,-4.468655075359235340e+00
-4.462468577593977415e+00,-4.462468577593977415e+00
-4.456238102847583704e+00,-4.456238102847583704e+00
-4.449963274717235073e+00,-4.449963274717235073e+00
-4.443644237611852787e+00,-4.443644237611852787e+00
-4.437280041778548068e+00,-4.437280041778548068e+00
-4.430870776322985982e+00,-4.430870776322985982e+00
-4.424416441168634861e+00,-4.424416441168634861e+00
-4.417916109622985310e+00,-4.417916109622985310e+00
-4.411370168360543964e+00,-4.411370168360543964e+00
-4.404777934917689208e+00,-4.404777934917689208e+00
-4.398139157811826294e+00,-4.398139157811826294e+00
-4.391453872224850841e+00,-4.391453872224850841e+00
-4.384721470088771333e+00,-4.384721470088771333e+00
-4.377942171301384633e+00,-4.377942171301384633e+00
-4.371115058214379623e+00,-4.371115058214379623e+00
-4.364240462608687032e+00,-4.364240462608687032e+00
-4.357317898256374278e+00,-4.357317898256374278e+00
-4.350347068379108784e+00,-4.350347068379108784e+00
-4.343327675131899213e+00,-4.343327675131899213e+00
-4.336259750002710689e+00,-4.336259750002710689e+00
-4.329142981038098803e+00,-4.329142981038098803e+00
-4.321976885461060292e+00,-4.321976885461060292e+00
-4.314761238037034374e+00,-4.314761238037034374e+00
-4.307496215295495645e+00,-4.307496215295495645e+00
-4.300181362048337341e+00,-4.300181362048337341e+00
-4.292816207642355941e+00,-4.292816207642355941e+00
-4.285400846824289900e+00,-4.285400846824289900e+00
-4.277934682166984359e+00,-4.277934682166984359e+00
-4.270418072478766369e+00,-4.270418072478766369e+00
-4.262850128302162922e+00,-4.262850128302162922e+00
-4.255231185614430700e+00,-4.255231185614430700e+00
-4.247560815793062439e+00,-4.247560815793062439e+00
-4.239838981080095159e+00,-4.239838981080095159e+00
-4.232065006122056161e+00,-4.232065006122056161e+00
-4.224239120737056652e+00,-4.224239120737056652e+00
-4.216361096326596503e+00,-4.216361096326596503e+00
-4.208430444687444094e+00,-4.208430444687444094e+00
-4.200447279728366290e+00,-4.200447279728366290e+00
-4.192411031175333314e+00,-4.192411031175333314e+00
-4.184322067776890641e+00,-4.184322067776890641e+00
-4.176179632992741197e+00,-4.176179632992741197e+00
-4.167984066436734913e+00,-4.167984066436734913e+00
-4.159734952921673390e+00,-4.159734952921673390e+00
-4.151431893895503933e+00,-4.151431893895503933e+00
-4.143075019416114557e+00,-4.143075019416114557e+00
-4.134664105184742589e+00,-4.134664105184742589e+00
-4.126198915072314399e+00,-4.126198915072314399e+00
-4.117679319659096393e+00,-4.117679319659096393e+00
-4.109105219516957064e+00,-4.109105219516957064e+00
-4.100476201501868978e+00,-4.100476201501868978e+00
-4.091792456647837639e+00,-4.091792456647837639e+00
-4.083053560149557448e+00,-4.083053560149557448e+00
-4.074259810799952142e+00,-4.074259810799952142e+00
-4.065410255327556399e+00,-4.065410255327556399e+00
-4.056505823444108039e+00,-4.056505823444108039e+00
-4.047545553273587338e+00,-4.047545553273587338e+00
-4.038529562915231352e+00,-4.038529562915231352e+00
-4.029457542628743560e+00,-4.029457542628743560e+00
-4.020330066352264531e+00,-4.020330066352264531e+00
-4.011146251598605161e+00,-4.011146251598605161e+00
-4.001906398472643289e+00,-4.001906398472643289e+00
-3.992610020572749718e+00,-3.992610020572749718e+00
-3.983257478768254867e+00,-3.983257478768254867e+00
-3.973848379328333014e+00,-3.973848379328333014e+00
-3.964382846829108686e+00,-3.964382846829108686e+00
-3.954860446066348789e+00,-3.954860446066348789e+00
-3.945281278351284726e+00,-3.945281278351284726e+00
-3.935645695230958196e+00,-3.935645695230958196e+00
-3.925952754903400344e+00,-3.925952754903400344e+00
-3.916203123862314950e+00,-3.916203123862314950e+00
-3.906396328965950460e+00,-3.906396328965950460e+00
-3.896532377677341952e+00,-3.896532377677341952e+00
-3.886611366121941913e+00,-3.886611366121941913e+00
-3.876633229933537095e+00,-3.876633229933537095e+00
-3.866597654857936384e+00,-3.866597654857936384e+00
-3.856504916935940219e+00,-3.856504916935940219e+00
-3.846354726429241921e+00,-3.846354726429241921e+00
-3.836147210409476482e+00,-3.836147210409476482e+00
-3.825882342046158069e+00,-3.825882342046158069e+00
-3.815559907148617480e+00,-3.815559907148617480e+00
-3.805180153038786095e+00,-3.805180153038786095e+00
-3.794743003623876287e+00,-3.794743003623876287e+00
-3.784248403777661807e+00,-3.784248403777661807e+00
-3.773696188960502962e+00,-3.773696188960502962e+00
-3.763086711757999137e+00,-3.763086711757999137e+00
-3.752419631267882583e+00,-3.752419631267882583e+00
-3.741695418383213401e+00,-3.741695418383213401e+00
-3.730913449989516018e+00,-3.730913449989516018e+00
-3.720074337950459054e+00,-3.720074337950459054e+00
-3.709177725640268264e+00,-3.709177725640268264e+00
-3.698223907105326891e+00,-3.698223907105326891e+00
-3.687212740005213707e+00,-3.687212740005213707e+00
-3.676144516099602910e+00,-3.676144516099602910e+00
-3.665019000144927208e+00,-3.665019000144927208e+00
-3.653836399183615136e+00,-3.653836399183615136e+00
-3.642596869283884597e+00,-3.642596869283884597e+00
-3.631300309668811899e+00,-3.631300309668811899e+00
-3.619946809362434070e+00,-3.619946809362434070e+00
-3.608536615192387220e+00,-3.608536615192387220e+00
-3.597069813825086282e+00,-3.597069813825086282e+00
-3.585546022611592054e+00,-3.585546022611592054e+00
-3.573966214559444854e+00,-3.573966214559444854e+00
-3.562329929015535246e+00,-3.562329929015535246e+00
-3.550636931774520999e+00,-3.550636931774520999e+00
-3.538888195845288021e+00,-3.538888195845288021e+00
-3.527083234966231107e+00,-3.527083234966231107e+00
-3.515222607241432318e+00,-3.515222607241432318e+00
-3.503306377804362270e+00,-3.503306377804362270e+00
-3.491334123389803423e+00,-3.491334123389803423e+00
-3.479306765467920393e+00,-3.479306765467920393e+00
-3.467223918134404670e+00,-3.467223918134404670e+00
-3.455086238450077119e+00,-3.455086238450077119e+00
-3.442893295218142580e+00,-3.442893295218142580e+00
-3.430645872066276691e+00,-3.430645872066276691e+00
-3.418343782716898094e+00,-3.418343782716898094e+00
-3.405987462770675656e+00,-3.405987462770675656e+00
-3.393576811914199354e+00,-3.393576811914199354e+00
-3.381112223517975579e+00,-3.381112223517975579e+00
-3.368594062538262879e+00,-3.368594062538262879e+00
-3.356022294757010638e+00,-3.356022294757010638e+00
-3.343397298955058883e+00,-3.343397298955058883e+00
-3.330719216778063707e+00,-3.330719216778063707e+00
-3.317988316029502727e+00,-3.317988316029502727e+00
-3.305205051737891253e+00,-3.305205051737891253e+00
-3.292369270040193197e+00,-3.292369270040193197e+00
-3.279481614110757004e+00,-3.279481614110757004e+00
-3.266542178987297262e+00,-3.266542178987297262e+00
-3.253551313454968064e+00,-3.253551313454968064e+00
-3.240509239626107263e+00,-3.240509239626107263e+00
-3.227416200471610708e+00,-3.227416200471610708e+00
-3.214272793588312638e+00,-3.214272793588312638e+00
-3.201079093967304612e+00,-3.201079093967304612e+00
-3.187835336623111804e+00,-3.187835336623111804e+00
-3.174542222189811636e+00,-3.174542222189811636e+00
-3.161199414859439560e+00,-3.161199414859439560e+00
-3.147808051893480563e+00,-3.147808051893480563e+00
-3.134367935885274736e+00,-3.134367935885274736e+00
-3.120879527558698463e+00,-3.120879527558698463e+00
-3.107343100725433516e+00,-3.107343100725433516e+00
-3.093759243105139500e+00,-3.093759243105139500e+00
-3.080128402299807000e+00,-3.080128402299807000e+00
-3.066450725642146491e+00,-3.066450725642146491e+00
-3.052726993799812050e+00,-3.052726993799812050e+00
-3.038956837699386071e+00,-3.038956837699386071e+00
-3.025141238772364627e+00,-3.025141238772364627e+00
-3.011280660640784479e+00,-3.011280660640784479e+00
-2.997375373990977199e+00,-2.997375373990977199e+00
-2.983425886813221073e+00,-2.983425886813221073e+00
-2.969432168622403889e+00,-2.969432168622403889e+00
-2.955395387431029253e+00,-2.955395387431029253e+00
-2.941315460388000069e+00,-2.941315460388000069e+00
-2.927193263446711047e+00,-2.927193263446711047e+00
-2.913028913752162108e+00,-2.913028913752162108e+00
-2.898823175359044768e+00,-2.898823175359044768e+00
-2.884576399801495938e+00,-2.884576399801495938e+00
-2.870288854832601544e+00,-2.870288854832601544e+00
-2.855961404749002064e+00,-2.855961404749002064e+00
-2.841594422263381770e+00,-2.841594422263381770e+00
-2.827188306410792329e+00,-2.827188306410792329e+00
-2.812743663989371257e+00,-2.812743663989371257e+00
-2.798261164443121896e+00,-2.798261164443121896e+00
-2.783741194397325813e+00,-2.783741194397325813e+00
-2.769184119020180024e+00,-2.769184119020180024e+00
-2.754591087849146636e+00,-2.754591087849146636e+00
-2.739961857263033540e+00,-2.739961857263033540e+00
-2.725297593164653254e+00,-2.725297593164653254e+00
-2.710598770047795814e+00,-2.710598770047795814e+00
-2.695865651688946318e+00,-2.695865651688946318e+00
-2.681099241338139372e+00,-2.681099241338139372e+00
-2.666299938368008160e+00,-2.666299938368008160e+00
-2.651468376327179577e+00,-2.651468376327179577e+00
-2.636604941803127655e+00,-2.636604941803127655e+00
-2.621710763249605503e+00,-2.621710763249605503e+00
-2.606785943995191257e+00,-2.606785943995191257e+00
-2.591831524343439330e+00,-2.591831524343439330e+00
-2.576847684207523415e+00,-2.576847684207523415e+00
-2.561835541153744344e+00,-2.561835541153744344e+00
-2.546795629317391896e+00,-2.546795629317391896e+00
-2.531728561573526104e+00,-2.531728561573526104e+00
-2.516634823233376839e+00,-2.516634823233376839e+00
-2.501515165696681642e+00,-2.501515165696681642e+00
-2.486370595181119914e+00,-2.486370595181119914e+00
-2.471201360200712127e+00,-2.471201360200712127e+00
-2.456008708265849272e+00,-2.456008708265849272e+00
-2.440792717332138650e+00,-2.440792717332138650e+00
-2.425554390207769639e+00,-2.425554390207769639e+00
-2.410294332706481857e+00,-2.410294332706481857e+00
-2.395013494905501528e+00,-2.395013494905501528e+00
-2.379712656177370267e+00,-2.379712656177370267e+00
-2.364392077054825236e+00,-2.364392077054825236e+00
-2.349052994420860685e+00,-2.349052994420860685e+00
-2.333695732627240726e+00,-2.333695732627240726e+00
-2.318321470244715687e+00,-2.318321470244715687e+00
-2.302930759911008707e+00,-2.302930759911008707e+00
-2.287524200681634312e+00,-2.287524200681634312e+00
-2.272103013108031977e+00,-2.272103013108031977e+00
-2.256667485042656907e+00,-2.256667485042656907e+00
-2.241218871158547010e+00,-2.241218871158547010e+00
-2.225757568241955475e+00,-2.225757568241955475e+00
-2.210284405566312671e+00,-2.210284405566312671e+00
-2.194800301120776620e+00,-2.194800301120776620e+00
-2.179306123120177130e+00,-2.179306123120177130e+00
-2.163802527909855833e+00,-2.163802527909855833e+00
-2.148290580027679475e+00,-2.148290580027679475e+00
-2.132770865155510620e+00,-2.132770865155510620e+00
-2.117244363696828557e+00,-2.117244363696828557e+00
-2.101711660780534618e+00,-2.101711660780534618e+00
-2.086173638138445696e+00,-2.086173638138445696e+00
-2.070631623630664997e+00,-2.070631623630664997e+00
-2.055085951735304395e+00,-2.055085951735304395e+00
-2.039537603827960233e+00,-2.039537603827960233e+00
-2.023987466261769175e+00,-2.023987466261769175e+00
-2.008436170935429477e+00,-2.008436170935429477e+00
-1.992885011625689096e+00,-1.992885011625689096e+00
-1.977334473844287732e+00,-1.977334473844287732e+00
-1.961785838348834909e+00,-1.961785838348834909e+00
-1.946239468423317298e+00,-1.946239468423317298e+00
-1.930696838740252774e+00,-1.930696838740252774e+00
-1.915158279658341733e+00,-1.915158279658341733e+00
-1.899624649811211041e+00,-1.899624649811211041e+00
-1.884097652393241562e+00,-1.884097652393241562e+00
-1.868577104449285819e+00,-1.868577104449285819e+00
-1.853064453389957844e+00,-1.853064453389957844e+00
-1.837560775182199624e+00,-1.837560775182199624e+00
-1.822066680397192551e+00,-1.822066680397192551e+00
-1.806583091810240571e+00,-1.806583091810240571e+00
-1.791110838139791772e+00,-1.791110838139791772e+00
-1.775650973950436695e+00,-1.775650973950436695e+00
-1.760204625819338675e+00,-1.760204625819338675e+00
-1.744772031141277768e+00,-1.744772031141277768e+00
-1.729355024142768427e+00,-1.729355024142768427e+00
-1.713953557199993316e+00,-1.713953557199993316e+00
-1.698569281258890840e+00,-1.698569281258890840e+00
-1.683202339888335786e+00,-1.683202339888335786e+00
-1.667854729315792595e+00,-1.667854729315792595e+00
-1.652526617978338219e+00,-1.652526617978338219e+00
-1.637219007271391247e+00,-1.637219007271391247e+00
-1.621932903515949098e+00,-1.621932903515949098e+00
-1.606669374009092044e+00,-1.606669374009092044e+00
-1.591428956463923017e+00,-1.591428956463923017e+00
-1.576212925065859860e+00,-1.576212925065859860e+00
-1.561022065044040730e+00,-1.561022065044040730e+00
-1.545857195834300812e+00,-1.545857195834300812e+00
-1.530719783397440192e+00,-1.530719783397440192e+00
-1.515609938610723795e+00,-1.515609938610723795e+00
-1.500529150083736107e+00,-1.500529150083736107e+00
-1.485478113922996668e+00,-1.485478113922996668e+00
-1.470457746120635178e+00,-1.470457746120635178e+00
-1.455469019701408184e+00,-1.455469019701408184e+00
-1.440512742992630324e+00,-1.440512742992630324e+00
-1.425590229792532471e+00,-1.425590229792532471e+00
-1.410701677836725176e+00,-1.410701677836725176e+00
-1.395848717553156870e+00,-1.395848717553156870e+00
-1.381031923451089938e+00,-1.381031923451089938e+00
-1.366252163427122968e+00,-1.366252163427122968e+00
-1.351510469184272090e+00,-1.351510469184272090e+00
-1.336807840945966719e+00,-1.336807840945966719e+00
-1.322145013730075203e+00,-1.322145013730075203e+00
-1.307522709149312234e+00,-1.307522709149312234e+00
-1.292942141626035601e+00,-1.292942141626035601e+00
-1.278404153667673127e+00,-1.278404153667673127e+00
-1.263909389875549127e+00,-1.263909389875549127e+00
-1.249458946730756415e+00,-1.249458946730756415e+00
-1.235054152771611236e+00,-1.235054152771611236e+00
-1.220695027209528050e+00,-1.220695027209528050e+00
-1.206382634923816255e+00,-1.206382634923816255e+00
-1.192118304275894491e+00,-1.192118304275894491e+00
-1.177902767046545174e+00,-1.177902767046545174e+00
-1.163736542523982287e+00,-1.163736542523982287e+00
-1.149620793701489507e+00,-1.149620793701489507e+00
-1.135556515598428851e+00,-1.135556515598428851e+00
-1.121544269005013472e+00,-1.121544269005013472e+00
-1.107584812794319307e+00,-1.107584812794319307e+00
-1.093679083370858507e+00,-1.093679083370858507e+00
-1.079828288457636232e+00,-1.079828288457636232e+00
-1.066032805030305175e+00,-1.066032805030305175e+00
-1.052293777883888781e+00,-1.052293777883888781e+00
-1.038612162815372386e+00,-1.038612162815372386e+00
-1.024987781552159083e+00,-1.024987781552159083e+00
-1.011422613957307926e+00,-1.011422613957307926e+00
-9.979168875836929020e-01,-9.979168875836929020e-01
-9.844716082280431380e-01,-9.844716082280431380e-01
-9.710876471966100043e-01,-9.710876471966100043e-01
-9.577653120017424193e-01,-9.577653120017424193e-01
-9.445059752669788811e-01,-9.445059752669788811e-01
-9.313098383358757726e-01,-9.313098383358757726e-01
-9.126975416108581429e-01,-9.126975416108581429e-01
