-2.357365251020445918e+00,-8.024861939287177837e-01
-2.335234791558091771e+00,-7.802482680631841472e-01
-2.309606598534771571e+00,-7.542888014776816252e-01
-2.283659399259082790e+00,-7.285353320556919865e-01
-2.258969492119887512e+00,-7.028375605816570282e-01
-2.232819808496253167e+00,-6.772570571185416721e-01
-2.207212291149535766e+00,-6.518019794999181382e-01
-2.176762346771993428e+00,-6.264749308717831866e-01
-2.158213028548607859e+00,-6.013387272892676272e-01
-2.134362329535792746e+00,-5.762402487040394483e-01
-2.108693411622088121e+00,-5.515131570331044397e-01
-2.084368362958507248e+00,-5.265398140387322901e-01
-2.059999459885525575e+00,-5.018036882124705667e-01
-2.035393890472596112e+00,-4.772184966455523814e-01
-2.011616648513773420e+00,-4.527654909856371201e-01
-1.987528010452754179e+00,-4.284594974290865110e-01
-1.963595567895250360e+00,-4.042277044120916596e-01
-1.939891578624459045e+00,-3.801141018373157543e-01
-1.916058484227444181e+00,-3.562331419564395141e-01
-1.892297813137725937e+00,-3.323434658934061314e-01
-1.869160264641321456e+00,-3.085795673906530645e-01
-1.845699360426145796e+00,-2.850112219023037685e-01
-1.822722894558710172e+00,-2.615371181451755511e-01
-1.799380267613587714e+00,-2.381191045180510724e-01
-1.776518441032878259e+00,-2.148536836956320695e-01
-1.753565178131269997e+00,-1.916903261108116041e-01
-1.730677552651128215e+00,-1.686672783154803401e-01
-1.710976782744608515e+00,-1.457657780916375989e-01
-1.685730551559730062e+00,-1.229758728634537945e-01
-1.663397852052197257e+00,-1.002992728560027080e-01
-1.640916970989095391e+00,-7.772752733638998990e-02
-1.615455664755950815e+00,-5.528446526406227690e-02
-1.597035266640888240e+00,-3.294733752508471891e-02
-1.574725057345186530e+00,-1.072900408640076186e-02
-1.553493193884156076e+00,1.138315496072928035e-02
-1.531720222955549326e+00,3.337097812532685559e-02
-1.509950634974296824e+00,5.525195563884244265e-02
-1.488470673452781279e+00,7.702200351566101943e-02
-1.468621535496395181e+00,9.868149082844834830e-02
-1.446042566179692512e+00,1.202218729665569530e-01
-1.424614071730804676e+00,1.416749902271640105e-01
-1.403620263268188451e+00,1.629771235817537578e-01
-1.382639908340810075e+00,1.842186528302611759e-01
-1.365100187099689277e+00,2.053036474059700689e-01
-1.341193019750794191e+00,2.262775046400904433e-01
-1.320553613867572862e+00,2.471673109430000403e-01
-1.300380368643375251e+00,2.679472305111808561e-01
-1.279737860350900869e+00,2.886233624946311638e-01
-1.259325818971307909e+00,3.091715383888862800e-01
-1.239342012991768049e+00,3.296303135206702928e-01
-1.219288155619026037e+00,3.503095223247587597e-01
-1.199252107576879167e+00,3.701885960214810756e-01
-1.179477313968545715e+00,3.903252152009846765e-01
-1.159822579055781677e+00,4.103392097970325891e-01
-1.140039172953549951e+00,4.302631399751966068e-01
-1.120556925367575563e+00,4.500642220403519578e-01
-1.101075892024331981e+00,4.699534252328425588e-01
-1.081762524128967673e+00,4.894065134725245625e-01
-1.062505816539841774e+00,5.088604411863331123e-01
-1.043362758448935779e+00,5.282609512467926205e-01
-1.024312126477862961e+00,5.475933548548308494e-01
-1.005469374599675891e+00,5.667254898276176123e-01
-9.867504962312239059e-01,5.858933399026342581e-01
-9.678238847325488781e-01,6.048056107226227329e-01
-9.495102933599166573e-01,6.236654278807405305e-01
-9.309914995333308241e-01,6.424487976379542609e-01
-9.124479918663224165e-01,7.119321667760880601e-01
-8.943298063918394547e-01,6.796985456028505901e-01
-8.759474506503412972e-01,6.981903035753441733e-01
-8.578336308915339714e-01,7.161350672963059383e-01
-8.385340611110980724e-01,7.348727265575721868e-01
-8.220178200709349348e-01,7.529388370302778632e-01
-8.043550961138430377e-01,7.710522500838287163e-01
-7.864957460703976277e-01,7.888745621897971239e-01
-7.689057997831068025e-01,8.068303099659023259e-01
-7.407792813068645454e-01,8.246679756253615379e-01
-7.343667505950406404e-01,8.423637152136195239e-01
-7.166427913086843571e-01,8.593690547533736623e-01
-6.994775501332843870e-01,8.773973262573258047e-01
-6.822900997919956190e-01,8.947534378709116609e-01
-6.652927122281473427e-01,9.120467050787053331e-01
-6.483826474886864588e-01,9.292226989809511117e-01
-6.316775264815850388e-01,9.463120585913101790e-01
-6.147914962817022655e-01,9.632821850440109746e-01
-5.981648069612266472e-01,9.802053391657503667e-01
-5.816132561653206690e-01,9.969702786293336283e-01
-5.651855861646399859e-01,1.013696970575900469e+00
-5.487549298521834373e-01,1.030320218025719159e+00
-5.326809581664702087e-01,1.046844580897141164e+00
-5.164333697114866784e-01,1.063246130520310695e+00
-5.003356982444611134e-01,1.079561410790655707e+00
-4.843419396808834598e-01,1.095815970092934855e+00
-4.684086646274028265e-01,1.111937473322126779e+00
-4.526285587484080164e-01,1.128008024149035338e+00
-4.369300746941064961e-01,1.143954336802585958e+00
-4.213024624104757532e-01,1.159830660728851548e+00
-4.056334641523358098e-01,1.175584666797119704e+00
-3.903380394589128777e-01,1.191251609826267988e+00
-3.736171164418462531e-01,1.206842801414583111e+00
-3.597661337466160347e-01,1.222361536809111193e+00
-3.445797437099265004e-01,1.237733947068576867e+00
-3.294876417923044976e-01,1.253066806886968365e+00
-3.145657473777672131e-01,1.268288542119606621e+00
-2.996324195966988402e-01,1.283417473576953460e+00
-2.848163973781665526e-01,1.298463433219223084e+00
-2.700741221063942543e-01,1.313402886548444393e+00
-2.554668372882256122e-01,1.328270966162790057e+00
-2.409411791643292222e-01,1.343066633389026876e+00
-2.264628621915880657e-01,1.357724136728649222e+00
-2.120939725436747914e-01,1.372313543544377179e+00
-1.978153367962146580e-01,1.386820841029342333e+00
-1.836205093542794264e-01,1.401238398958141618e+00
-1.695128296823563696e-01,1.415564354405285385e+00
-1.555034904692356168e-01,1.429819741434326774e+00
-1.415592509675367427e-01,1.443943347339321948e+00
-1.277013029220984697e-01,1.458045199942725745e+00
-1.139520238050881762e-01,1.472003109530493292e+00
-1.002713454214271271e-01,1.485894963175826256e+00
-8.667618337070792656e-02,1.499701966655411001e+00
-7.316928797430866105e-02,1.513415075162199530e+00
-5.974571585811183638e-02,1.527050212334720491e+00
-4.640886293841739452e-02,1.540598726245849370e+00
-3.315454626092440016e-02,1.554058952197908461e+00
-1.998242039164277450e-02,1.567432916094067430e+00
-6.896467440975273533e-03,1.580724585498825663e+00
6.106766568269805795e-03,1.593929291078368449e+00
1.902640401886546151e-02,1.607050004857530912e+00
3.186211233116786889e-02,1.620085312702943314e+00
4.459480358052325677e-02,1.633040646622389902e+00
5.728844810904176743e-02,1.645905438817498734e+00
6.988437041027872887e-02,1.658688359506387044e+00
8.238751838146940454e-02,1.671386673539164480e+00
9.481218650207323684e-02,1.684009724207339520e+00
1.071529244909903422e-01,1.696531002887320838e+00
1.194179785737873312e-01,1.708966469498706564e+00
1.315979864228099538e-01,1.721360245524280019e+00
1.437027779373745151e-01,1.733630667869663133e+00
1.557127617333684544e-01,1.745841585888008751e+00
1.677167945636193203e-01,1.757961063324719353e+00
1.795103813986551611e-01,1.770011955183457664e+00
1.912883393322774017e-01,1.781955974890351291e+00
2.030073045593518977e-01,1.793840932090383422e+00
2.146010417063449749e-01,1.805619788981861706e+00
2.261582901810126334e-01,1.817322810171031477e+00
2.376085243724193052e-01,1.828977974746318624e+00
2.489945519780354388e-01,1.840491671774194815e+00
2.602953598750058495e-01,1.851982595172308343e+00
2.714328300157279328e-01,1.863359873001967815e+00
2.826469252354854023e-01,1.874886022024786714e+00
2.936695953179074836e-01,1.885143974555471225e+00
3.046838548490725107e-01,1.897044565165255436e+00
3.155898871727321198e-01,1.908112465243168687e+00
3.264304059406384906e-01,1.919034433183383292e+00
3.372136285051285931e-01,1.929989181250175934e+00
3.478419026481452403e-01,1.940822404191248296e+00
3.584473035201429791e-01,1.951589065821083269e+00
3.689761070311879942e-01,1.962233498480017380e+00
3.794104180505550872e-01,1.972842454397126577e+00
3.897823067521021811e-01,1.983345041637868622e+00
4.000716748274549817e-01,1.993587313515200243e+00
4.102732290125253312e-01,2.004139259592180089e+00
4.204175401515908850e-01,2.014414477613938548e+00
4.304620687770920329e-01,2.024566512627530734e+00
4.404638231523962943e-01,2.034713598664585010e+00
4.503384635081311704e-01,2.044788976126635127e+00
4.601662294959514288e-01,2.054672843621310641e+00
4.699185600251403194e-01,2.064615874021907604e+00
4.796247155004917939e-01,2.074380081922766017e+00
4.892316146700697033e-01,2.084164171821215383e+00
4.987371574182798972e-01,2.093803847102050142e+00
5.081626850134167706e-01,2.103345279518912481e+00
5.175686901640649262e-01,2.112881022785887186e+00
5.268746096507170851e-01,2.122274256631851319e+00
5.361519095526670053e-01,2.131610268575860445e+00
5.452393543125013675e-01,2.141216892501294655e+00
5.541824036859201996e-01,2.150130555249142095e+00
5.633119448557991626e-01,2.159251522398305756e+00
5.722595698317310964e-01,2.168265974701665932e+00
5.810863499792406905e-01,2.177208391856986225e+00
5.898392715539858555e-01,2.186067883741025675e+00
5.985461661877162776e-01,2.194935448194849759e+00
6.072084853171703100e-01,2.203659437738648919e+00
6.157588793391490789e-01,2.212050447891327210e+00
6.242423807069839015e-01,2.220638771203186757e+00
6.326961420596151076e-01,2.229356612960105899e+00
6.410001006341786711e-01,2.238277542696617051e+00
6.492586499434122027e-01,2.246184725787554903e+00
6.574503212695390619e-01,2.254451779506822184e+00
6.655442468830284897e-01,2.269380089531971567e+00
6.736200963068528225e-01,2.270950068595656735e+00
6.815118345148264423e-01,2.278873862154313201e+00
6.894859647263249514e-01,2.286914370526296203e+00
6.972958312792671975e-01,2.294850731148202261e+00
7.050700371903211305e-01,2.302562550187909451e+00
7.127268046461616713e-01,2.310405130855219369e+00
7.203345865018780936e-01,2.318009014644808019e+00
7.278706716541654131e-01,2.325686385157441194e+00
7.353426479074697264e-01,2.333186081855846083e+00
7.427195016773232572e-01,2.340695047461518463e+00
7.500172155153238540e-01,2.348142185058901710e+00
7.572744351490489079e-01,2.355397981658268414e+00
7.643163455230291836e-01,2.361997993910808447e+00
7.715587748505512433e-01,2.369813858688694985e+00
7.786148499020477676e-01,2.377135934853995991e+00
7.855447717260549689e-01,2.384097750273761918e+00
7.924103008159045780e-01,2.390831750105050446e+00
7.992442947245087526e-01,2.397546512693218723e+00
8.059749265688218589e-01,2.404599068908202852e+00
8.126242403402698100e-01,2.411392609686317190e+00
8.192634789759308811e-01,2.418014939477477032e+00
8.257599075466224292e-01,2.424485183467734561e+00
8.322467547732840254e-01,2.430984409452408901e+00
8.386283760415031985e-01,2.437441339155205888e+00
8.449720239183071691e-01,2.443778898357169105e+00
8.511893099196967682e-01,2.452337062659621481e+00
8.573742421753417497e-01,2.456365004413534336e+00
8.634818414755598415e-01,2.462571426726433366e+00
8.695240530418226754e-01,2.469452577699394968e+00
8.754954154723982862e-01,2.474506709455433828e+00
8.814370229106306409e-01,2.480547105918811557e+00
8.872074886743531730e-01,2.486281449987348680e+00
8.929703409438277673e-01,2.492189520694289229e+00
8.986074346798802459e-01,2.498044792694035898e+00
9.042308621574053351e-01,2.503597054045632930e+00
9.097667367179564923e-01,2.508892502529541879e+00
9.152494355149931593e-01,2.514810381480992341e+00
9.206674140020697505e-01,2.520070636773326989e+00
9.260381136382008771e-01,2.525469248404931477e+00
9.311991160714860882e-01,2.530714589286310989e+00
9.364781104196142625e-01,2.535955223624628108e+00
9.415824134202126494e-01,2.541207186081578584e+00
9.466415648939117133e-01,2.546350123910717578e+00
9.518629859807575810e-01,2.551305698353182549e+00
9.565586457932664377e-01,2.556123543741394499e+00
9.614013595911776733e-01,2.561359576505831459e+00
9.661784061981333327e-01,2.565959101431389833e+00
9.709014441771008919e-01,2.570646410071896426e+00
9.756441310996051275e-01,2.574849140088841359e+00
9.801166640208960334e-01,2.579882875350959281e+00
9.846279065050542734e-01,2.584528852767557616e+00
9.889970303512666261e-01,2.588860303760647241e+00
9.934758678106785368e-01,2.593100255009395561e+00
9.977388917205083363e-01,2.597570837940911481e+00
1.001993925209038849e+00,2.601843098239220886e+00
1.006165876125016290e+00,2.605980901924183080e+00
1.010263077550465738e+00,2.610405671177138842e+00
1.014298191088327306e+00,2.614067300556130569e+00
1.018256642103132714e+00,2.618128133873154795e+00
1.022148390537964469e+00,2.622223174758429032e+00
1.025976613565154683e+00,2.625666392526538218e+00
1.029693499908828080e+00,2.629548418332563919e+00
1.033456891443444992e+00,2.633367445781973348e+00
1.037090024996506488e+00,2.637038333123999934e+00
1.040651539437977613e+00,2.640661299372072168e+00
1.044140703566786454e+00,2.644187357863843957e+00
1.047609433822811464e+00,2.647542324453477924e+00
1.050924956289099210e+00,2.650898774666844204e+00
1.054153530963470420e+00,2.654323827627745658e+00
1.057518240574049750e+00,2.656928651697174182e+00
1.060552813588146348e+00,2.660581455786009020e+00
1.063663013726434015e+00,2.663610939494133412e+00
1.066772372994389650e+00,2.666261512534992661e+00
1.069750236314376046e+00,2.669650971910663806e+00
1.072640123485505637e+00,2.672582726176399248e+00
1.075507904883195032e+00,2.675449661670437962e+00
1.078147812328364541e+00,2.678331745695091914e+00
1.080991715522890306e+00,2.681187335233290447e+00
1.083623494934483622e+00,2.683542572730923226e+00
1.086207771758093799e+00,2.686262263198979205e+00
1.088682497590218734e+00,2.688682464931034133e+00
1.091180436753909078e+00,2.690979255491208200e+00
1.093571115912238101e+00,2.693429295194321504e+00
1.095945732362649139e+00,2.696038573665195504e+00
1.098177037068508888e+00,2.698293928563237021e+00
1.099963578254223862e+00,2.700286936704157092e+00
1.102467264637983169e+00,2.702509087793164788e+00
1.104567552084767312e+00,2.704591096969265696e+00
1.106580132469969779e+00,2.706580409165083356e+00
1.108536119299735612e+00,2.708645489493218150e+00
1.110416499753470010e+00,2.710417282374598003e+00
1.112191452477984122e+00,2.712095792737596156e+00
1.114011084070076540e+00,2.714546355316353576e+00
1.115681261977193861e+00,2.715667584066247642e+00
1.117348060144907507e+00,2.717273087876671767e+00
1.118947094061538916e+00,2.718884886210054752e+00
1.120463531396646228e+00,2.720433650212979337e+00
1.121947418008342190e+00,2.722594550228789601e+00
1.123306251237542241e+00,2.723530969559027515e+00
1.124639706136151496e+00,2.724422344496205461e+00
1.125925729986374080e+00,2.726261689665723686e+00
1.127074377717809162e+00,2.726272284523487688e+00
1.128329411970347529e+00,2.728589498390692647e+00
1.129393253731934887e+00,2.729131342390719972e+00
1.130410697743459592e+00,2.729823122775422384e+00
1.131455058467683683e+00,2.731410279141834430e+00
1.132354170326562048e+00,2.732012010432542937e+00
1.133206442058956487e+00,2.733057266952997111e+00
1.134022471851658720e+00,2.733824886740381377e+00
1.134791601032591579e+00,2.734630022555412765e+00
1.135479233549762768e+00,2.735323753351011078e+00
1.136123731591923258e+00,2.737271371021952948e+00
1.136700625334816639e+00,2.736326272110191304e+00
1.137220624247368139e+00,2.737088752228379107e+00
1.137685958712433498e+00,2.737730082712582558e+00
1.138112414594623978e+00,2.737858788834854451e+00
1.138612195902674040e+00,2.738190185614614691e+00
1.138832748831710262e+00,2.738571939998300397e+00
1.139038254178585285e+00,2.738390835678321089e+00
1.139210885179415378e+00,2.738892479920768341e+00
1.139351974331225703e+00,2.738744234795102095e+00
1.139422082047389262e+00,2.739608708215541810e+00
1.139511368651372258e+00,2.739187037279362080e+00
1.139472215531759147e+00,2.739830929495362888e+00
1.139409748933567057e+00,2.739176994322710890e+00
1.139280628189606404e+00,2.739317039213887028e+00
1.139088409500649934e+00,2.738901367613718385e+00
1.138848873365138070e+00,2.738730715164696683e+00
1.138595165228501793e+00,2.737872172513187152e+00
1.138268567451207858e+00,2.738050317922005483e+00
1.137885624446810073e+00,2.737636319301555154e+00
1.136835726537607671e+00,2.737188572111382001e+00
1.137062811857196820e+00,2.736678163989104462e+00
1.134263897180708192e+00,2.736035843486017249e+00
1.135891229537584479e+00,2.735245953980609990e+00
1.135250757761580465e+00,2.735021297579202759e+00
1.134600787239993691e+00,2.734267284261975295e+00
1.133886440544741525e+00,2.733634029602701965e+00
1.133087035119781927e+00,2.732708632012712968e+00
1.132285690784929244e+00,2.729460564356507746e+00
1.131449580198785831e+00,2.731303784974439708e+00
1.130540533449161611e+00,2.730286097737643747e+00
1.129538759909173962e+00,2.729268185322690776e+00
1.128607971130354715e+00,2.728331008469112806e+00
1.127574714075511242e+00,2.727144884483617027e+00
1.126601503515360481e+00,2.726157513903538110e+00
1.125365403402677655e+00,2.725082069661887818e+00
1.124192262158560496e+00,2.725308438906139052e+00
1.122972233555424415e+00,2.722479835107562085e+00
1.121694122083162881e+00,2.721405055119083816e+00
1.120431561279944033e+00,2.719380725120114306e+00
1.119109612027330725e+00,2.718893258251135592e+00
1.117715947645136154e+00,2.717468297857498882e+00
1.116304703012894528e+00,2.716092514476867059e+00
1.114835878592055574e+00,2.714175005613141956e+00
1.113253757838621683e+00,2.712917186724948415e+00
1.111792586790438131e+00,2.711578333486147407e+00
1.110247412004013556e+00,2.710084267293654037e+00
1.108598821120069466e+00,2.708324801615934696e+00
1.106998350326837022e+00,2.706950378411765890e+00
1.105305978696533131e+00,2.704741850868147779e+00
1.103568403038277967e+00,2.697845661368277526e+00
1.101823506818797815e+00,2.701510691390116126e+00
1.100032927989482268e+00,2.699981695724655850e+00
1.098226630480890975e+00,2.698801886156132035e+00
1.096409723615935583e+00,2.696294205681771139e+00
1.094433074210678702e+00,2.694042392935018349e+00
1.092573917135825745e+00,2.692441249495638012e+00
1.090641860916592654e+00,2.690494130731492461e+00
1.088617487798482664e+00,2.688407373050495597e+00
1.086654810802593962e+00,2.686428861681512181e+00
1.084519911037370221e+00,2.684314082878314522e+00
1.082507514813747740e+00,2.682472808112899010e+00
1.080369598791128372e+00,2.676950161483300228e+00
1.078224215751355075e+00,2.677998697868376965e+00
1.076055035318846720e+00,2.676083260225903260e+00
1.073881183365289482e+00,2.673635558894557285e+00
1.071668802997737258e+00,2.671560633547661823e+00
1.069392781662701797e+00,2.669270697109576762e+00
1.067111566662096056e+00,2.667054066502895893e+00
1.064825045731666142e+00,2.664786283701445768e+00
1.062651833681815372e+00,2.662515872507186465e+00
1.060168508049369462e+00,2.660208730837794633e+00
1.057786741650148743e+00,2.658009461779580640e+00
1.055392870784475079e+00,2.655612318640657055e+00
1.053015493694389182e+00,2.655218519156193224e+00
1.050604077019846150e+00,2.650479104774115413e+00
1.048153000859321615e+00,2.648120301691760492e+00
1.045616587315348234e+00,2.645472288201755617e+00
1.043146603397180128e+00,2.643343490687382058e+00
1.040642543696791877e+00,2.640484148499039563e+00
1.038078788234348293e+00,2.639732845400263095e+00
1.035523493644941340e+00,2.635531815560591795e+00
1.036088010105431501e+00,2.632901138998835933e+00
1.030396178295964305e+00,2.630441851283513266e+00
1.027821918111650135e+00,2.627442504061269446e+00
1.025161372728299325e+00,2.625445267175433806e+00
1.022568240535943751e+00,2.622648595490181478e+00
1.019954166903774828e+00,2.619935175267771754e+00
1.017279923864913949e+00,2.617267259379411293e+00
1.014610786650919305e+00,2.614639953690526930e+00
1.011946887358831981e+00,2.612003994577216659e+00
1.009299482121266855e+00,2.609229516385759950e+00
1.006550088882548044e+00,2.606276991528607923e+00
1.003844879311149185e+00,2.603810988695724582e+00
1.001121010164375491e+00,2.601116456053579107e+00
9.984258523862330481e-01,2.600475844221842081e+00
9.957578038319292446e-01,2.595750671763559225e+00
9.929513113780370492e-01,2.592792416064684247e+00
9.899497047468787114e-01,2.590058970472383315e+00
9.877847338300992375e-01,2.587462766030127703e+00
9.847260764563533497e-01,2.583495631686272276e+00
9.786316167420010537e-01,2.581874973533786477e+00
9.792847059058525927e-01,2.579214515990492007e+00
9.765837818276126292e-01,2.576562409984878066e+00
9.739312902276205941e-01,2.572811224312246736e+00
9.712980963715506233e-01,2.570750177213251497e+00
9.686690834495552682e-01,2.568636412979751427e+00
9.660944558072430688e-01,2.566109079068727983e+00
9.635066891837242853e-01,2.563521206749683756e+00
9.608832647713372310e-01,2.560926679588273025e+00
9.584912500836880733e-01,2.558697639104578148e+00
9.559459443922491140e-01,2.555967966541676351e+00
9.535246077460816094e-01,2.553436211267600786e+00
9.511046990382028277e-01,2.550906064913738280e+00
9.486253127288035714e-01,2.548570971236745919e+00
9.463981070222760028e-01,2.546091798289422670e+00
9.441667755556267805e-01,2.543928209403270913e+00
9.415729386843445514e-01,2.541526022800930207e+00
9.393383754477115932e-01,2.538986566617150942e+00
9.370263517005142928e-01,2.536691048631961820e+00
9.347681402433913878e-01,2.534619877546026245e+00
9.324520838668699518e-01,2.532349725485505409e+00
9.303397393955497030e-01,2.530161953860434743e+00
9.281476486564758099e-01,2.527828751124102880e+00
9.259989771581130791e-01,2.526848913215687720e+00
9.239108711359856896e-01,2.524687790656178876e+00
9.217947756525591840e-01,2.521442284331279371e+00
9.197065401930774042e-01,2.519409836103243094e+00
9.176577639563918698e-01,2.517242284384689555e+00
9.155969814242489457e-01,2.515226953454058112e+00
9.136674151523481724e-01,2.513410742280806076e+00
9.116988614863018592e-01,2.511376610602202852e+00
9.097680061569839438e-01,2.509355821055320845e+00
9.078683042403705716e-01,2.507406117422533498e+00
9.059594820244218916e-01,2.505498574329576122e+00
9.041471353030907654e-01,2.503703568570334159e+00
9.022804270682647232e-01,2.501813729857208735e+00
9.005302529633967268e-01,2.499542890742045831e+00
8.987481256634984872e-01,2.497976241945263354e+00
8.969135736432539696e-01,2.496446359374556501e+00
8.952658200883691908e-01,2.494739417824891170e+00
8.935530356536611762e-01,2.492967338783192321e+00
8.919375747356028672e-01,2.491187818475000704e+00
8.903112007433146013e-01,2.489624591159131928e+00
8.886893787414493762e-01,2.487939569974001230e+00
8.871765698011787604e-01,2.486573246741762944e+00
8.855996117522804134e-01,2.466906026217730918e+00
8.841090833639322355e-01,2.483338306773796411e+00
8.825737177372169340e-01,2.481596017936365417e+00
8.811249073508471419e-01,2.480271788289764245e+00
8.796814400690575741e-01,2.478339017884970019e+00
8.782907098101033760e-01,2.477565076722298976e+00
8.769439445475332162e-01,2.475904372533233033e+00
8.756148195955915092e-01,2.474625983948696373e+00
8.740632737694126186e-01,2.473321967618960393e+00
8.730343377638396518e-01,2.471905000519364570e+00
8.717741484480557856e-01,2.470655285320218830e+00
8.705281389665997516e-01,2.469254587121199940e+00
8.693779100499403611e-01,2.468198888386611500e+00
8.681899778365240739e-01,2.467157273808877171e+00
8.670877241317662687e-01,2.465881147075971391e+00
8.659544921266872919e-01,2.464667755182104791e+00
8.648171856059962970e-01,2.466410044040540761e+00
8.638570737254088749e-01,2.462266671332116630e+00
8.628434741395765162e-01,2.461506462817315999e+00
8.618845601183258154e-01,2.460289016859216638e+00
8.609393054687667357e-01,2.458596431584147979e+00
8.600068344256487363e-01,2.458561100805328081e+00
8.591037773367876662e-01,2.457369731887255604e+00
8.582577775189733638e-01,2.456508450641337937e+00
8.574487800481285227e-01,2.455683154596998818e+00
8.566455960789117752e-01,2.454799896175703822e+00
8.559468133283568703e-01,2.454037096993002542e+00
8.551498142604625485e-01,2.453308271740620050e+00
8.544845688963210728e-01,2.452664522059157637e+00
8.545718550003498226e-01,2.451784539466302704e+00
8.531763740813995689e-01,2.452148557477144664e+00
8.525530746636728052e-01,2.450696491712458513e+00
8.520102946150791556e-01,2.449791507968723359e+00
8.514462143339645017e-01,2.449230853351100912e+00
8.509490719427734717e-01,2.448669395560029827e+00
8.504504310618925533e-01,2.448053280385832142e+00
8.500265044314760932e-01,2.447592558789046358e+00
8.496446511723194650e-01,2.447093603238994053e+00
8.492283098121676810e-01,2.446707747095203445e+00
8.489606317404381208e-01,2.446550093416008043e+00
8.485677984120756356e-01,2.445865095673598777e+00
8.483268809527765297e-01,2.445476888388570913e+00
8.480819617597984417e-01,2.445285356673010391e+00
8.477766171714062882e-01,2.444950684401505647e+00
8.476610972755364015e-01,2.444719545959381790e+00
8.475190015800562193e-01,2.444478808144654458e+00
8.473969520592743443e-01,2.444284168447190098e+00
8.470118050169687107e-01,2.443766183694407790e+00
8.472953001858620770e-01,2.443055008162108521e+00
8.473478029360990149e-01,2.443936873069155524e+00
8.472955488615444564e-01,2.443953850153818941e+00
8.474408664331536389e-01,2.443897172484338132e+00
8.474519986248364445e-01,2.443753309685235742e+00
8.475393058034241811e-01,2.443985314764407946e+00
8.477110390039523935e-01,2.443084978802818164e+00
8.479205866064273289e-01,2.444029437836172214e+00
8.475196426997023691e-01,2.444259818920372584e+00
8.484177791012696979e-01,2.444378705554530740e+00
8.487072754095200677e-01,2.444609474916190628e+00
8.490574094120351134e-01,2.444868834871321894e+00
8.493687802752289961e-01,2.445146768662076475e+00
8.498180321289803274e-01,2.445411914876277848e+00
8.501820573033310735e-01,2.445819128054675051e+00
8.506683439746709485e-01,2.445236319186006924e+00
8.511876640521821580e-01,2.446626018958065529e+00
8.517320581904126442e-01,2.446522340803431561e+00
8.522779765686072651e-01,2.447413718831771945e+00
8.528753533357238403e-01,2.447928977882034118e+00
8.535533498908542960e-01,2.448515486519880824e+00
8.542382639962715629e-01,2.449224993766636604e+00
8.549960395776994293e-01,2.449728934508986988e+00
8.556916286712118458e-01,2.450357672351687555e+00
8.564657255079008991e-01,2.450728597087403315e+00
8.573310498237458610e-01,2.451581514079099300e+00
8.581454529501318929e-01,2.452530142784587142e+00
8.591254104948400361e-01,2.453428978368517477e+00
8.599843494831538315e-01,2.454217540257472407e+00
8.608925271659416678e-01,2.455145962305886886e+00
8.620800883558837890e-01,2.456033527586965803e+00
8.630108384631637319e-01,2.456855936385650807e+00
8.640942741975687902e-01,2.457897210621477591e+00
8.651963630151165985e-01,2.458943698433044389e+00
8.663119500549479879e-01,2.459922369318144675e+00
8.675309856803921083e-01,2.460982134582301306e+00
8.685304600723674495e-01,2.462077139719943020e+00
8.700170140402871954e-01,2.463317445012745743e+00
8.712955932399316650e-01,2.464429196430203639e+00
8.726587102713607713e-01,2.465619880238163475e+00
8.740126049197288749e-01,2.467227542080317804e+00
8.754396554877761361e-01,2.468197894266999093e+00
8.768724478886223972e-01,2.469523318418535673e+00
8.783713146734485333e-01,2.470862250300499774e+00
8.799102212579621440e-01,2.472285835003154908e+00
8.814819117417223016e-01,2.473703779539746073e+00
8.830745063143361495e-01,2.475175636863111706e+00
8.846937248110994245e-01,2.476677368438586768e+00
8.863830177080954664e-01,2.478367751768632665e+00
8.880557059516376306e-01,2.479854947599880788e+00
8.898214630286395144e-01,2.479429659324924984e+00
8.916301054806936577e-01,2.483126829829971349e+00
8.935106451035539354e-01,2.485493974497982705e+00
8.953970673210123188e-01,2.486469262033067729e+00
8.972083834543730374e-01,2.488324706454467794e+00
8.991878480663810791e-01,2.489784767808201238e+00
9.010422329088743076e-01,2.491932431305350804e+00
9.032007835608413249e-01,2.493570357930915193e+00
9.052228975827211199e-01,2.495664506343672873e+00
9.073536809791105107e-01,2.497577321306770237e+00
9.094229564682088096e-01,2.499625463996722807e+00
9.116978200341741001e-01,2.501627967598206048e+00
9.139371686479735857e-01,2.502603342391594765e+00
9.162005607038475885e-01,2.505879686720185351e+00
9.184879355176400750e-01,2.508112631125018588e+00
9.208108483007816369e-01,2.510214236829789947e+00
9.232027754297610356e-01,2.512452008243360346e+00
9.256236090461098520e-01,2.514662237785016963e+00
9.280586693225330031e-01,2.517072792442793805e+00
9.305646934259685921e-01,2.519037079921049305e+00
9.331176357337357397e-01,2.521617477312776856e+00
9.357180352329287354e-01,2.524309904353138734e+00
9.382858744002805507e-01,2.526481118982032203e+00
9.412072171979274371e-01,2.554792242079577669e+00
9.436739959785809262e-01,2.531550217404236580e+00
9.464448292395545304e-01,2.534073258037652820e+00
9.492319526712155175e-01,2.536664207182554254e+00
9.520348445276829441e-01,2.539538853850665134e+00
9.549031631431086353e-01,2.542173588643270143e+00
9.577638845167231185e-01,2.541145623179240864e+00
9.607347031824384764e-01,2.547664581150319130e+00
9.636769917216165826e-01,2.550300122291144778e+00
9.667536826792834104e-01,2.553170456531720589e+00
9.698334196906209792e-01,2.556009603347775716e+00
9.730004284749752541e-01,2.559002443282595074e+00
9.761068429129080570e-01,2.562068342526441000e+00
9.792838783407646908e-01,2.565068339268628428e+00
9.825218513214564187e-01,2.567928997886806730e+00
9.857947895433240015e-01,2.571057841186527249e+00
9.891197491892423921e-01,2.574076796082962915e+00
9.925419473908996260e-01,2.576957377056171783e+00
9.959037052293588932e-01,2.580475962037634297e+00
9.993083095355494994e-01,2.585680930472635808e+00
1.002821326982842987e+00,2.586996790034294946e+00
1.006382391518028552e+00,2.590443212985833021e+00
1.009929460927031286e+00,2.593832924974474707e+00
1.013548884944762030e+00,2.597134519699352495e+00
1.017224500954284627e+00,2.600573047551775208e+00
1.020928874253560714e+00,2.604014083077749397e+00
1.024660781722571024e+00,2.607613469849940024e+00
1.028451020134767413e+00,2.611123547662419497e+00
1.032271621993863020e+00,2.614337901378044116e+00
1.036214660621998407e+00,2.618449704560694258e+00
1.040061081092406248e+00,2.621976838479596061e+00
1.044039545926505941e+00,2.626265904011420460e+00
1.048032483904508760e+00,2.627926721738424121e+00
1.052088790608894264e+00,2.633499801288579967e+00
1.056180882565898038e+00,2.636925755679178529e+00
1.060366037131151629e+00,2.641105209518045172e+00
1.064495149939790553e+00,2.645006235015580742e+00
1.068782777913415361e+00,2.649283745578133065e+00
1.073040321144770992e+00,2.653143952388179905e+00
1.077395499260573430e+00,2.657290389237523698e+00
1.081771072791855914e+00,2.661695398215457864e+00
1.086215291851045706e+00,2.665537050615648162e+00
1.090683531575395548e+00,2.668912632956889297e+00
1.095407101307912745e+00,2.674780285399168456e+00
1.099819193454988131e+00,2.678290437452242490e+00
1.104429076153358391e+00,2.682791191654898100e+00
1.109006222966497646e+00,2.687165010284502831e+00
1.099895032704273135e+00,2.691695870740242746e+00
1.118605272241151916e+00,2.696067979341847831e+00
1.123413944615202276e+00,2.700695651339896308e+00
1.128311819035626495e+00,2.704783756704646436e+00
1.133239709013108998e+00,2.709628246574552257e+00
1.137895169489937075e+00,2.714320007616965569e+00
1.143230590678149472e+00,2.719434818636993434e+00
1.148286412523942923e+00,2.724123767936060148e+00
1.153234599866195031e+00,2.728935216492582860e+00
1.158630575295425125e+00,2.733838467274996464e+00
1.163816831768794913e+00,2.738772731426824869e+00
1.169089913563573280e+00,2.743895003619601258e+00
1.174405800697158497e+00,2.748715695119712255e+00
1.179770434624507924e+00,2.753719491219992044e+00
1.185207697937329163e+00,2.758743406460150815e+00
1.190674521191049884e+00,2.764028026967653151e+00
1.196244536725777241e+00,2.769428079088032568e+00
1.201747713563007025e+00,2.774705524410749469e+00
1.207365112566167298e+00,2.780273592890971202e+00
1.213045539151909935e+00,2.785283286010626913e+00
1.218762665915254839e+00,2.790600250077677202e+00
1.224514476339398250e+00,2.796101010245135576e+00
1.230371278775353128e+00,2.801530511390658340e+00
1.236139956281684826e+00,2.807230074555228327e+00
1.242093712561357588e+00,2.812421051995882770e+00
1.248128892097945197e+00,2.818500013439339646e+00
1.254169344453100798e+00,2.824299192117009305e+00
1.260231949960368025e+00,2.829913428529837738e+00
1.265420615191803932e+00,2.837625017518605297e+00
1.272285560755189504e+00,2.841501133231504106e+00
1.278755462225003026e+00,2.847206763735316670e+00
1.285023753925487400e+00,2.853322669914714282e+00
1.291353443801935397e+00,2.859328355049221670e+00
1.296678052289645500e+00,2.865429952789502188e+00
1.304178096873836346e+00,2.871451391838323985e+00
1.310658484605908614e+00,2.877571968606116748e+00
1.317220946795470748e+00,2.883707793634292749e+00
1.323798938954938720e+00,2.889917596085584961e+00
1.330537674656210090e+00,2.895938502717744001e+00
1.337161590939744515e+00,2.902607428781815990e+00
1.343869485330069669e+00,2.909147799662502365e+00
1.350640852748095089e+00,2.915673781618747462e+00
1.357472740823687518e+00,2.922039726639286350e+00
1.364388113361496568e+00,2.926136046993262241e+00
1.371312540136254032e+00,2.934567578740795213e+00
1.378343224139196188e+00,2.943065624112577439e+00
1.385009365458019115e+00,2.948717008606765333e+00
1.392498655480442160e+00,2.955228832730738553e+00
1.399647850158796114e+00,2.961207067833963258e+00
1.406787853904376107e+00,2.968517307134280081e+00
1.414126808596223084e+00,2.975434251052315737e+00
1.421365954462217918e+00,2.982323224802065020e+00
1.428796205050544277e+00,2.989518785344178475e+00
1.436230143668426162e+00,2.996252048668818446e+00
1.443688873410627460e+00,3.004622672469237088e+00
1.451195708096375991e+00,3.010410677693639236e+00
1.458795715228484724e+00,3.017705884136119288e+00
1.466428985505583205e+00,3.024794895813530893e+00
1.474112478818829119e+00,3.032304004829017963e+00
1.481850393240617070e+00,3.039279743558718216e+00
1.489629062342889387e+00,3.046786966638445726e+00
1.497480836162359941e+00,3.052817059434490332e+00
1.505385492533400260e+00,3.061713026076956723e+00
1.513328315279275360e+00,3.069258651664070747e+00
1.521332609487900056e+00,3.076724722968357639e+00
1.529382961564343280e+00,3.078281166404766900e+00
1.537504218120178789e+00,3.091989393569115840e+00
1.545656636213986301e+00,3.099787284776350127e+00
1.553872517484531812e+00,3.107609829506960075e+00
1.562143221083166722e+00,3.116097571544726996e+00
1.570470506590185833e+00,3.123551622347051193e+00
1.578847200684484697e+00,3.130710300528602552e+00
1.587278225754120697e+00,3.139115749383584841e+00
1.595764754710984334e+00,3.147784031650013858e+00
1.604305387840710750e+00,3.155365773170993648e+00
1.612898954499703441e+00,3.163534814576791199e+00
1.621548198515023520e+00,3.171550093325945063e+00
1.630251177172286958e+00,3.179798020113448587e+00
1.639008925299048958e+00,3.187964386436964226e+00
1.647814582989788779e+00,3.196104598095121041e+00
1.656666174777033262e+00,3.204923856100086788e+00
1.665610574569296176e+00,3.213142654967519718e+00
1.674582740203861553e+00,3.221661840877567684e+00
1.683607953947167779e+00,3.228373262263362520e+00
1.692701778495647069e+00,3.238842864647430986e+00
1.701840753126254047e+00,3.247671775443244258e+00
1.711068615660835679e+00,3.256072279002791170e+00
1.720300221726164480e+00,3.265020673658561634e+00
1.729592621094252713e+00,3.273580127677315765e+00
1.738949443873243794e+00,3.282420091433984055e+00
1.748360964184934252e+00,3.291245921835350252e+00
1.757698993920729258e+00,3.300348855853758145e+00
1.767361539685095684e+00,3.309323239781628345e+00
1.776941138247549068e+00,3.318424701310750180e+00
1.786540618358498866e+00,3.327306421827143090e+00
1.796282267434099245e+00,3.336497403875127610e+00
1.806045862638577137e+00,3.345578466473688728e+00
1.815824956220868813e+00,3.355118640078210035e+00
1.825675134669606070e+00,3.364291875825538014e+00
1.835626390101688488e+00,3.373854416994269023e+00
1.845611827696895801e+00,3.383678995487698238e+00
1.855726138738926112e+00,3.392487149460207796e+00
1.865696346701132713e+00,3.402392954347503107e+00
1.875851556393703490e+00,3.411571902144117097e+00
1.886057903502183386e+00,3.421225585434220839e+00
1.896266779149410997e+00,3.430965770389364344e+00
1.906287727544858646e+00,3.440963899885582045e+00
1.916939852005213885e+00,3.450666705928727929e+00
1.927434387981306063e+00,3.460277909893483717e+00
1.937878491510633072e+00,3.471067075201882624e+00
1.948421973959465037e+00,3.480122076141124232e+00
1.959023817996898842e+00,3.490219398976221576e+00
1.969216875866039551e+00,3.500343100599459412e+00
1.980364830189276892e+00,3.510178353317479960e+00
1.991140917076772654e+00,3.520151242298221739e+00
2.002088432959702846e+00,3.530587662168178653e+00
2.012860419632299447e+00,3.541089358124388298e+00
2.023789240793258948e+00,3.550514104264490101e+00
2.034827557045844060e+00,3.560950618715291505e+00
2.045884644042865297e+00,3.571607729438042611e+00
2.062675776695174434e+00,3.582287427659198720e+00
2.068134724012859582e+00,3.591955557752469552e+00
2.079310335572965407e+00,3.603750128960053978e+00
2.090664673941587282e+00,3.614320605774469897e+00
2.101778570260895762e+00,3.624866704553288521e+00
2.113388802537447653e+00,3.635623111414957087e+00
2.124858890038106907e+00,3.646615829893803173e+00
2.136727413827937738e+00,3.656686060579664499e+00
2.147925581284871654e+00,3.668199623816501997e+00
2.159346572989776725e+00,3.679096370748974998e+00
2.171259777475049724e+00,3.694711796285883310e+00
2.182990969691599226e+00,3.700993772631881562e+00
2.194804758835248837e+00,3.712137002358278259e+00
2.206675634613220360e+00,3.723627106467654713e+00
2.218634731524237402e+00,3.734295264546089399e+00
2.231374121454066994e+00,3.745884013417658309e+00
2.242653667672802165e+00,3.757352413841392291e+00
2.254749085687965504e+00,3.768426226957901193e+00
2.266893780323218088e+00,3.780649844531593473e+00
2.278787725795978325e+00,3.791712761376365926e+00
2.291469891218790966e+00,3.802929324126767874e+00
2.303809812039316007e+00,3.814618917072222892e+00
2.316200429354643653e+00,3.826035911227863906e+00
2.328650958541352622e+00,3.838732925523895112e+00
2.341189331571170484e+00,3.849620981263103481e+00
2.353652912478476189e+00,3.861466806107915595e+00
2.367177549345186982e+00,3.874740110559923068e+00
2.379213927622283453e+00,3.884684320174302208e+00
2.392446410457955253e+00,3.898086251116176904e+00
2.404720114722609825e+00,3.909481176929801904e+00
2.417599569472061560e+00,3.921641252910364805e+00
2.430549707296384643e+00,3.933803650922580886e+00
2.443552531268293748e+00,3.945423495224750887e+00
2.456524470068375710e+00,3.958457655459184821e+00
2.469712453269156782e+00,3.970380359222222211e+00
2.482945939935465862e+00,3.983687673071551139e+00
2.496182848353804218e+00,3.991335797564758536e+00
2.509530364183410356e+00,4.008102277596020890e+00
2.522896431966879405e+00,4.020597012969539641e+00
2.536217195543734704e+00,4.033702897314324076e+00
2.549525128015230457e+00,4.045243085584782072e+00
2.563279644740812380e+00,4.058044828179855124e+00
2.577028269457013465e+00,4.083747163710484962e+00
2.590679105962097495e+00,4.083878015763326097e+00
2.604392885789235557e+00,4.097887836927017524e+00
2.617288928282300198e+00,4.111680803045747012e+00
2.632087624769755330e+00,4.122883592415684362e+00
2.645905861697129158e+00,4.128816848647826276e+00
2.659869361815008659e+00,4.147546014318598040e+00
2.673935072687744885e+00,4.164798962282055150e+00
2.688032100980541905e+00,4.175459009684050038e+00
2.702283715530032993e+00,4.188867033421003860e+00
2.716564042865075468e+00,4.202253545731628570e+00
2.730829521599946297e+00,4.215086748614886858e+00
2.744909324041165277e+00,4.228502058567991106e+00
2.759500206703672021e+00,4.241865329267811902e+00
2.774075900534025862e+00,4.256768890801926553e+00
2.788656646192251287e+00,4.268760369362740725e+00
2.803419096766115892e+00,4.283227886913510751e+00
2.818051983157981333e+00,4.297277568512408941e+00
2.832618830446398839e+00,4.310747418069929005e+00
2.847344382865125034e+00,4.323844860847376737e+00
2.862176747338777361e+00,4.338139612819494673e+00
2.877296713453310950e+00,4.352773268678268970e+00
2.892270784411386408e+00,4.366185909593879977e+00
2.907487079240611116e+00,4.383250174354340167e+00
2.922580615503227897e+00,4.395486722327215823e+00
2.937873221892626674e+00,4.411904903671342915e+00
2.952647033006965849e+00,4.423272764681831504e+00
2.968333522443192152e+00,4.437317211681564011e+00
2.983631787112019929e+00,4.452244897317878092e+00
2.999056177996652472e+00,4.466834321727932711e+00
3.014773697124618401e+00,4.480525483983259782e+00
3.030224034168236713e+00,4.494721782128372922e+00
3.046214254932979593e+00,4.510015274502437777e+00
3.059935953152938204e+00,4.523490470123796570e+00
3.077396669175324284e+00,4.541005993164433541e+00
3.093161592792540660e+00,4.554608460845458673e+00
3.109517385685030000e+00,4.568386299345761792e+00
3.125294431698121045e+00,4.583379487055061041e+00
3.141096414541870274e+00,4.597534337809579874e+00
3.157250461054654345e+00,4.612589320280892302e+00
3.172238297829100162e+00,4.628998739930191952e+00
3.189595015546133006e+00,4.642649106493517586e+00
3.205804355387251725e+00,4.661993961682833643e+00
3.222840152659963486e+00,4.673494153999524059e+00
3.239029906413267490e+00,4.689970102715409261e+00
3.255268667775829350e+00,4.705266028139880596e+00
3.271933278251871968e+00,4.721766446721312960e+00
3.285920522273010569e+00,4.735510137000428443e+00
3.304268555243453420e+00,4.751803308523609104e+00
3.321850159256027446e+00,4.767310689410991564e+00
3.338716693443346095e+00,4.782923884564502792e+00
3.355649669797686308e+00,4.796153976868980706e+00
3.371015847089791961e+00,4.814270583718778695e+00
3.389990385813812956e+00,4.829870724518624314e+00
3.406573607266077275e+00,4.864845838105888554e+00
3.423936539991206729e+00,4.864144082737420050e+00
3.441205669678490509e+00,4.878134723241265291e+00
3.458386261683827456e+00,4.891765145453651265e+00
3.475867675225253528e+00,4.911191341106806441e+00
3.494789435138665468e+00,4.926119432693436551e+00
3.510969436685878797e+00,4.942814578382806801e+00
3.527917070174925840e+00,4.958479049508015990e+00
3.545230858889032000e+00,4.968935699026857833e+00
3.564006756825979672e+00,4.994165526586478165e+00
3.581437364614814101e+00,5.008628356155484518e+00
3.599621979686888018e+00,5.024510721327481555e+00
3.616645634791303188e+00,5.040271656006691359e+00
3.635038408100316865e+00,5.039472339734130557e+00
3.653486493433500293e+00,5.073673377050518241e+00
3.670963381896949151e+00,5.091944872966619684e+00
3.690221297000150891e+00,5.108353701298723237e+00
3.707857710812501928e+00,5.126564483929736404e+00
3.725797228881044809e+00,5.139697355535854051e+00
3.744700630555664489e+00,5.161452292861032909e+00
3.763580841384272624e+00,5.177269964293389037e+00
3.774146113538491498e+00,5.194199204399319925e+00
3.801533272191602641e+00,5.212763278601300065e+00
3.819360790563694152e+00,5.229481724535316900e+00
3.838150482202510538e+00,5.247824350827711370e+00
3.857022793475716860e+00,5.264128624913018584e+00
3.876135219631477113e+00,5.280138162823352133e+00
3.897434724974199405e+00,5.301246167926866981e+00
3.914132381683839590e+00,5.318638013718144819e+00
3.933187804901448814e+00,5.331925014741240254e+00
3.952253383489870764e+00,5.351251569810380637e+00
3.971977494997033453e+00,5.370534726124569502e+00
3.985720145910353729e+00,5.387985189536721009e+00
4.010348554912584795e+00,5.445829706731545983e+00
4.028641926456147715e+00,5.426581946009164881e+00
4.050138922061250035e+00,5.441390935651424954e+00
4.069495451767625838e+00,5.458922629805240234e+00
4.089602244193685898e+00,5.479330447462819720e+00
4.108527428929751757e+00,5.508857738840787555e+00
4.130868713619798349e+00,5.515779048521045169e+00
4.147722069326442274e+00,5.531898535987198606e+00
4.168574656151828428e+00,5.552740818508451248e+00
4.188603061224305257e+00,5.571473653668403081e+00
4.208752423429852563e+00,5.588931876412023492e+00
4.229431509302356673e+00,5.606083440132141327e+00
4.249470825693516751e+00,5.629140518217028877e+00
4.271055565774905638e+00,5.647249963742242862e+00
4.290868343971072640e+00,5.665959294834033599e+00
4.311342206177817715e+00,5.686696826253555770e+00
4.330905111327242096e+00,5.701603418356416597e+00
4.352851850621441088e+00,4.258773470756579194e+00
4.372988038306472980e+00,5.740343150337893441e+00
4.394287120053819606e+00,5.760969215867093318e+00
4.415058217438085464e+00,5.788230355857282738e+00
4.435574127323448579e+00,5.804862377186500666e+00
4.458435857024579008e+00,5.818184836305637653e+00
4.477993330858953236e+00,5.833216737117999706e+00
4.498098001250521172e+00,5.858029959246477958e+00
4.524583410318661514e+00,5.875036933604817158e+00
4.541850062232274610e+00,5.897798498887726559e+00
4.559305912539830530e+00,5.915915134032889711e+00
4.585370511930099369e+00,5.935638235682672459e+00
4.606423698090094554e+00,5.956580617748815420e+00
4.628512420496202040e+00,5.976366090677133869e+00
4.651561493312331486e+00,5.985256030402377192e+00
4.672310297724879824e+00,6.011296691406684545e+00
4.694730211081178162e+00,6.036525006111332914e+00
4.716672566600058403e+00,6.058488870216534927e+00
4.738363723843789010e+00,6.076571173366363432e+00
4.760254107177851246e+00,6.101448643512880743e+00
4.782786869986444422e+00,6.116274409259922606e+00
4.805552400429556670e+00,6.137272223157246742e+00
4.826988749804324463e+00,6.162772566056548662e+00
4.849899595412642483e+00,6.178605093986191399e+00
4.872963451355035502e+00,6.204303019008162501e+00
4.896932609794519387e+00,6.218415118219294158e+00
4.918624519517043936e+00,6.245329922627196773e+00
4.942258995148510969e+00,6.268138233702647888e+00
4.964378811278821857e+00,6.284158724713599931e+00
4.987725067136566715e+00,6.307166634065471733e+00
5.010400927582286279e+00,6.328962373776753303e+00
5.033538842781007716e+00,6.346224997335408347e+00
5.057269374216799562e+00,6.369544898413876943e+00
5.079895944832430565e+00,6.390861664356424221e+00
5.098368029657455835e+00,6.413928185869257170e+00
5.128467957540776112e+00,6.436993421152485517e+00
5.150359856304913109e+00,6.457223393404111000e+00
5.174151211186710952e+00,6.476710559581166926e+00
5.197617818696333103e+00,6.494931973019953730e+00
5.221693111820743027e+00,6.520668891203084350e+00
5.245924305377871022e+00,6.545285002325913482e+00
5.269874020207602427e+00,6.546051440265213905e+00
5.295150852999900515e+00,6.588185004213324092e+00
5.317827129125453745e+00,6.610859127409507430e+00
5.340572079035087683e+00,6.602375962053281810e+00
5.367617776809561647e+00,6.663093774897897781e+00
5.391674691928376006e+00,6.675147616221886793e+00
5.416240917382394215e+00,6.693859829795579586e+00
5.440696344171497500e+00,6.719846201347414727e+00
5.464213544113900589e+00,6.755548162917692778e+00
5.489306684839863948e+00,6.770212584963938518e+00
5.509298764393156134e+00,6.788577786484049525e+00
5.542349265950329062e+00,6.829989345242857723e+00
5.573509769588863350e+00,6.832322247962969719e+00
5.588266968680851043e+00,6.857146392514169797e+00
5.615474190914947705e+00,6.878867460940777612e+00
5.637700870188875335e+00,6.903225036768375844e+00
5.665703342818815713e+00,6.926783796748125610e+00
5.711225480731529025e+00,6.957112582579145332e+00
6.483807756198465277e+00,6.973973657662969394e+00
5.736083436482718234e+00,7.000094111963472976e+00
5.769730564963726493e+00,7.023055422465970032e+00
5.794173603740835787e+00,7.050707056015869334e+00
5.820557458005802154e+00,7.066090675774238328e+00
5.846973277099663413e+00,7.089266825578628861e+00
5.879797392365645692e+00,7.118140747918945799e+00
5.896361627301086372e+00,7.138516616952225391e+00
5.923760973396559493e+00,7.164555851963226196e+00
5.951770067223572269e+00,7.184924145949074692e+00
5.977788054199705492e+00,7.207091313471599925e+00
6.004275166144190656e+00,7.235780717652758653e+00
6.031732729850612706e+00,7.262487966637709569e+00
6.057965174678311193e+00,7.285558911286922346e+00
6.086526900360076375e+00,7.311770285456960394e+00
6.109594558113255580e+00,7.336956595999770236e+00
6.139200921923243293e+00,7.358145429267018756e+00
6.166158335202592156e+00,7.383455064479035990e+00
6.225166753109765416e+00,7.406088856673814114e+00
6.220350498357558600e+00,7.451830790513244374e+00
6.252141622606575133e+00,7.462866390562832741e+00
6.275595294698879556e+00,7.483195078767734820e+00
6.306437635309043443e+00,7.512411223665189652e+00
6.325693722909647931e+00,7.534513126001455952e+00
6.357838536706950094e+00,7.555773128727865995e+00
6.385886166619408222e+00,7.596197696573868896e+00
6.385944460088312624e+00,7.609444611829720095e+00
6.437368055331138983e+00,7.638743393063404774e+00
6.469303175248966475e+00,7.658819033658939013e+00
6.499855713003592328e+00,7.690598693938539121e+00
6.522764357556403603e+00,7.715011361362065223e+00
6.549559955823593960e+00,7.741230777331215229e+00
6.584615321119851039e+00,7.799009578833206113e+00
6.614808476438641449e+00,7.787727342057813473e+00
6.642954157176125030e+00,7.832479888631218579e+00
6.669843286476697664e+00,7.846832085946937596e+00
6.698318730477811123e+00,7.860521476768663085e+00
6.728693705098867106e+00,7.895140788628613571e+00
6.758456724466626042e+00,7.914454886129779432e+00
6.788330238161477403e+00,7.936896700929691129e+00
6.814799200516683975e+00,7.978527595565118702e+00
6.854401176010888719e+00,7.999434878764448698e+00
6.875647208736157090e+00,8.032494744748365889e+00
6.903623299849930284e+00,8.073449170311759460e+00
6.940915631698669763e+00,8.079006187134988082e+00
6.963814110404647373e+00,8.086997787667318249e+00
6.997150566448925524e+00,8.135132046972431752e+00
7.026159505752460177e+00,8.160530506055991395e+00
7.056386736098843926e+00,8.172613112076909658e+00
7.088281049486399255e+00,8.231769952717492345e+00
7.111511847959415711e+00,8.255939454561058710e+00
7.146399659465434873e+00,8.157118622624095039e+00
7.178653070554560145e+00,8.297659593946718815e+00
7.211629339490601254e+00,8.327683870032318580e+00
7.237375968225953748e+00,7.825296390086234233e+00
7.275983513175869000e+00,8.377096970810157472e+00
7.297349304866147968e+00,8.416239939833667805e+00
7.361844251493365299e+00,8.458512813231180871e+00
7.362820428881578394e+00,8.492019195395053899e+00
7.399648548391995817e+00,8.498163037468017933e+00
7.432595588335800585e+00,8.548062929180167302e+00
