-2.671777039606198834e+00,-1.671777039606198834e+00
-2.643071784402551749e+00,-1.643071784402551749e+00
-2.608640140198845270e+00,-1.608640140198845270e+00
-2.574573563276840726e+00,-1.574573563276840726e+00
-2.540864439090829929e+00,-1.540864439090829929e+00
-2.507505321714831759e+00,-1.507505321714831759e+00
-2.474489289536551784e+00,-1.474489289536551784e+00
-2.441809035214773438e+00,-1.441809035214773438e+00
-2.409458293361413261e+00,-1.409458293361413261e+00
-2.377430204944106951e+00,-1.377430204944106951e+00
-2.345718986507708159e+00,-1.345718986507708159e+00
-2.314318408437765040e+00,-1.314318408437765040e+00
-2.283222577553348565e+00,-1.283222577553348565e+00
-2.252426082199059820e+00,-1.252426082199059820e+00
-2.221923214468002783e+00,-1.221923214468002783e+00
-2.191708985878123350e+00,-1.191708985878123350e+00
-2.161778183725141744e+00,-1.161778183725141744e+00
-2.132125800979597141e+00,-1.132125800979597141e+00
-2.102747163366148531e+00,-1.102747163366148531e+00
-2.073637654346332848e+00,-1.073637654346332848e+00
-2.044792593093062383e+00,-1.044792593093062383e+00
-2.016207747361365321e+00,-1.016207747361365321e+00
-1.987878939235543374e+00,-9.878789392355433741e-01
-1.959801954071212604e+00,-9.598019540712126041e-01
-1.931972792784283577e+00,-9.319727927842835769e-01
-1.904387646208040907e+00,-9.043876462080409073e-01
-1.877042826609133686e+00,-8.770428266091336855e-01
-1.849934647143359090e+00,-8.499346471433590899e-01
-1.823059348633400578e+00,-8.230593486334005782e-01
-1.796413633241441099e+00,-7.964136332414410990e-01
-1.769994253860876388e+00,-7.699942538608763876e-01
-1.743797692784523568e+00,-7.437976927845235675e-01
-1.717820917478631637e+00,-7.178209174786316371e-01
-1.692060810036352336e+00,-6.920608100363523363e-01
-1.666514399471783703e+00,-6.665143994717837028e-01
-1.641178546535671634e+00,-6.411785465356716340e-01
-1.616050750064864427e+00,-6.160507500648644275e-01
-1.591127930796468970e+00,-5.911279307964689700e-01
-1.566407425095432959e+00,-5.664074250954329592e-01
-1.541886634271771861e+00,-5.418866342717718609e-01
-1.517562863403527196e+00,-5.175628634035271958e-01
-1.493433727170735414e+00,-4.934337271707354144e-01
-1.469496725969120732e+00,-4.694967259691207317e-01
-1.445749428593082975e+00,-4.457494285930829747e-01
-1.422189459286778535e+00,-4.221894592867785345e-01
-1.398814583184032179e+00,-3.988145831840321787e-01
-1.375622572001966359e+00,-3.756225720019663594e-01
-1.352611245798792217e+00,-3.526112457987922166e-01
-1.329778355050143634e+00,-3.297783550501436345e-01
-1.307121978387173700e+00,-3.071219783871736997e-01
-1.284639837908286619e+00,-2.846398379082866192e-01
-1.262330243384474304e+00,-2.623302433844743042e-01
-1.240190925982704861e+00,-2.401909259827048615e-01
-1.218220240075253313e+00,-2.182202400752533133e-01
-1.196416218180930802e+00,-1.964162181809308017e-01
-1.174777018333341916e+00,-1.747770183333419158e-01
-1.153300673646027841e+00,-1.533006736460278407e-01
-1.131985762093195236e+00,-1.319857620931952358e-01
-1.110830357958955128e+00,-1.108303579589551280e-01
-1.089832799924812301e+00,-8.983279992481230103e-02
-1.068991484474662856e+00,-6.899148447466285639e-02
-1.048304672009807703e+00,-4.830467200980770315e-02
-1.027770936914284006e+00,-2.777093691428400568e-02
-1.007388565389642165e+00,-7.388565389642165471e-03
-9.871562200319822233e-01,1.284377996801777666e-02
-9.670722747010145337e-01,3.292772529898546630e-02
-9.471352542298194788e-01,5.286474577018052123e-02
-9.273437986302980329e-01,7.265620136970196707e-02
-9.076964556426028174e-01,9.230354435739718255e-02
-8.881918923532040600e-01,1.118081076467959400e-01
-8.688286310274684343e-01,1.311713689725315657e-01
-8.496054888722116560e-01,1.503945111277883440e-01
-8.305210827787546934e-01,1.694789172212453066e-01
-8.115741215154003152e-01,1.884258784845996848e-01
-7.927633759116921031e-01,2.072366240883078969e-01
-7.740875965413974713e-01,2.259124034586025287e-01
-7.555455685713583502e-01,2.444544314286416498e-01
-7.371361083691820859e-01,2.628638916308179141e-01
-7.188580484648910973e-01,2.811419515351089027e-01
-7.007103301924096916e-01,2.992896698075903084e-01
-6.826915605002287224e-01,3.173084394997712776e-01
-6.648008900597122128e-01,3.351991099402877872e-01
-6.470371515128207074e-01,3.529628484871792926e-01
-6.293992033577260337e-01,3.706007966422739663e-01
-6.118860361379979684e-01,3.881139638620020316e-01
-5.944966848950183902e-01,4.055033151049816098e-01
-5.772300034777759770e-01,4.227699965222240230e-01
-5.600850496790200639e-01,4.399149503209799361e-01
-5.430609122436138581e-01,4.569390877563861419e-01
-5.261564721137557132e-01,4.738435278862442868e-01
-5.093709512628178393e-01,4.906290487371821607e-01
-4.927033088877663114e-01,5.072966911122336331e-01
-4.761525432009087733e-01,5.238474567990911712e-01
-4.597178958156392659e-01,5.402821041843607341e-01
-4.433984429898036317e-01,5.566015570101963128e-01
-4.271932319562740110e-01,5.728067680437259890e-01
-4.111015155728821036e-01,5.888984844271178964e-01
-3.951223151381502152e-01,6.048776848618497848e-01
-3.792548726643230061e-01,6.207451273356769939e-01
-3.634984199158704521e-01,6.365015800841296034e-01
-3.478519507492746077e-01,6.521480492507254478e-01
-3.323148766131688303e-01,6.676851233868311697e-01
-3.168863246912599352e-01,6.831136753087401203e-01
-3.015655242964063176e-01,6.984344757035936269e-01
-2.863516835002605787e-01,7.136483164997393658e-01
-2.712441345385701030e-01,7.287558654614298970e-01
-2.562421023141557286e-01,7.437578976858443269e-01
-2.413448241291739349e-01,7.586551758708260929e-01
-2.265516090975513430e-01,7.734483909024486570e-01
-2.118617254568379848e-01,7.881382745431619874e-01
-1.972745501745307162e-01,8.027254498254692283e-01
-1.827893784766408403e-01,8.172106215233592152e-01
-1.684054945887314969e-01,8.315945054112685586e-01
-1.541223296873929227e-01,8.458776703126070773e-01
-1.399391445482911223e-01,8.600608554517088500e-01
-1.258552452125830390e-01,8.741447547874169333e-01
-1.118701960053740119e-01,8.881298039946259326e-01
-9.798317030581553400e-02,9.020168296941845076e-01
-8.419368959666247154e-02,9.158063104033374868e-01
-7.050106475729228661e-02,9.294989352427076579e-01
-5.690474484734216881e-02,9.430952551526577965e-01
-4.340416966933720311e-02,9.565958303306627553e-01
-2.999871144467227205e-02,9.700012885553277453e-01
-1.668783851849959740e-02,9.833121614815003575e-01
-3.470998340446321186e-03,9.965290016595537148e-01
9.652436343334905994e-03,1.009652436343335014e+00
2.268289009424412014e-02,1.022682890094244179e+00
3.562096175072790305e-02,1.035620961750727931e+00
4.846718230306894248e-02,1.048467182303068901e+00
6.122211224124406853e-02,1.061222112241243964e+00
7.388614630434521546e-02,1.073886146304345202e+00
8.645984702647366293e-02,1.086459847026473691e+00
9.894365877595337477e-02,1.098943658775953347e+00
1.113381800707098079e-01,1.111338180070709836e+00
1.236437997544696521e-01,1.123643799754469708e+00
1.358609880759134303e-01,1.135860988075913403e+00
1.479902402316820853e-01,1.147990240231682169e+00
1.600319725925570258e-01,1.160031972592556970e+00
1.719867479258114507e-01,1.171986747925811478e+00
1.838548044245605084e-01,1.183854804424560481e+00
1.956367460804787073e-01,1.195636746080478652e+00
2.073329734977089334e-01,1.207332973497708961e+00
2.189438529017856405e-01,1.218943852901785529e+00
2.304698410771162109e-01,1.230469841077116211e+00
2.419112778320693935e-01,1.241911277832069338e+00
2.532686489084710058e-01,1.253268648908471006e+00
2.645423018560173478e-01,1.264542301856017348e+00
2.757326485107129410e-01,1.275732648510712997e+00
2.868400365243941041e-01,1.286840036524394160e+00
2.978648911869374860e-01,1.297864891186937486e+00
3.088074889596953976e-01,1.308807488959695453e+00
3.196683032838891769e-01,1.319668303283889177e+00
3.304475988160777700e-01,1.330447598816077770e+00
3.411457878359598905e-01,1.341145787835959835e+00
3.517631806959977125e-01,1.351763180695997768e+00
3.623001298931196601e-01,1.362300129893119660e+00
3.727569473553639101e-01,1.372756947355363799e+00
3.831339565803172365e-01,1.383133956580317125e+00
3.934314991525758032e-01,1.393431499152575803e+00
4.036498911282144775e-01,1.403649891128214477e+00
4.137894701295478650e-01,1.413789470129547921e+00
4.238504628639146454e-01,1.423850462863914590e+00
4.338331921488381426e-01,1.433833192148838087e+00
4.437379769444758648e-01,1.443737976944475809e+00
4.535650525048119386e-01,1.453565052504811828e+00
4.633147844154809625e-01,1.463314784415481018e+00
4.729874115064915396e-01,1.472987411506491595e+00
4.825831863505763986e-01,1.482583186350576288e+00
4.921023518336000713e-01,1.492102351833600071e+00
5.015452441623178270e-01,1.501545244162317827e+00
5.109120671410660730e-01,1.510912067141066073e+00
5.202030115646034680e-01,1.520203011564603468e+00
5.294184634607718154e-01,1.529418463460771704e+00
5.385585960980974196e-01,1.538558596098097420e+00
5.476236251937207644e-01,1.547623625193720764e+00
5.566138100003449329e-01,1.556613810000345044e+00
5.655293761441948508e-01,1.565529376144194851e+00
5.743705050542696755e-01,1.574370505054269564e+00
5.831374197439131990e-01,1.583137419743913199e+00
5.918304071471101047e-01,1.591830407147110105e+00
6.004496690025189487e-01,1.600449669002518949e+00
6.089953282168080184e-01,1.608995328216808129e+00
6.174675843093838656e-01,1.617467584309383977e+00
6.258667319510979876e-01,1.625866731951097988e+00
6.341928951170563433e-01,1.634192895117056343e+00
6.424462722159320904e-01,1.642446272215932090e+00
6.506270719930774549e-01,1.650627071993077344e+00
6.587354428761149627e-01,1.658735442876114963e+00
6.667715626029007137e-01,1.666771562602900714e+00
6.747356060992844018e-01,1.674735606099284402e+00
6.826277469171847523e-01,1.682627746917184641e+00
6.904481536505222561e-01,1.690448153650522256e+00
6.981969651441866098e-01,1.698196965144186610e+00
7.058743849407785875e-01,1.705874384940778477e+00
7.134805225171221288e-01,1.713480522517122129e+00
7.210156153743018104e-01,1.721015615374301699e+00
7.284797041725260547e-01,1.728479704172526166e+00
7.358729203517897499e-01,1.735872920351789750e+00
7.431954951639929696e-01,1.743195495163992970e+00
7.504475570576855104e-01,1.750447557057685621e+00
7.576291671432199282e-01,1.757629167143219817e+00
7.647405027451903425e-01,1.764740502745190343e+00
7.717816734249642874e-01,1.771781673424964287e+00
7.787528751167593910e-01,1.778752875116759391e+00
7.856541756838033574e-01,1.785654175683803357e+00
7.924856505896411552e-01,1.792485650589641155e+00
7.992475039370262602e-01,1.799247503937026149e+00
8.059398443483855035e-01,1.805939844348385392e+00
8.125626598839655879e-01,1.812562659883965477e+00
8.191162285492338269e-01,1.819116228549233938e+00
8.256005562754805682e-01,1.825600556275480457e+00
8.320158006151010532e-01,1.832015800615101053e+00
8.383619951987257846e-01,1.838361995198725785e+00
8.446393471850396351e-01,1.844639347185039746e+00
8.508478636587971655e-01,1.850847863658797277e+00
8.569877451017732239e-01,1.856987745101773335e+00
8.630589343356636078e-01,1.863058934335663608e+00
8.690616440891680838e-01,1.869061644089168084e+00
8.749959768025287188e-01,1.874995976802528830e+00
8.808618700492810705e-01,1.880861870049280959e+00
8.866596391708756464e-01,1.886659639170875646e+00
8.923892216570579183e-01,1.892389221657057918e+00
8.980507341820845868e-01,1.898050734182084476e+00
9.036442459594058452e-01,1.903644245959405845e+00
9.091698925358361327e-01,1.909169892535836244e+00
9.146277136965567101e-01,1.914627713696556821e+00
9.200178474356704994e-01,1.920017847435670610e+00
9.253403326688215413e-01,1.925340332668821652e+00
9.305952260663898912e-01,1.930595226066389891e+00
9.357826647728347824e-01,1.935782664772834671e+00
9.409026443866732592e-01,1.940902644386673259e+00
9.459554114348360798e-01,1.945955411434836080e+00
9.509408360894208156e-01,1.950940836089420927e+00
9.558591069387442074e-01,1.955859106938744318e+00
9.607103194080565123e-01,1.960710319408056623e+00
9.654945393998858316e-01,1.965494539399885721e+00
9.702117435050843230e-01,1.970211743505084323e+00
9.748621600580325008e-01,1.974862160058032501e+00
9.794458020979652790e-01,1.979445802097965279e+00
9.839627754501846235e-01,1.983962775450184512e+00
9.884130729867661724e-01,1.988413072986766172e+00
9.927969127454050469e-01,1.992796912745405047e+00
9.971142389614136015e-01,1.997114238961413601e+00
1.001365205571883354e+00,2.001365205571883354e+00
1.005549870095350462e+00,2.005549870095350684e+00
1.009668322992710365e+00,2.009668322992710365e+00
1.013720649494219472e+00,2.013720649494219472e+00
1.017706946843157878e+00,2.017706946843158100e+00
1.021627244581322147e+00,2.021627244581321925e+00
1.025481767088500140e+00,2.025481767088500362e+00
1.029270414221971519e+00,2.029270414221971741e+00
1.032993383116715735e+00,2.032993383116715513e+00
1.036650763013349685e+00,2.036650763013349685e+00
1.040242661865113938e+00,2.040242661865113938e+00
1.043769118346940195e+00,2.043769118346940417e+00
1.047230274905996961e+00,2.047230274905996961e+00
1.050626204498439797e+00,2.050626204498439797e+00
1.053957017312313171e+00,2.053957017312312949e+00
1.057222814182459558e+00,2.057222814182459558e+00
1.060423676816417027e+00,2.060423676816417249e+00
1.063559814915219670e+00,2.063559814915219448e+00
1.066631164155009470e+00,2.066631164155009692e+00
1.069637960337357141e+00,2.069637960337357363e+00
1.072580329405022237e+00,2.072580329405022237e+00
1.075458260658911369e+00,2.075458260658911591e+00
1.078272026849953713e+00,2.078272026849953491e+00
1.081021651906107328e+00,2.081021651906107550e+00
1.083707277950046510e+00,2.083707277950046510e+00
1.086329049622970055e+00,2.086329049622969833e+00
1.088887129665440545e+00,2.088887129665440767e+00
1.091381674345139219e+00,2.091381674345138997e+00
1.093812698116023663e+00,2.093812698116023441e+00
1.096180397311591115e+00,2.096180397311591115e+00
1.098484967343921204e+00,2.098484967343921426e+00
1.100726500549621401e+00,2.100726500549621178e+00
1.102905199583854134e+00,2.102905199583854134e+00
1.105021183975672949e+00,2.105021183975672727e+00
1.107074621361775701e+00,2.107074621361775701e+00
1.109065664059844414e+00,2.109065664059844636e+00
1.110994549826185063e+00,2.110994549826185285e+00
1.112861342329782177e+00,2.112861342329781955e+00
1.114666324258132946e+00,2.114666324258132946e+00
1.116409610495920912e+00,2.116409610495920912e+00
1.118091368639198002e+00,2.118091368639198002e+00
1.119711857076149064e+00,2.119711857076149286e+00
1.121271194935855364e+00,2.121271194935855142e+00
1.122769678038460173e+00,2.122769678038459951e+00
1.124207360522306853e+00,2.124207360522306853e+00
1.125584571743827311e+00,2.125584571743827311e+00
1.126901541508414262e+00,2.126901541508414262e+00
1.128158357878397355e+00,2.128158357878397133e+00
1.129355387305970293e+00,2.129355387305970293e+00
1.130492751261767514e+00,2.130492751261767737e+00
1.131570789346840300e+00,2.131570789346840300e+00
1.132589564158739792e+00,2.132589564158739570e+00
1.133549498513036768e+00,2.133549498513036546e+00
1.134450799813027988e+00,2.134450799813027988e+00
1.135293608284943412e+00,2.135293608284943190e+00
1.136078315989959897e+00,2.136078315989959897e+00
1.136805107392199643e+00,2.136805107392199865e+00
1.137474272715321533e+00,2.137474272715321533e+00
1.138086127753274779e+00,2.138086127753275001e+00
1.138640902841264735e+00,2.138640902841264513e+00
1.139138884673430052e+00,2.139138884673430052e+00
1.139580373980754402e+00,2.139580373980754402e+00
1.139965676039980336e+00,2.139965676039980558e+00
1.140295058092513525e+00,2.140295058092513525e+00
1.140568856491111172e+00,2.140568856491110949e+00
1.140787401852014327e+00,2.140787401852014327e+00
1.140950993836506111e+00,2.140950993836506111e+00
1.141059950526405631e+00,2.141059950526405409e+00
1.141114606693507172e+00,2.141114606693506950e+00
1.141115267545047995e+00,2.141115267545047995e+00
1.141062341419990078e+00,2.141062341419989856e+00
1.140956145190452409e+00,2.140956145190452631e+00
1.140797032135405287e+00,2.140797032135405509e+00
1.140585350663036346e+00,2.140585350663036124e+00
1.140321497364748415e+00,2.140321497364748637e+00
1.140005826951173473e+00,2.140005826951173695e+00
1.139638646214872431e+00,2.139638646214872431e+00
1.139220504047730120e+00,2.139220504047730120e+00
1.138751594385782440e+00,2.138751594385782440e+00
1.138232517227327767e+00,2.138232517227327989e+00
1.137663483306259771e+00,2.137663483306259771e+00
1.137045000967180197e+00,2.137045000967180197e+00
1.136377510860242745e+00,2.136377510860242523e+00
1.135661315987837261e+00,2.135661315987837483e+00
1.134896956628948406e+00,2.134896956628948406e+00
1.134084795931093126e+00,2.134084795931093126e+00
1.133225310005203212e+00,2.133225310005203212e+00
1.132318909829501008e+00,2.132318909829501230e+00
1.131366066462913711e+00,2.131366066462913711e+00
1.130367192104918983e+00,2.130367192104919205e+00
1.129322848427847470e+00,2.129322848427847248e+00
1.128233429048179470e+00,2.128233429048179470e+00
1.127099360865553512e+00,2.127099360865553734e+00
1.125921255930175890e+00,2.125921255930175668e+00
1.124699456722711099e+00,2.124699456722710877e+00
1.123434537348084294e+00,2.123434537348084294e+00
1.122126915724291241e+00,2.122126915724291241e+00
1.120777144389668134e+00,2.120777144389668134e+00
1.119385804393630668e+00,2.119385804393630668e+00
1.117953273608500053e+00,2.117953273608500275e+00
1.116480116823523661e+00,2.116480116823523439e+00
1.114966852295565802e+00,2.114966852295565580e+00
1.113414100693814079e+00,2.113414100693813857e+00
1.111822253990525367e+00,2.111822253990525589e+00
1.110191920182179937e+00,2.110191920182179715e+00
1.108523624181360523e+00,2.108523624181360745e+00
1.106817934726668895e+00,2.106817934726668895e+00
1.105075356269640041e+00,2.105075356269639819e+00
1.103296542882139297e+00,2.103296542882139519e+00
1.101482019421278880e+00,2.101482019421278657e+00
1.099632292552119139e+00,2.099632292552119139e+00
1.097748011986605432e+00,2.097748011986605654e+00
1.095829763432109916e+00,2.095829763432109694e+00
1.093878041111189470e+00,2.093878041111189248e+00
1.091893530114926625e+00,2.091893530114926847e+00
1.089876736204706598e+00,2.089876736204706376e+00
1.087828350748379247e+00,2.087828350748379247e+00
1.085748908128787216e+00,2.085748908128786994e+00
1.083639069092317664e+00,2.083639069092317442e+00
1.081499399870982314e+00,2.081499399870982536e+00
1.079330539005967760e+00,2.079330539005967537e+00
1.077133133584087021e+00,2.077133133584086799e+00
1.074907708768275461e+00,2.074907708768275683e+00
1.072655016566208763e+00,2.072655016566208985e+00
1.070375613781878954e+00,2.070375613781878954e+00
1.068070147768234834e+00,2.068070147768234612e+00
1.065739289303670789e+00,2.065739289303670567e+00
1.063383686786779192e+00,2.063383686786779414e+00
1.061003943253504334e+00,2.061003943253504112e+00
1.058600716373722328e+00,2.058600716373722328e+00
1.056174747190110397e+00,2.056174747190110175e+00
1.053726553811723310e+00,2.053726553811723310e+00
1.051256900552547835e+00,2.051256900552547613e+00
1.048766438299917780e+00,2.048766438299917780e+00
1.046255872653113927e+00,2.046255872653113705e+00
1.043725794751749314e+00,2.043725794751749092e+00
1.041176891043039010e+00,2.041176891043039010e+00
1.038609931316337720e+00,2.038609931316337942e+00
1.036025464369875637e+00,2.036025464369875415e+00
1.033424287155268573e+00,2.033424287155268573e+00
1.030807068602928700e+00,2.030807068602928922e+00
1.028174407732609597e+00,2.028174407732609374e+00
1.025527120731107855e+00,2.025527120731108077e+00
1.022865889024774599e+00,2.022865889024774599e+00
1.020191331100845922e+00,2.020191331100845922e+00
1.017504197508326991e+00,2.017504197508326769e+00
1.014805223620312002e+00,2.014805223620312002e+00
1.012095046275802934e+00,2.012095046275803156e+00
1.009374436074299775e+00,2.009374436074299553e+00
1.006644009020184694e+00,2.006644009020184694e+00
1.003904620128830638e+00,2.003904620128830416e+00
1.001156915392135360e+00,2.001156915392135360e+00
9.984015536954992109e-01,1.998401553695499100e+00
9.956393076697365174e-01,1.995639307669736517e+00
9.928709060009525134e-01,1.992870906000952402e+00
9.900970445972001599e-01,1.990097044597200160e+00
9.873186614620943491e-01,1.987318661462094349e+00
9.845424051100023499e-01,1.984542405110002239e+00
9.817824129983988568e-01,1.981782412998398968e+00
9.790469365974879823e-01,1.979046936597487871e+00
9.763365994856511021e-01,1.976336599485651213e+00
9.736515368611676768e-01,1.973651536861167788e+00
9.709917776024777902e-01,1.970991777602477679e+00
9.683574221828611384e-01,1.968357422182861249e+00
9.657486248697755293e-01,1.965748624869775529e+00
9.631654034992536140e-01,1.963165403499253614e+00
9.606078679887006810e-01,1.960607867988700681e+00
9.580760925439092413e-01,1.958076092543909130e+00
9.555702117006139584e-01,1.955570211700613958e+00
9.530903301917305059e-01,1.953090330191730395e+00
9.506364658833172943e-01,1.950636465883317294e+00
9.482087643530038301e-01,1.948208764353003719e+00
9.458072556265650910e-01,1.945807255626565091e+00
9.434320936693770809e-01,1.943432093669377192e+00
9.410833447273192487e-01,1.941083344727319249e+00
9.387610959068324323e-01,1.938761095906832432e+00
9.364654164214519794e-01,1.936465416421452090e+00
9.341964420729693686e-01,1.934196442072969369e+00
9.319542399761592266e-01,1.931954239976159116e+00
9.297388902689313062e-01,1.929738890268931417e+00
9.275504739253143116e-01,1.927550473925314201e+00
9.253891154183601087e-01,1.925389115418360220e+00
9.232548861612961399e-01,1.923254886161296140e+00
9.211478521166648337e-01,1.921147852116664723e+00
9.190681081077061165e-01,1.919068108107706117e+00
9.170157827179437060e-01,1.917015782717943706e+00
9.149909421652311359e-01,1.914990942165231136e+00
9.129937015469469230e-01,1.912993701546946923e+00
9.110240502432723764e-01,1.911024050243272487e+00
9.090821640864228392e-01,1.909082164086422839e+00
9.071681402972782138e-01,1.907168140297278214e+00
9.052819898584333336e-01,1.905281989858433445e+00
9.034238943923122989e-01,1.903423894392312299e+00
9.015939178205967242e-01,1.901593917820596724e+00
8.997920862250020635e-01,1.899792086225001952e+00
8.980185440068169100e-01,1.898018544006816910e+00
8.962733508747250388e-01,1.896273350874725150e+00
8.945566107449599569e-01,1.894556610744960068e+00
8.928684300406523056e-01,1.892868430040652417e+00
8.912088785657771295e-01,1.891208878565777241e+00
8.895780210651540454e-01,1.889578021065154045e+00
8.879759383985105226e-01,1.887975938398510412e+00
8.864027434085899326e-01,1.886402743408589933e+00
8.848585472090436665e-01,1.884858547209043778e+00
8.833433923547967526e-01,1.883343392354796642e+00
8.818574051487090282e-01,1.881857405148708917e+00
8.804006339821567328e-01,1.880400633982156844e+00
8.789731787827524956e-01,1.878973178782752385e+00
8.775751578799333430e-01,1.877575157879933343e+00
8.762066185161152543e-01,1.876206618516115254e+00
8.748676355220433853e-01,1.874867635522043496e+00
8.735583102606433448e-01,1.873558310260643456e+00
8.722787258096823537e-01,1.872278725809682243e+00
8.710289906849677521e-01,1.871028990684967752e+00
8.698091589514492794e-01,1.869809158951449390e+00
8.686193954926612060e-01,1.868619395492661095e+00
8.674596640873832865e-01,1.867459664087383286e+00
8.663301161457903632e-01,1.866330116145790363e+00
8.652308329221787275e-01,1.865230832922178728e+00
8.641618969335079781e-01,1.864161896933508089e+00
8.631233929533372873e-01,1.863123392953337287e+00
8.621153471903651999e-01,1.862115347190365089e+00
8.611380064534492895e-01,1.861138006453449290e+00
8.601912761237316962e-01,1.860191276123731807e+00
8.592753333964712192e-01,1.859275333396471108e+00
8.583902288732560004e-01,1.858390228873255889e+00
8.575360399119584809e-01,1.857536039911958481e+00
8.567128864944590916e-01,1.856712886494459092e+00
8.559208448805237790e-01,1.855920844880523779e+00
8.551599974893719924e-01,1.855159997489371992e+00
8.544303780426258932e-01,1.854430378042625893e+00
8.537321176522755239e-01,1.853732117652275413e+00
8.530652988256081093e-01,1.853065298825608220e+00
8.524299916938502530e-01,1.852429991693850253e+00
8.518262848114123154e-01,1.851826284811412204e+00
8.512542506084010974e-01,1.851254250608401097e+00
8.507139576400909453e-01,1.850713957640091056e+00
8.502055179103827909e-01,1.850205517910382902e+00
8.497290517740561100e-01,1.849729051774056110e+00
8.492845181695463097e-01,1.849284518169546310e+00
8.488721090352299159e-01,1.848872109035229805e+00
8.484918427975096655e-01,1.848491842797509666e+00
8.481438364946674024e-01,1.848143836494667402e+00
8.478281361486137424e-01,1.847828136148613742e+00
8.475448711872968222e-01,1.847544871187296822e+00
8.472940955150211062e-01,1.847294095515020995e+00
8.470758806079251579e-01,1.847075880607925047e+00
8.468902677162074566e-01,1.846890267716207568e+00
8.467374223215669016e-01,1.846737422321566902e+00
8.466174005196225316e-01,1.846617400519622532e+00
8.465302347551846296e-01,1.846530234755184630e+00
8.464760022370159120e-01,1.846476002237015912e+00
8.464548414423336276e-01,1.846454841442333628e+00
8.464668034272774255e-01,1.846466803427277537e+00
8.465119512083896236e-01,1.846511951208389624e+00
8.465903875735122375e-01,1.846590387573512348e+00
8.467021523267190819e-01,1.846702152326719082e+00
8.468473714666009400e-01,1.846847371466600940e+00
8.470260587860870549e-01,1.847026058786087166e+00
8.472383450464374688e-01,1.847238345046437580e+00
8.474842536643770741e-01,1.847484253664377185e+00
8.477639479391281263e-01,1.847763947939128126e+00
8.480774172290735935e-01,1.848077417229073482e+00
8.484248004329736359e-01,1.848424800432973747e+00
8.488060982852702052e-01,1.848806098285270316e+00
8.492214415556565976e-01,1.849221441555656487e+00
8.496708711756869592e-01,1.849670871175686848e+00
8.501545072686300664e-01,1.850154507268630066e+00
8.506724062535632180e-01,1.850672406253563107e+00
8.512245955079701387e-01,1.851224595507970250e+00
8.518112262819302893e-01,1.851811226281930178e+00
8.524323183135018578e-01,1.852432318313501858e+00
8.530879320396408394e-01,1.853087932039640950e+00
8.537781437038406418e-01,1.853778143703840531e+00
8.545030823117761853e-01,1.854503082311776296e+00
8.552627892441601043e-01,1.855262789244159993e+00
8.560572648840858445e-01,1.856057264884085845e+00
8.568866741832358302e-01,1.856886674183235719e+00
8.577510607391574116e-01,1.857751060739157412e+00
8.586504363341689317e-01,1.858650436334168932e+00
8.595849659449281699e-01,1.859584965944928170e+00
8.605546797062048059e-01,1.860554679706204695e+00
8.615595909062307989e-01,1.861559590906230799e+00
8.625998417495673865e-01,1.862599841749567275e+00
8.636754666170700645e-01,1.863675466617070065e+00
8.647865263466893992e-01,1.864786526346689399e+00
8.659330907957779599e-01,1.865933090795778071e+00
8.671152513199834599e-01,1.867115251319983571e+00
8.683330508944129278e-01,1.868333050894412928e+00
8.695865479603841486e-01,1.869586547960384149e+00
8.708758172816564169e-01,1.870875817281656417e+00
8.722009151740270916e-01,1.872200915174027092e+00
8.735619552558209211e-01,1.873561955255820921e+00
8.749588785498153554e-01,1.874958878549815466e+00
8.763919145059129168e-01,1.876391914505912917e+00
8.778609587371318801e-01,1.877860958737131991e+00
8.793662231488550418e-01,1.879366223148855042e+00
8.809076526359614911e-01,1.880907652635961380e+00
8.824853629505883257e-01,1.882485362950588215e+00
8.840993659777698355e-01,1.884099365977769835e+00
8.857498301928724560e-01,1.885749830192872345e+00
8.874366830368267678e-01,1.887436683036826768e+00
8.891600295261785636e-01,1.889160029526178564e+00
8.909199969210610526e-01,1.890919996921061053e+00
8.927165099180770502e-01,1.892716509918077161e+00
8.945497719746561271e-01,1.894549771974656238e+00
8.964197102581715759e-01,1.896419710258171687e+00
8.983264747865017386e-01,1.898326474786501628e+00
9.002700493559993022e-01,1.900270049355999191e+00
9.022505403208543884e-01,1.902250540320854277e+00
9.042679551064142229e-01,1.904267955106414334e+00
9.063223370175315097e-01,1.906322337017531510e+00
9.084138286718212996e-01,1.908413828671821300e+00
9.105423939524113219e-01,1.910542393952411322e+00
9.127081289883917092e-01,1.912708128988391820e+00
9.149110487717301288e-01,1.914911048771730240e+00
9.171512284871138343e-01,1.917151228487113723e+00
9.194286738612037491e-01,1.919428673861203638e+00
9.217435207858637458e-01,1.921743520785863746e+00
9.240957045330870923e-01,1.924095704533087092e+00
9.264853419860377137e-01,1.926485341986037714e+00
9.289124826974154425e-01,1.928912482697415332e+00
9.313770934580254401e-01,1.931377093458025440e+00
9.338793298816088218e-01,1.933879329881608822e+00
9.364191450679161255e-01,1.936419145067916237e+00
9.389966395575115587e-01,1.938996639557511559e+00
9.416118213375405110e-01,1.941611821337540622e+00
9.442647254763120168e-01,1.944264725476311906e+00
9.469554068375426459e-01,1.946955406837542757e+00
9.496839209649093894e-01,1.949683920964909500e+00
9.524502612905169086e-01,1.952450261290517020e+00
9.552544737507850936e-01,1.955254473750785094e+00
9.580966451690692276e-01,1.958096645169069117e+00
9.609767190364735256e-01,1.960976719036473526e+00
9.638948248025723808e-01,1.963894824802572270e+00
9.668509624986485473e-01,1.966850962498648547e+00
9.698451255740344612e-01,1.969845125574034572e+00
9.728773692037920862e-01,1.972877369203791975e+00
9.759477650612409239e-01,1.975947765061240924e+00
9.790562630193464511e-01,1.979056263019346451e+00
9.822029446292812604e-01,1.982202944629281260e+00
9.853878372368042315e-01,1.985387837236804121e+00
9.886109305811869863e-01,1.988610930581186986e+00
9.918722921348757104e-01,1.991872292134875710e+00
9.951718894451171415e-01,1.995171889445117142e+00
9.985098232710567512e-01,1.998509823271056751e+00
1.001886034963951788e+00,2.001886034963951566e+00
1.005300590631446056e+00,2.005300590631446056e+00
1.008753510528124009e+00,2.008753510528124231e+00
1.012244813340488658e+00,2.012244813340488658e+00
1.015774464521775000e+00,2.015774464521775222e+00
1.019342571062787028e+00,2.019342571062787250e+00
1.022949027722256377e+00,2.022949027722256155e+00
1.026593958742635149e+00,2.026593958742635149e+00
1.030277323519046107e+00,2.030277323519046107e+00
1.033999147279313968e+00,2.033999147279313746e+00
1.037759480988057259e+00,2.037759480988057259e+00
1.041559627630392448e+00,2.041559627630392448e+00
1.045401733582997483e+00,2.045401733582997483e+00
1.049286633949192860e+00,2.049286633949193082e+00
1.053214386792563184e+00,2.053214386792562962e+00
1.057184936470300096e+00,2.057184936470299874e+00
1.061198255349365960e+00,2.061198255349365738e+00
1.065254352344675803e+00,2.065254352344675581e+00
1.069353146326320392e+00,2.069353146326320392e+00
1.073494651520688237e+00,2.073494651520688237e+00
1.077678874482197902e+00,2.077678874482197902e+00
1.081905681024639465e+00,2.081905681024639243e+00
1.086175077562218094e+00,2.086175077562217872e+00
1.090487109310196434e+00,2.090487109310196434e+00
1.094841646398179380e+00,2.094841646398179158e+00
1.099238655294821898e+00,2.099238655294821676e+00
1.103678175967110153e+00,2.103678175967110153e+00
1.108160099743153104e+00,2.108160099743153104e+00
1.112684381401747968e+00,2.112684381401748190e+00
1.117251011306894748e+00,2.117251011306894526e+00
1.121859925158926519e+00,2.121859925158926519e+00
1.126511078248214615e+00,2.126511078248214837e+00
1.131204449511359789e+00,2.131204449511360011e+00
1.135939943151596188e+00,2.135939943151596410e+00
1.140717546270485494e+00,2.140717546270485272e+00
1.145537179337089428e+00,2.145537179337089206e+00
1.150398798951820734e+00,2.150398798951820734e+00
1.155302359359703157e+00,2.155302359359703157e+00
1.160247800349751168e+00,2.160247800349750946e+00
1.165235031340008387e+00,2.165235031340008387e+00
1.170264028439925497e+00,2.170264028439925497e+00
1.175334693745802683e+00,2.175334693745802461e+00
1.180446939088879210e+00,2.180446939088879432e+00
1.185600811805215038e+00,2.185600811805215038e+00
1.190796142326398410e+00,2.190796142326398410e+00
1.196032855703593745e+00,2.196032855703593967e+00
1.201310961042877379e+00,2.201310961042877601e+00
1.206630302014339629e+00,2.206630302014339406e+00
1.211990809722752971e+00,2.211990809722752971e+00
1.217392478381201126e+00,2.217392478381201126e+00
1.222835156424603165e+00,2.222835156424602943e+00
1.228318750354147948e+00,2.228318750354147948e+00
1.233843216142733956e+00,2.233843216142734178e+00
1.239408483934157923e+00,2.239408483934157701e+00
1.245014407624909669e+00,2.245014407624909669e+00
1.250660929774186192e+00,2.250660929774186414e+00
1.256347936551897027e+00,2.256347936551897249e+00
1.262075392459033774e+00,2.262075392459033552e+00
1.267843116013251281e+00,2.267843116013251503e+00
1.273651053350068230e+00,2.273651053350068452e+00
1.279499085613610587e+00,2.279499085613610809e+00
1.285387138920909722e+00,2.285387138920909500e+00
1.291315086156472169e+00,2.291315086156472169e+00
1.297282769138710101e+00,2.297282769138710101e+00
1.303290192966511274e+00,2.303290192966511274e+00
1.309337153679559274e+00,2.309337153679559052e+00
1.315423515732885296e+00,2.315423515732885296e+00
1.321549198279991399e+00,2.321549198279991622e+00
1.327714112008538727e+00,2.327714112008538727e+00
1.333918112286470725e+00,2.333918112286470503e+00
1.340161052598908276e+00,2.340161052598908498e+00
1.346442827011107291e+00,2.346442827011107291e+00
1.352763267563893645e+00,2.352763267563893645e+00
1.359122323009949840e+00,2.359122323009949618e+00
1.365519758594800459e+00,2.365519758594800237e+00
1.371955456163040044e+00,2.371955456163040044e+00
1.378429343142577146e+00,2.378429343142577146e+00
1.384941176768806903e+00,2.384941176768807125e+00
1.391490920650534813e+00,2.391490920650534591e+00
1.398078344952803143e+00,2.398078344952803143e+00
1.404703259521612013e+00,2.404703259521611791e+00
1.411365678600462692e+00,2.411365678600462914e+00
1.418065227884327761e+00,2.418065227884327761e+00
1.424801941397635385e+00,2.424801941397635385e+00
1.431575478216629671e+00,2.431575478216629449e+00
1.438385802278105086e+00,2.438385802278105086e+00
1.445232699230002638e+00,2.445232699230002638e+00
1.452115980250822780e+00,2.452115980250822780e+00
1.459035557946506856e+00,2.459035557946506856e+00
1.465991102106449562e+00,2.465991102106449340e+00
1.472982567879937310e+00,2.472982567879937310e+00
1.480009657001040591e+00,2.480009657001040591e+00
1.487072300647243273e+00,2.487072300647243495e+00
1.494170260281511897e+00,2.494170260281511897e+00
1.501303291230974724e+00,2.501303291230974502e+00
1.508471217396731623e+00,2.508471217396731845e+00
1.515673905424487433e+00,2.515673905424487433e+00
1.522911111413504770e+00,2.522911111413504770e+00
1.530182588206777883e+00,2.530182588206777883e+00
1.537488167740427292e+00,2.537488167740427514e+00
1.544827581110651771e+00,2.544827581110651771e+00
1.552200796480667222e+00,2.552200796480667222e+00
1.559607340954329180e+00,2.559607340954329402e+00
1.567047113341717424e+00,2.567047113341717424e+00
1.574519908007336877e+00,2.574519908007336877e+00
1.582025426800164558e+00,2.582025426800164780e+00
1.589563540218741799e+00,2.589563540218741799e+00
1.597133915573345053e+00,2.597133915573345053e+00
1.604736351987859022e+00,2.604736351987859244e+00
1.612370624227545735e+00,2.612370624227545512e+00
1.620036462258801935e+00,2.620036462258801713e+00
1.627733577804527210e+00,2.627733577804526988e+00
1.635461701940258417e+00,2.635461701940258195e+00
1.643220660928821797e+00,2.643220660928821797e+00
1.651010187143026720e+00,2.651010187143026720e+00
1.658830008264201794e+00,2.658830008264201794e+00
1.666679796519225709e+00,2.666679796519225931e+00
1.674559281893809537e+00,2.674559281893809537e+00
1.682468268183977989e+00,2.682468268183978211e+00
1.690406413961648147e+00,2.690406413961648369e+00
1.698373410031483566e+00,2.698373410031483566e+00
1.706369047252118465e+00,2.706369047252118243e+00
1.714392977942409413e+00,2.714392977942409413e+00
1.722444884904895890e+00,2.722444884904895890e+00
1.730524500087518902e+00,2.730524500087518902e+00
1.738631558782310682e+00,2.738631558782310904e+00
1.746765665129881517e+00,2.746765665129881739e+00
1.754926626192809369e+00,2.754926626192809369e+00
1.763113991801182001e+00,2.763113991801182223e+00
1.771327502953869093e+00,2.771327502953869093e+00
1.779566864804890569e+00,2.779566864804890791e+00
1.787831669005272905e+00,2.787831669005273127e+00
1.796121672542547731e+00,2.796121672542547731e+00
1.804436492602515152e+00,2.804436492602515152e+00
1.812775734168874164e+00,2.812775734168874386e+00
1.821139184046523862e+00,2.821139184046523862e+00
1.829526351167870324e+00,2.829526351167870324e+00
1.837937021482161093e+00,2.837937021482161093e+00
1.846370681279421611e+00,2.846370681279421611e+00
1.854827102547170536e+00,2.854827102547170536e+00
1.863305862871243779e+00,2.863305862871243779e+00
1.871806571130048669e+00,2.871806571130048447e+00
1.880328847684067162e+00,2.880328847684067384e+00
1.888872381020346047e+00,2.888872381020346047e+00
1.897436762655031695e+00,2.897436762655031472e+00
1.906021541229405480e+00,2.906021541229405258e+00
1.914626327010341189e+00,2.914626327010341189e+00
1.923250792984252167e+00,2.923250792984251945e+00
1.931894578802013429e+00,2.931894578802013207e+00
1.940557107696930572e+00,2.940557107696930572e+00
1.949238106826978845e+00,2.949238106826978623e+00
1.957937023323137016e+00,2.957937023323137016e+00
1.966653617221480799e+00,2.966653617221481021e+00
1.975387296683082772e+00,2.975387296683082994e+00
1.984137725774362204e+00,2.984137725774361982e+00
1.992904472112769554e+00,2.992904472112769554e+00
2.001687114302039827e+00,3.001687114302039827e+00
2.010485090041430833e+00,3.010485090041430833e+00
2.019298032147931021e+00,3.019298032147931021e+00
2.028125560813805794e+00,3.028125560813805794e+00
2.036967013162374940e+00,3.036967013162374940e+00
2.045822108488005053e+00,3.045822108488005053e+00
2.054690236431525374e+00,3.054690236431525374e+00
2.063571085627810664e+00,3.063571085627810664e+00
2.072464022911712167e+00,3.072464022911712167e+00
2.081368716863679413e+00,3.081368716863679413e+00
2.090284601372301765e+00,3.090284601372301765e+00
2.099211102492535730e+00,3.099211102492535730e+00
2.108147835090910416e+00,3.108147835090910416e+00
2.117094278484732861e+00,3.117094278484732861e+00
2.126049905318969202e+00,3.126049905318969202e+00
2.135014193965801610e+00,3.135014193965801610e+00
2.143986654630626987e+00,3.143986654630626987e+00
2.152966702314866865e+00,3.152966702314866865e+00
2.161953882785393688e+00,3.161953882785393688e+00
2.170947593073374371e+00,3.170947593073374371e+00
2.179947433532710921e+00,3.179947433532710921e+00
2.188952600582522834e+00,3.188952600582522834e+00
2.197962900213586313e+00,3.197962900213586313e+00
2.206977521430028233e+00,3.206977521430028233e+00
2.215995936078766437e+00,3.215995936078766437e+00
2.225017533986822116e+00,3.225017533986822116e+00
2.234042047161514777e+00,3.234042047161514777e+00
2.243068575799318953e+00,3.243068575799318953e+00
2.252096689647650418e+00,3.252096689647650418e+00
2.261125675565236470e+00,3.261125675565236470e+00
2.270155131720551722e+00,3.270155131720551722e+00
2.279184339340670107e+00,3.279184339340670107e+00
2.288212799479253157e+00,3.288212799479253157e+00
2.297239727912592677e+00,3.297239727912592677e+00
2.306264649846077930e+00,3.306264649846077930e+00
2.315287105757073860e+00,3.315287105757073860e+00
2.324306093264135509e+00,3.324306093264135509e+00
2.333321351720060832e+00,3.333321351720060832e+00
2.342332052254690211e+00,3.342332052254690211e+00
2.351337592841663326e+00,3.351337592841663326e+00
2.360337367056177804e+00,3.360337367056177804e+00
2.369330754296177677e+00,3.369330754296177677e+00
2.378317022954803406e+00,3.378317022954803406e+00
2.387295608078700671e+00,3.387295608078700671e+00
2.396265743317950392e+00,3.396265743317950392e+00
2.405226887236358468e+00,3.405226887236358468e+00
2.414178312407025739e+00,3.414178312407025739e+00
2.423119297514688242e+00,3.423119297514688242e+00
2.432049290837997813e+00,3.432049290837997813e+00
2.440967526623332606e+00,3.440967526623332606e+00
2.449873342170238111e+00,3.449873342170238111e+00
2.458765953617233269e+00,3.458765953617233269e+00
2.467644819982237170e+00,3.467644819982237170e+00
2.476509052471672412e+00,3.476509052471672412e+00
2.485358220102101168e+00,3.485358220102101168e+00
2.494191272137713078e+00,3.494191272137713078e+00
2.503007754520366834e+00,3.503007754520366834e+00
2.511806772079274275e+00,3.511806772079274275e+00
2.520587756525701995e+00,3.520587756525701995e+00
2.529349816581775379e+00,3.529349816581775379e+00
2.538092384303432425e+00,3.538092384303432425e+00
2.546814574443984291e+00,3.546814574443984291e+00
2.555515672940765093e+00,3.555515672940765093e+00
2.564195021828751031e+00,3.564195021828751031e+00
2.572851725934841127e+00,3.572851725934841127e+00
2.581485110336178224e+00,3.581485110336178224e+00
2.590094439824703887e+00,3.590094439824703887e+00
2.598678963385223639e+00,3.598678963385223639e+00
2.607237630791932048e+00,3.607237630791932048e+00
2.615770152479104382e+00,3.615770152479104382e+00
2.624275426225938457e+00,3.624275426225938457e+00
2.632752492309703651e+00,3.632752492309703651e+00
2.641201023909983014e+00,3.641201023909983014e+00
2.649619849969103935e+00,3.649619849969103935e+00
2.658008490900472864e+00,3.658008490900472864e+00
2.666366029101984392e+00,3.666366029101984392e+00
2.674691341713941295e+00,3.674691341713941295e+00
2.682984072408653109e+00,3.682984072408653109e+00
2.691243118437335546e+00,3.691243118437335546e+00
2.699467882117144502e+00,3.699467882117144502e+00
2.707657272836134776e+00,3.707657272836134776e+00
2.715810736473476705e+00,3.715810736473476705e+00
2.723927280184544664e+00,3.723927280184544664e+00
2.732006156863385105e+00,3.732006156863385105e+00
2.740046411510618452e+00,3.740046411510618452e+00
2.748047285379464189e+00,3.748047285379464189e+00
2.756008025776859327e+00,3.756008025776859327e+00
2.763927617469805309e+00,3.763927617469805309e+00
2.771805304017697313e+00,3.771805304017697313e+00
2.779640226206802289e+00,3.779640226206802289e+00
2.787431454873908088e+00,3.787431454873908088e+00
2.795178324388079449e+00,3.795178324388079449e+00
2.802879684009579098e+00,3.802879684009579098e+00
2.810534978692753594e+00,3.810534978692753594e+00
2.818143094702030726e+00,3.818143094702030726e+00
2.825703284394296855e+00,3.825703284394296855e+00
2.833214629721492184e+00,3.833214629721492184e+00
2.840676211229375525e+00,3.840676211229375525e+00
2.848087361818622654e+00,3.848087361818622654e+00
2.855446999054551238e+00,3.855446999054551238e+00
2.862754277829108851e+00,3.862754277829108851e+00
2.870008454315744029e+00,3.870008454315744029e+00
2.877208240104763615e+00,3.877208240104763615e+00
2.884353329239978780e+00,3.884353329239978780e+00
2.891442401318659705e+00,3.891442401318659705e+00
2.898474636598576737e+00,3.898474636598576737e+00
2.905449113306511233e+00,3.905449113306511233e+00
2.912365054058704050e+00,3.912365054058704050e+00
2.919221649684749398e+00,3.919221649684749398e+00
2.926017790568737453e+00,3.926017790568737453e+00
2.932752875056461761e+00,3.932752875056461761e+00
2.939425441299033714e+00,3.939425441299033714e+00
2.946035037100961596e+00,3.946035037100961596e+00
2.952580724390100997e+00,3.952580724390100997e+00
2.959061571789698863e+00,3.959061571789698863e+00
2.965476622733784762e+00,3.965476622733784762e+00
2.971824756726023864e+00,3.971824756726023864e+00
2.978105507584945411e+00,3.978105507584945411e+00
2.984317580510942758e+00,3.984317580510942758e+00
2.990460389992866119e+00,3.990460389992866119e+00
2.996532817598215104e+00,3.996532817598215104e+00
3.002534107644407424e+00,4.002534107644407868e+00
3.008463251124669835e+00,4.008463251124670279e+00
3.014319219140073169e+00,4.014319219140073614e+00
3.020101365143029959e+00,4.020101365143029959e+00
3.025808642223015266e+00,4.025808642223015710e+00
3.031440131490017897e+00,4.031440131490017897e+00
3.036994918438308044e+00,4.036994918438308488e+00
3.042472260180755672e+00,4.042472260180755228e+00
3.047871123019513462e+00,4.047871123019513462e+00
3.053190441119345344e+00,4.053190441119345344e+00
3.058429839852311094e+00,4.058429839852310650e+00
3.063587750179678881e+00,4.063587750179678437e+00
3.068663760209547675e+00,4.068663760209547675e+00
3.073656887559365281e+00,4.073656887559365281e+00
3.078565987614084065e+00,4.078565987614084065e+00
3.083390525352272427e+00,4.083390525352272427e+00
3.088129430233530925e+00,4.088129430233530925e+00
3.092781851266972470e+00,4.092781851266972026e+00
3.097346724683048169e+00,4.097346724683047725e+00
3.101823591514888179e+00,4.101823591514888179e+00
3.106211118268197513e+00,4.106211118268197069e+00
3.110508805337172333e+00,4.110508805337172333e+00
3.114715376890695442e+00,4.114715376890694998e+00
3.118830377650307017e+00,4.118830377650306573e+00
3.122852826508006441e+00,4.122852826508006885e+00
3.126781814770860368e+00,4.126781814770859924e+00
3.130616439036622456e+00,4.130616439036622012e+00
3.134355723571249364e+00,4.134355723571249364e+00
3.137999240308670057e+00,4.137999240308669613e+00
3.141545711849972555e+00,4.141545711849972555e+00
3.144994798600373453e+00,4.144994798600373898e+00
3.148345136625581908e+00,4.148345136625581908e+00
3.151596141937984097e+00,4.151596141937984541e+00
3.154746891296001721e+00,4.154746891296001721e+00
3.157796742736582729e+00,4.157796742736582729e+00
3.160744987543347317e+00,4.160744987543347762e+00
3.163590349424673320e+00,4.163590349424673320e+00
3.166332519547284452e+00,4.166332519547284008e+00
3.168970315271285809e+00,4.168970315271286253e+00
3.171503229486580366e+00,4.171503229486580366e+00
3.173930457285817575e+00,4.173930457285817575e+00
3.176250937410468822e+00,4.176250937410468822e+00
3.178464426805100107e+00,4.178464426805099663e+00
3.180569620245018658e+00,4.180569620245018214e+00
3.182566289116413483e+00,4.182566289116413927e+00
3.184453238435473565e+00,4.184453238435473565e+00
3.186229788678530905e+00,4.186229788678531349e+00
3.187895313878229331e+00,4.187895313878229331e+00
3.189449199584390549e+00,4.189449199584390549e+00
3.190890528794893211e+00,4.190890528794893655e+00
3.192218853587194261e+00,4.192218853587194261e+00
3.193433307286743794e+00,4.193433307286744238e+00
3.194533200124451966e+00,4.194533200124451966e+00
3.195517754041126590e+00,4.195517754041127034e+00
3.196386249795136525e+00,4.196386249795136081e+00
3.197138661646802937e+00,4.197138661646802937e+00
3.197773624751262034e+00,4.197773624751262034e+00
3.198290747343524920e+00,4.198290747343524920e+00
3.198689382355565769e+00,4.198689382355565769e+00
3.198968722734460091e+00,4.198968722734459647e+00
3.199128579575052811e+00,4.199128579575052811e+00
3.199167877450152631e+00,4.199167877450152631e+00
3.199086593243240184e+00,4.199086593243240628e+00
3.198883513750900853e+00,4.198883513750900853e+00
3.198558741232299774e+00,4.198558741232299774e+00
3.198111086732585484e+00,4.198111086732585484e+00
3.197539984625404230e+00,4.197539984625404230e+00
3.196845846246951783e+00,4.196845846246951339e+00
3.196026854737694212e+00,4.196026854737693768e+00
3.195083160843712911e+00,4.195083160843712911e+00
3.194014500401568757e+00,4.194014500401568313e+00
3.192820049553997119e+00,4.192820049553997563e+00
3.191499284956029747e+00,4.191499284956029747e+00
3.190051678201429208e+00,4.190051678201429652e+00
3.188477009875395396e+00,4.188477009875395396e+00
3.186775075121113243e+00,4.186775075121113687e+00
3.184944545628775270e+00,4.184944545628775714e+00
3.182986194179888706e+00,4.182986194179888706e+00
3.180898474847500879e+00,4.180898474847500879e+00
3.178681844328445028e+00,4.178681844328444583e+00
3.176334967144004651e+00,4.176334967144004651e+00
3.173858878562011210e+00,4.173858878562011654e+00
3.171252233843738111e+00,4.171252233843738111e+00
3.168514797346000389e+00,4.168514797346000833e+00
3.165646427657993200e+00,4.165646427657993200e+00
3.162646948291627069e+00,4.162646948291627069e+00
3.159515483207065323e+00,4.159515483207065323e+00
3.156252392111139837e+00,4.156252392111140281e+00
3.152857068267460150e+00,4.152857068267460150e+00
3.149329216436160372e+00,4.149329216436160372e+00
3.145669332299416254e+00,4.145669332299416254e+00
3.141876023963398712e+00,4.141876023963398268e+00
3.137949969085696900e+00,4.137949969085696900e+00
3.133890518665881864e+00,4.133890518665881864e+00
3.129697581619756530e+00,4.129697581619756974e+00
3.125371121461257395e+00,4.125371121461257395e+00
3.120910763943761879e+00,4.120910763943761879e+00
3.116316907759195232e+00,4.116316907759195232e+00
3.111588499110776951e+00,4.111588499110776951e+00
3.106726453579939484e+00,4.106726453579939928e+00
3.101730157905643548e+00,4.101730157905643992e+00
3.096599518678796681e+00,4.096599518678797125e+00
3.091334667202392250e+00,4.091334667202392694e+00
3.085935711975961837e+00,4.085935711975961837e+00
3.080402400388864592e+00,4.080402400388864592e+00
3.074734343377336643e+00,4.074734343377336643e+00
3.068932233030726930e+00,4.068932233030727375e+00
3.062995888199821604e+00,4.062995888199822048e+00
3.056924992026435195e+00,4.056924992026434751e+00
3.050719967680353584e+00,4.050719967680353584e+00
3.044381651976973302e+00,4.044381651976973302e+00
3.037908606830422631e+00,4.037908606830422187e+00
3.031301407111731017e+00,4.031301407111731017e+00
3.024560814947115706e+00,4.024560814947115261e+00
3.017686887716287902e+00,4.017686887716287458e+00
3.010679064109119452e+00,4.010679064109119452e+00
3.003538148232512750e+00,4.003538148232513194e+00
2.996264543854227913e+00,3.996264543854227913e+00
2.988857997048897985e+00,3.988857997048897985e+00
2.981318564068356380e+00,3.981318564068356380e+00
2.973646716547649671e+00,3.973646716547649671e+00
2.965843301395704845e+00,3.965843301395704845e+00
2.957907936801551507e+00,3.957907936801551507e+00
2.949841366091452866e+00,3.949841366091452866e+00
2.941644331187990069e+00,3.941644331187990069e+00
2.933315162547510901e+00,3.933315162547510901e+00
2.924856607803694608e+00,3.924856607803694608e+00
2.916267800781987773e+00,3.916267800781987773e+00
2.907549704189360984e+00,3.907549704189360984e+00
2.898702827574447305e+00,3.898702827574447305e+00
2.889726749475705070e+00,3.889726749475705070e+00
2.880623011139818779e+00,3.880623011139818779e+00
2.871391079694090465e+00,3.871391079694090465e+00
2.859460051282287196e+00,3.859460051282287196e+00
