-6.055040909135763982e+00,-5.961928069879592229e+00
-6.055048364053007504e+00,-5.961934720502984675e+00
-6.054907987969083472e+00,-5.961682902148751850e+00
-6.055054896191240488e+00,-5.962761427826212213e+00
-6.054854827058635536e+00,-5.961597981506910671e+00
-6.055006334296993309e+00,-5.961770101490393436e+00
-6.055169175146470018e+00,-5.961773805059032760e+00
-6.055156522047019152e+00,-5.961775328950521313e+00
-6.054419398674686370e+00,-5.962103308067193019e+00
-6.055182187017231321e+00,-5.961606602742145711e+00
-6.053230942553976313e+00,-5.961811610976678111e+00
-6.055038403367454691e+00,-5.962000834347108480e+00
-6.055103494680243337e+00,-5.961499003942376085e+00
-6.055133006816507013e+00,-5.961656592645557140e+00
-6.054125910730770777e+00,-5.961999320890432053e+00
-6.055272218762278946e+00,-5.961944463149876583e+00
-6.054992025451224613e+00,-5.961870951892707993e+00
-6.055161894712268733e+00,-5.962081500516216437e+00
-6.054829454602688621e+00,-5.961176130288606601e+00
-6.054992509063939821e+00,-5.961563550565584180e+00
-6.054616128845989209e+00,-5.962403096076705822e+00
-6.055270569951913373e+00,-5.962153133646321379e+00
-6.057154817050289353e+00,-5.961980243002728663e+00
-6.054995885133630296e+00,-5.961741697341845558e+00
-6.054901218823635745e+00,-5.963590839291052603e+00
-6.055328692724646800e+00,-5.961825758349030835e+00
-6.055819115623384263e+00,-5.961578657617263133e+00
-6.054908310861732090e+00,-5.962051879595238191e+00
-6.054995406159857652e+00,-5.962071035808041763e+00
-6.055072289655690554e+00,-5.959365735354425375e+00
-6.055194639755693942e+00,-5.961544471270094014e+00
-6.055193543422819680e+00,-5.961125504309947587e+00
-6.054923147977235409e+00,-5.962001730438196923e+00
-6.055247379792334073e+00,-5.962118365393747510e+00
-6.055019913070934123e+00,-5.962929761148746621e+00
-6.055084979025279424e+00,-5.961746615413400896e+00
-6.054990026816524207e+00,-5.961662576423054638e+00
-6.054249218466867255e+00,-5.961646992492889652e+00
-6.055045584820952342e+00,-5.962368804182908377e+00
-6.055023694471278972e+00,-5.961780367423845206e+00
-6.055051327302610531e+00,-5.961940898295999602e+00
-6.055266649588803674e+00,-5.962023722724627994e+00
-6.055029323422760790e+00,-5.961528452928722466e+00
-6.054910593436846789e+00,-5.961562271266640956e+00
-6.054765716400231312e+00,-5.962608006097145363e+00
-6.055522555462061973e+00,-5.962049818468439177e+00
-6.055092660100455326e+00,-5.961780927651961548e+00
-6.054989120615974940e+00,-5.961806024732157816e+00
-6.055028953755593690e+00,-5.963475798681662887e+00
-6.055272094767996549e+00,-5.961831293654513253e+00
-6.055212477185222042e+00,-5.961177883305416536e+00
-6.055112937493407621e+00,-5.961949270932530354e+00
-6.054629187147145153e+00,-5.963475009274104011e+00
-6.055115992420848414e+00,-5.961969186522441788e+00
-6.055326230277678690e+00,-5.961912782167611446e+00
-6.055263786202915277e+00,-5.962081540565608684e+00
-6.055577676040507562e+00,-5.961847000399217222e+00
-6.055360109415564018e+00,-5.961725256303426868e+00
-6.055142195317339215e+00,-5.961811963209901144e+00
-6.055009469264790667e+00,-5.961935306691446002e+00
-6.055404969755270095e+00,-5.961708148121569018e+00
-6.054869221942831281e+00,-5.962006799196696960e+00
-6.054917412695968615e+00,-5.961804040417121087e+00
-6.054959532839549574e+00,-5.962370729666047531e+00
-6.055213201475146967e+00,-5.961589665797600190e+00
-6.055374438118781732e+00,-5.962139587376001693e+00
-6.055119149832992598e+00,-5.962035398010894660e+00
-6.055007964583690949e+00,-5.961811883137923651e+00
-6.055022134494928210e+00,-5.969040923092027384e+00
-6.052074744585489441e+00,-5.961845956221246468e+00
-6.055566309072023756e+00,-5.961990851135703373e+00
-6.055084658308214074e+00,-5.962024512240483354e+00
-6.055041358523755690e+00,-5.961899867966295119e+00
-6.055072621298624114e+00,-5.961924020864893592e+00
-6.055011885687827444e+00,-5.962206085553345858e+00
-6.055035631549237962e+00,-5.962026202028830824e+00
-6.055317760168374974e+00,-5.961655049851557919e+00
-6.055241919270304862e+00,-5.961650555412973063e+00
-6.055013837078650596e+00,-5.962124109478208922e+00
-6.055080643615337266e+00,-5.962135497405085083e+00
-6.054890781224928631e+00,-5.961179422941206063e+00
-6.055120653950620380e+00,-5.961686865153599690e+00
-6.054999349058665103e+00,-5.962196680431413043e+00
-6.055099511067073337e+00,-5.961927231706313890e+00
-6.055156243931939741e+00,-5.961860547002225452e+00
-6.055020555190703924e+00,-5.960741239450846329e+00
-6.055220057464707928e+00,-5.961823666231431673e+00
-6.054932555805778271e+00,-5.961755884076173295e+00
-6.055183055145088034e+00,-5.961979702621110988e+00
-6.055196800533749979e+00,-5.961674758641760441e+00
-6.055369963119350274e+00,-5.962383866408960564e+00
-6.054835558816050067e+00,-5.961816697265697407e+00
-6.054669544518530344e+00,-5.962123273167502902e+00
-6.059782959298615879e+00,-5.962011377283267244e+00
-6.055157591431578723e+00,-5.960510449994981030e+00
-6.055038042616111227e+00,-5.962271775132128582e+00
-6.054964852327877622e+00,-5.962160384104148392e+00
-6.055628001547999517e+00,-5.961775442784357892e+00
-6.055066201632818057e+00,-5.961510140000927827e+00
-6.054941194844944086e+00,-5.961182082687363604e+00
-6.055123731914523688e+00,-5.926103358650192554e+00
-6.055037177665470338e+00,-5.961861937687684687e+00
-6.055148667321970102e+00,-5.962059752092665477e+00
-6.055036196474975263e+00,-5.961873274752921503e+00
-6.055423517021837121e+00,-5.962206774271906262e+00
-6.054906291917201422e+00,-5.961616536074505035e+00
-6.055141540973529857e+00,-5.960702659894345778e+00
-6.054943135343576088e+00,-5.961699003513878381e+00
-6.056025258047835536e+00,-5.961788657531063684e+00
-6.054998126024283778e+00,-5.961937233554696292e+00
-6.054517497448348884e+00,-5.961600592363853757e+00
-6.055087793843469512e+00,-5.961648515115578917e+00
-6.054925422788834055e+00,-5.962033094058001303e+00
-6.055297579263235974e+00,-5.962089280968797311e+00
-6.057465817809958963e+00,-5.962508201318597045e+00
-6.055420990627430555e+00,-5.961328920489498806e+00
-6.054587168751209170e+00,-5.961770993262296869e+00
-6.055013674863069184e+00,-5.962388163005517328e+00
-6.036589565379204103e+00,-5.962071523358641656e+00
-6.054764026459700688e+00,-5.962003301482018180e+00
-6.055059031999951991e+00,-5.962148027647852899e+00
-6.055660264025299888e+00,-5.961298170635513038e+00
-6.055062433420253853e+00,-5.961967369221962798e+00
-6.055079742952011124e+00,-5.962462544978529344e+00
-6.054972247277335740e+00,-5.961905702692927633e+00
-6.055069413385624877e+00,-5.961243617607911993e+00
-6.055290538215551521e+00,-5.961947352709121795e+00
-6.054998540008151409e+00,-5.962061673220880209e+00
-6.055075461632609901e+00,-5.961945672123984963e+00
-6.054242902661202130e+00,-5.961673683476597319e+00
-6.055074521338178251e+00,-5.961802705433353111e+00
-6.056805169261785693e+00,-5.962063316479738972e+00
-6.055045637071202691e+00,-5.961591169422854719e+00
-6.055014436278537637e+00,-5.958553053898701712e+00
-6.054992852720103791e+00,-5.962183212937112842e+00
-6.054865540358819409e+00,-5.961928156276851354e+00
-6.055037204522631278e+00,-5.962251209529984664e+00
-6.055288063393632569e+00,-5.962234226221092115e+00
-6.054788917799783121e+00,-5.950055591478889738e+00
-6.054769172951735001e+00,-5.961297997950366856e+00
-6.054995006599376950e+00,-5.962990347871556018e+00
-6.054897048127732440e+00,-5.958899140653065807e+00
-6.054293433039607208e+00,-5.961865732838624865e+00
-6.055071609998653237e+00,-5.962050323168536892e+00
-6.054983490770770693e+00,-5.962105776871707619e+00
-6.055186146678298797e+00,-5.962293582071929166e+00
-6.055068240508010291e+00,-5.962219063430023169e+00
-6.054991883784619056e+00,-5.962075984754612534e+00
-6.055115337586826740e+00,-5.961665542396135997e+00
-6.054847537835385651e+00,-5.961970595434599396e+00
-6.055142735859529779e+00,-5.962086678015192653e+00
-6.054096463396319905e+00,-5.962063754860101206e+00
-6.054581663116496593e+00,-5.962310681125727818e+00
-6.055163947712985717e+00,-5.960323339181721636e+00
-6.055382530433583987e+00,-5.961666533796318390e+00
-6.055111589322715204e+00,-5.961803046759990288e+00
-6.054975646507167575e+00,-5.962036524431275630e+00
-6.055148182286808733e+00,-5.961515075896031135e+00
-6.055192462116548491e+00,-5.961783054308602559e+00
-6.055171528022337490e+00,-5.962037105770966683e+00
-6.055129132150522508e+00,-5.961938044545139093e+00
-6.055084494521203453e+00,-5.961985012220183400e+00
-6.055383057172939232e+00,-5.961318054553938595e+00
-6.055051466164723450e+00,-5.962154650107126308e+00
-6.055068671733152108e+00,-5.962254481848488830e+00
-6.055389683385634214e+00,-5.962090785054550146e+00
-6.053081966443229156e+00,-5.962281276267949792e+00
-6.055098663998792041e+00,-5.961744039564554676e+00
-6.055506926172011362e+00,-5.972280186316252681e+00
-6.055218758293110959e+00,-5.962145250447110634e+00
-6.055055735287665719e+00,-5.961185048241403273e+00
-6.055061533075003943e+00,-5.960309455680943280e+00
-6.055084612080334772e+00,-5.961407045233102053e+00
-6.055041469482411287e+00,-5.964684104564740075e+00
-6.055484980964116914e+00,-5.963404013451694574e+00
-6.055079183732793524e+00,-5.961829336595531714e+00
-6.055121507164533234e+00,-5.962508731609795554e+00
-6.055156955059962876e+00,-5.962481431448402702e+00
-6.055139863504496844e+00,-5.964785972694215843e+00
-6.045565904106017463e+00,-5.961744354458520689e+00
-6.055202680114547320e+00,-5.962183540271704274e+00
-6.055084391255360465e+00,-5.961876978411161154e+00
-6.055042581070029684e+00,-5.962209272830804707e+00
-6.055145098104619095e+00,-5.961858008870109416e+00
-6.055050364202685387e+00,-5.961122573321488538e+00
-6.055084656950080024e+00,-5.960853746403484088e+00
-6.055148062571955592e+00,-5.961875515351618304e+00
-6.054974912087837779e+00,-5.961723254223008084e+00
-6.055112221983633525e+00,-5.962017037201750469e+00
-6.055134440204169799e+00,-5.959914336906551036e+00
-6.054938201694620048e+00,-5.966048663124094986e+00
-6.055349540449269874e+00,-5.962075400209728038e+00
-6.055185249330227393e+00,-5.962412201446083415e+00
-6.055033415964553356e+00,-5.961931192223186571e+00
-6.055142563475248707e+00,-5.961942813700640720e+00
-6.054914015816616590e+00,-5.962083462220665098e+00
-6.054678812372760177e+00,-5.961919528793012901e+00
-6.055123364850275358e+00,-5.961689669687554094e+00
-6.054919706514276356e+00,-5.961935842882447822e+00
-6.055563739851026916e+00,-5.961632419020482132e+00
-6.055039958466050365e+00,-5.961900950885157258e+00
-6.055097248191305681e+00,-5.961811812682909384e+00
-6.055089837196821811e+00,-5.962122219965478642e+00
-6.055075550254984229e+00,-5.962563414010964458e+00
-6.054984927344426282e+00,-5.961623124757182701e+00
-6.055331790674923553e+00,-5.962245749907226333e+00
-6.055184455817336442e+00,-5.961674597777188112e+00
-6.055166126537162796e+00,-5.960231237361789169e+00
-6.055048252724753333e+00,-5.961954902983910287e+00
-6.055134942418323618e+00,-5.962486316673981435e+00
-6.055199770304160012e+00,-5.962188833112223918e+00
-6.055004720455627876e+00,-5.961801803653115961e+00
-6.055282593879608655e+00,-5.962160406633803866e+00
-6.055318536538533358e+00,-5.961957834533434308e+00
-6.055005786287014580e+00,-5.962093349611325976e+00
-6.054976329618503961e+00,-5.962520900385006151e+00
-6.055119772763987385e+00,-5.962062289697791506e+00
-6.055060899789759254e+00,-5.962245849636254036e+00
-6.054237372470621992e+00,-5.961757997598614800e+00
-6.055113810995174539e+00,-5.961828459256365953e+00
-6.054858555097376360e+00,-5.961610160505290246e+00
-6.053022177188334574e+00,-5.961890658849064550e+00
-6.055795668050639513e+00,-5.962063000543281532e+00
-6.055258899462348410e+00,-5.962189134328116147e+00
-6.055148614351657521e+00,-5.962287103659949850e+00
-6.055270139410984243e+00,-5.962146613632715919e+00
-6.046065686303172093e+00,-5.962194447544355569e+00
-6.054661795742664943e+00,-5.962313881361951395e+00
-6.055236332070756511e+00,-5.962122628943819613e+00
-6.055059114254311758e+00,-5.962289891637536421e+00
-6.055474460994560992e+00,-5.962099399877291539e+00
-6.055145776402799385e+00,-5.961722420538570155e+00
-6.054866282842688463e+00,-5.961608014807999290e+00
-6.055343378716366409e+00,-5.962141269558054901e+00
-6.055104380170886813e+00,-5.961467282421388347e+00
-6.082654235104362428e+00,-5.961566206635414922e+00
-6.054925705026048988e+00,-5.962083207543002139e+00
-6.055251237031197498e+00,-5.964195864322725527e+00
-6.054919065368272513e+00,-5.961987591481122450e+00
-6.054922512312096217e+00,-5.961758627389246001e+00
-6.055039868796103342e+00,-5.961380129596727251e+00
-6.055246494167958460e+00,-5.961729613846133091e+00
-6.055016849312689686e+00,-5.961777019983340864e+00
-6.054137590344954134e+00,-5.956762274552151126e+00
-6.055112498367147822e+00,-5.962003116482837761e+00
-6.055101046477140869e+00,-5.961894894864427030e+00
-6.054983543169260685e+00,-5.966007908045369845e+00
-6.055383753995292828e+00,-5.962158427566533803e+00
-6.055233750893903810e+00,-5.961356316520063814e+00
-6.054984852253064709e+00,-5.961450591378580910e+00
-6.055474102504441625e+00,-5.961357619089942439e+00
-6.068999526081214846e+00,-5.961984861717990469e+00
-6.054811611687035189e+00,-5.961786484713769596e+00
-6.055342280960054779e+00,-5.961814198918991892e+00
-6.055008198017742593e+00,-5.961925993951662228e+00
-6.055009138354128240e+00,-5.962037753807393869e+00
-6.055149012012350340e+00,-5.961727529017988303e+00
-6.055040737571934173e+00,-5.961482801163555223e+00
-6.054968797399546965e+00,-5.963823046018061902e+00
-6.055335492197479574e+00,-5.961817518911842306e+00
-6.055024188625390380e+00,-5.962110782823382138e+00
-6.055281226664663841e+00,-5.961776074868225805e+00
-6.054914573344730933e+00,-5.961275619507044432e+00
-6.055132528101826672e+00,-5.962046755341148696e+00
-6.055599423580138918e+00,-5.961716983479282916e+00
-6.055219082833263933e+00,-5.962143616977557237e+00
-6.055374259257689573e+00,-5.961608963011061135e+00
-6.055040298442303737e+00,-5.962100135213693974e+00
-6.055333351714178747e+00,-5.962052837382170623e+00
-6.054938936103956060e+00,-5.961579741806935395e+00
-6.054910844305860351e+00,-5.961375389068802377e+00
-6.055109028549576777e+00,-5.961771441706110508e+00
-6.054156436274753972e+00,-5.963465292316016964e+00
-6.055307459549768900e+00,-5.961059699238776766e+00
-6.055248333847710107e+00,-5.962248377122190135e+00
-6.054963210697512643e+00,-5.965092641444613264e+00
-6.055230930726899885e+00,-5.962775739079782866e+00
-6.055213481804051945e+00,-5.962040949932651657e+00
-6.054633126143754041e+00,-5.961653321881236423e+00
-6.054976940911586780e+00,-5.962577200255125831e+00
-6.054073553223190629e+00,-5.962016976752007480e+00
-6.054983082977085651e+00,-5.961864496928732216e+00
-6.054903668849795473e+00,-5.962055912202377073e+00
-6.055311269449769718e+00,-5.961713949198717444e+00
-6.055109360681043995e+00,-5.962084518717238879e+00
-6.055311439157827991e+00,-5.962395469931898617e+00
-6.054931229443337948e+00,-5.961927066105308981e+00
-6.055361106309767649e+00,-5.962987456948950715e+00
-6.055042365065578913e+00,-5.962081636542312602e+00
-6.051323882096654394e+00,-5.961409962773454474e+00
-6.055101746371660099e+00,-5.961549859535779206e+00
-6.054933330592703555e+00,-5.962137472534176474e+00
-6.055093720895424525e+00,-5.960050297027614796e+00
-6.054918455312002123e+00,-5.961975197746577138e+00
-6.054944478881608916e+00,-5.963377217918879758e+00
-6.055008251681339715e+00,-5.962357140187420690e+00
-6.054914219819224286e+00,-5.962680371722375305e+00
-6.054886010221530057e+00,-5.962873897330982054e+00
-6.055233972365748230e+00,-5.961904321903124249e+00
-6.054981878074130464e+00,-5.961764174502945934e+00
-6.055152522464954501e+00,-5.961024490065984338e+00
-6.055123421908129799e+00,-5.961361946760420416e+00
-6.055902688964707181e+00,-5.961575564058079202e+00
-6.055146589885503694e+00,-5.962099964654909989e+00
-6.055012065664298504e+00,-5.962293885616267275e+00
-6.055242401175848777e+00,-5.961651451820647374e+00
-6.055560030872514155e+00,-5.962275301116070736e+00
-6.054883258989278261e+00,-5.961599121452202610e+00
-6.055147942650130233e+00,-5.961437527152372517e+00
-6.054972779063935384e+00,-5.962547966483647599e+00
-6.055153308886935370e+00,-5.962103445824802783e+00
-6.054876597000710348e+00,-5.961700151085719490e+00
-6.055030913451016517e+00,-5.966829872546370872e+00
-6.055022748731305526e+00,-5.962067677224448303e+00
-6.055105524390529403e+00,-5.961776580717572216e+00
-6.055003478507033243e+00,-5.961250589028328939e+00
-6.055132669375947074e+00,-5.961847809006007637e+00
-6.055712547965569570e+00,-5.961714487262027795e+00
-6.055135992150727731e+00,-5.961793330333482466e+00
-6.055112210778298198e+00,-5.961855046011578452e+00
-6.055257748488860337e+00,-7.197266948504372763e+00
-6.055148183301392706e+00,-5.962481042359889294e+00
-6.055000849014150255e+00,-5.962356510464712933e+00
-6.055002600596296247e+00,-5.962245893998638913e+00
-6.055123028487138015e+00,-5.962383289936828312e+00
-6.055265810701430773e+00,-5.967464352718716114e+00
-6.055015400712402851e+00,-5.961968579248338784e+00
-6.055115896075939474e+00,-5.962126202706693689e+00
-6.053266960393382412e+00,-5.963520483131171446e+00
-6.054920161098652720e+00,-5.959337186716133772e+00
-6.055756858418748223e+00,-5.964748154481359421e+00
-6.054883487465283487e+00,-5.961397625971915915e+00
-6.055144348921313480e+00,-5.962003278949062235e+00
-6.055034555825272946e+00,-5.961972301028051646e+00
-6.055245614174179281e+00,-5.962388137906198260e+00
-6.054938554494883718e+00,-5.961757644473292928e+00
-6.054949969388387032e+00,-5.980615477750473197e+00
-6.055001951950940153e+00,-5.961246969106815285e+00
-6.055157904881802722e+00,-5.961289782034419282e+00
-6.055702482629353511e+00,-5.961631217195523469e+00
-6.055133573447502471e+00,-5.961347409466861258e+00
-6.056004104879208150e+00,-5.961951747098294341e+00
-6.056062580723212463e+00,-5.961751113077961683e+00
-6.055129464018324192e+00,-5.963551225416504842e+00
-6.052504684808178048e+00,-5.964235577233780283e+00
-6.052863985771518074e+00,-5.961846897620354468e+00
-6.054998937131269798e+00,-5.961578611669037464e+00
-6.055429191181872284e+00,-5.961585720565110158e+00
-6.054992036985161974e+00,-5.962633580238498432e+00
-6.055166761980249390e+00,-5.961889781531258592e+00
-6.055029521744840437e+00,-5.961863777255821617e+00
-6.055266652155037121e+00,-5.960745000072148692e+00
-6.054828461700541453e+00,-5.964441430063293303e+00
-6.055233902131337942e+00,-5.962120158122776736e+00
-6.055191130491679452e+00,-5.962501528289948283e+00
-6.055008403485011570e+00,-5.961746392206581646e+00
-6.054990854653426346e+00,-5.962388329505428075e+00
-6.054901124699306969e+00,-5.962512907061270795e+00
-6.054805055481486953e+00,-5.962237769560610801e+00
-6.054771401975583167e+00,-5.962229873121962953e+00
-6.055181800975401707e+00,-5.961846721801623339e+00
-6.054701725720923022e+00,-5.962981748542227400e+00
-6.053697576228312727e+00,-5.959919625618082861e+00
-6.055005907945655963e+00,-5.961595822221923413e+00
-6.055158752905327901e+00,-5.962457158243291921e+00
-6.055185141930855330e+00,-5.962877552348200716e+00
-6.054940285782572928e+00,-5.962044830995719025e+00
-6.054959357530716346e+00,-5.961712874168412668e+00
-6.055308519026611158e+00,-5.961908687688254993e+00
-6.055170674253486318e+00,-5.961963978306553003e+00
-6.055061581329098885e+00,-5.961373507636912095e+00
-6.055212479789607194e+00,-5.962936511100167536e+00
-6.055148338721917156e+00,-5.961949999347161189e+00
-6.052201668625022180e+00,-5.961756516100579439e+00
-6.055042854780381845e+00,-5.961075026395692866e+00
-6.054549445367591431e+00,-5.962341352793661287e+00
-6.055174140414943729e+00,-5.961694629280111180e+00
-6.053999499486560687e+00,-5.962167466321449005e+00
-6.055177198090031965e+00,-5.961941842033221306e+00
-6.054959805344292789e+00,-5.961917778665367429e+00
-6.054023676939539911e+00,-5.961721096914735618e+00
-6.055652441383284845e+00,-5.961572034850764368e+00
-6.055016033807087972e+00,-5.961554384970669140e+00
-6.055268473757106307e+00,-5.962304624212123372e+00
-6.055048346611966892e+00,-5.964211945473006260e+00
-6.054077746539512361e+00,-5.961894936801019895e+00
-6.054807015150020177e+00,-5.962419898119102335e+00
-6.054958162118865950e+00,-5.962203407744200767e+00
-6.054743804487690895e+00,-5.963540136298623118e+00
-6.055072953713094286e+00,-5.962627389414318024e+00
-6.055125681572561369e+00,-5.962193970210968530e+00
-6.054977652196393834e+00,-5.961561068257147156e+00
-6.224293315446026931e+00,-5.972769576251319990e+00
-6.055000296894408329e+00,-5.961385955740715836e+00
-6.054876993443237154e+00,-5.964494015178415154e+00
-6.055126022940809705e+00,-5.961660732409487018e+00
-6.055158955204268167e+00,-5.962105367355728269e+00
-6.054779546630828513e+00,-5.962958640782223263e+00
-6.055413651230889371e+00,-5.960923102450659705e+00
-6.054977443266604809e+00,-5.974672337740524419e+00
-6.055196017228318794e+00,-5.962950276683824491e+00
-6.062161384688025123e+00,-5.962123246123796960e+00
-6.051375071299723629e+00,-5.959355485863230939e+00
-6.056245829038967798e+00,-5.951051301391682813e+00
-6.056157662061835367e+00,-5.961773390487765667e+00
-6.055409179969169386e+00,-5.961766543601647150e+00
-6.055131649510094860e+00,-5.971146092951626905e+00
-6.054677751689545140e+00,-5.960944420658778498e+00
-6.055705166827696218e+00,-5.962279798567130307e+00
-6.055415709553329862e+00,-5.962305293206927814e+00
-6.054934664103502229e+00,-5.961873891949476700e+00
-6.054869658355161555e+00,-5.964003111738863439e+00
-6.009677392162081411e+00,-5.963181909020939919e+00
-6.045042500518075457e+00,-5.961269928728428091e+00
-6.055234643678883977e+00,-5.963763970328711750e+00
-6.055220707423733195e+00,-5.962173502609636522e+00
-6.055018452194254941e+00,-5.965015469857955388e+00
-6.053313032680607719e+00,-5.959749567940907156e+00
-6.055311652271121226e+00,-5.957033029758152409e+00
-6.055250757787786320e+00,-5.961822135803807043e+00
-6.055226496611232356e+00,-5.962183305525022625e+00
-6.055415080012267026e+00,-5.962781841201067579e+00
-6.055177516270974003e+00,-5.965608492716088840e+00
-6.054278316513321379e+00,-5.961667241110699678e+00
-6.053752223852736591e+00,-5.961353033257932310e+00
-6.054972841273216666e+00,-5.940903855551296964e+00
-6.055044866512630186e+00,-5.961420016726136417e+00
-6.054902822409848007e+00,-5.962288800201497985e+00
-6.054819979372925154e+00,-5.961419572187582006e+00
-6.051298895123220944e+00,-5.960434081310162391e+00
-6.055173216503306755e+00,-5.960508380951683449e+00
-6.055101250116024403e+00,-6.014010360025543456e+00
-6.054892944165604085e+00,-5.963933183054225040e+00
-6.055056396497014326e+00,-5.962119998746938876e+00
-6.054955467331788022e+00,-5.963843829908483940e+00
-6.056109031448052349e+00,-5.961537592259383622e+00
-6.054634279420985976e+00,-5.961149524715507297e+00
-6.055178587540311241e+00,-5.961139330207310572e+00
-6.055909379265559167e+00,-5.961507981559344138e+00
-6.054500170463612996e+00,-5.962908704442380525e+00
-6.057753884815377354e+00,-5.961395305487814156e+00
-6.054989671779358318e+00,-6.065728867731575491e+00
-6.055090086891437018e+00,-5.961398942563771897e+00
-6.055289035886309179e+00,-5.961727950459838610e+00
-6.055205907760202955e+00,-5.961972997660407003e+00
-6.054714869225469975e+00,-5.961822926450780713e+00
-6.055142157101498945e+00,-5.961665152056478512e+00
-6.055291105022341469e+00,-5.961738669995423123e+00
-6.055095339795703246e+00,-5.963887870234186650e+00
-6.053168056766772942e+00,-5.959972456394584839e+00
-6.054952986108272484e+00,-5.961398189519147905e+00
-6.054990356813842567e+00,-5.961971194456852530e+00
-6.055101131423894500e+00,-5.961720838320537119e+00
-6.054819026660358539e+00,-5.961952556177102736e+00
-6.055005893027856523e+00,-5.962048814753694970e+00
-6.055418495931274236e+00,-5.961401594880723742e+00
-6.055013787406934966e+00,-5.961552009287964360e+00
-6.062226444574085882e+00,-5.961851885726609623e+00
-6.055607873530452601e+00,-5.961836924673836080e+00
-6.054903930192724104e+00,-5.962443586570810083e+00
-6.055287920246243516e+00,-5.963366284557285901e+00
-6.054911347540894440e+00,-5.961581978042530316e+00
-6.055248911409891299e+00,-5.962359677853124040e+00
-6.055010832151616285e+00,-5.961943067028427024e+00
-6.055292589153283167e+00,-5.962678373593691461e+00
-6.055291626667969496e+00,-5.961627651051005117e+00
-6.055135560161511776e+00,-5.961594802323421760e+00
-6.054953303150938382e+00,-5.961377429464377542e+00
-6.055664991479007497e+00,-5.961894562203241321e+00
-6.055484827465143383e+00,-5.963000841718233858e+00
-6.056047391042238992e+00,-5.964243954438396500e+00
-6.054771700383909661e+00,-5.962424339231912285e+00
-6.055340283860275896e+00,-5.963482060280205665e+00
-6.054951545869375451e+00,-5.969456637545883737e+00
-6.055170116026290295e+00,-5.961195918343952016e+00
-6.055152329908484177e+00,-5.962164589261781167e+00
-6.048426150180133298e+00,-5.958321785051570174e+00
-6.055515826527170908e+00,-5.962165953412585928e+00
-6.054996107487923496e+00,-5.961981131043264881e+00
-6.054832956458772841e+00,-5.961589309321167818e+00
-6.055133124526760113e+00,-5.957202683668460175e+00
-6.055345021450126097e+00,-5.961936576324982084e+00
-6.054700775594501039e+00,-5.961074330396440857e+00
-6.055329415709483243e+00,-5.962036719179064193e+00
-6.055527321528755280e+00,-5.962465151896830129e+00
-6.054475179382476924e+00,-5.972276045431559766e+00
-6.055335317091581793e+00,-5.963012879434147706e+00
-6.055199551095862276e+00,-5.962096321059547677e+00
-6.055259036652774540e+00,-5.957587415206889503e+00
-6.054702830257272517e+00,-5.964173171615872349e+00
-6.053911053381067831e+00,-5.963385810252639807e+00
-6.055066186195883660e+00,-5.977225193979125883e+00
-6.055249588408607053e+00,-5.965737963497372398e+00
-6.054994184599653551e+00,-5.961693513575683667e+00
-6.055242919715865035e+00,-5.961741545221279637e+00
-6.054202435067384869e+00,-5.961485085087912417e+00
-6.055302913137796672e+00,-5.962155516902056362e+00
-6.054657225496593576e+00,-5.962891031806800690e+00
-6.055132953657350825e+00,-5.961447966123887277e+00
-6.055260688722409412e+00,-5.952512735190913062e+00
-6.053743988594944447e+00,-5.961572144790425298e+00
-6.055021671456367827e+00,-5.961993597503880693e+00
-6.054021778520187524e+00,-5.961322881240453064e+00
-6.050698574518801109e+00,-5.961923085458673555e+00
-6.054421207543419392e+00,-5.961554220526729786e+00
-6.054742018496666489e+00,-5.962206382958658679e+00
-6.054945582282768690e+00,-5.960500082892753682e+00
-6.055515262776042462e+00,-5.967534359218178430e+00
-6.055215280556240032e+00,-5.962114118006162755e+00
-6.060031358463476181e+00,-5.962520010620242061e+00
-6.055729641295775068e+00,-5.964234217154501749e+00
-6.055143206846177684e+00,-5.961877887897411021e+00
-6.055552609825542554e+00,-5.961954478215504949e+00
-6.055141102703233358e+00,-5.962150396299136901e+00
-6.054663234973439501e+00,-5.961656698524645748e+00
-6.054730239843330253e+00,-5.961607214092092377e+00
-6.055228943625156290e+00,-5.962247817857606158e+00
-6.055050492580012822e+00,-5.961742524946899380e+00
-6.055433844811473065e+00,-5.962446990894754606e+00
-6.054231352121791865e+00,-5.961432737551199068e+00
-6.055224259333283676e+00,-5.961315497168378386e+00
-6.054988672427928265e+00,-5.961899574342883312e+00
-6.054992208778443796e+00,-5.961084105650853893e+00
-6.055055864718397629e+00,-5.960995604680443982e+00
-6.054712278397996528e+00,-5.961345058225647087e+00
-6.063011536641946364e+00,-5.962284532661940695e+00
-6.054941648652508945e+00,-5.961827354958845859e+00
-6.054934892779186839e+00,-5.961941161307735548e+00
-6.055321602702779415e+00,-5.961897113373385793e+00
-6.055524858530414001e+00,-5.962787282551055057e+00
-6.056652157643767964e+00,-5.961618809139587860e+00
-6.055211944825430237e+00,-5.961735593375369291e+00
-6.055126534754351475e+00,-5.962166953116854629e+00
-6.055244179386853887e+00,-5.961413219424970045e+00
-6.051826554359355903e+00,-5.951314035889988752e+00
-6.054712014719060953e+00,-5.961323806924092139e+00
-6.055588630292588981e+00,-5.960028064382712820e+00
-6.055167553360094601e+00,-5.961883637974883854e+00
-6.053819722136328352e+00,-5.962986287820141840e+00
-6.054578254394694881e+00,-5.958789378675501069e+00
-6.055030393228197028e+00,-5.961932315357378442e+00
-6.054912593644449004e+00,-5.962907978558057209e+00
-6.054917946210555790e+00,-5.961190295584606780e+00
-6.138895384814308187e+00,-5.961569481030565498e+00
-6.054918100459990349e+00,-5.961310447935864509e+00
-6.055417005760780569e+00,-5.968397835859207134e+00
-6.056103966970804109e+00,-5.961671906174295543e+00
-6.055902286405159707e+00,-5.960417085485201660e+00
-6.055155422948315547e+00,-5.961951015734038961e+00
-6.055468406603543130e+00,-5.971487631924805584e+00
-6.054870865877050257e+00,-5.961934669938763420e+00
-6.055032871813816442e+00,-5.962011032605609273e+00
-6.054928717059309129e+00,-5.962651612454527239e+00
-6.055369895134479208e+00,-5.998517808370665172e+00
-6.055422682021861291e+00,-5.963855211285366664e+00
-6.055176843023491351e+00,-5.961177082903204472e+00
-6.054782677405682101e+00,-5.961524717259322870e+00
-6.055107036635909878e+00,-5.962528042884835955e+00
-6.055740273039204702e+00,-5.962063364725565862e+00
-6.054851146279997209e+00,-5.961846558389397366e+00
-6.055336804081260738e+00,-5.961722206236019339e+00
-6.054913236058771631e+00,-5.963369570424784882e+00
-6.055236017741996157e+00,-5.965712725946796802e+00
-6.054823225189981173e+00,-5.960678062588855575e+00
-6.054871164522835691e+00,-5.962534415544573640e+00
-6.053583490906152775e+00,-5.978142555088989063e+00
-6.055196745996631158e+00,-5.955588206787365557e+00
-6.055158734359638473e+00,-5.961838887176405422e+00
-6.054989185465995405e+00,-5.960015499774501180e+00
-6.054680149524183541e+00,-5.962407522173118757e+00
-6.054451511268945652e+00,-5.964426610337420165e+00
-6.055447318112886279e+00,-5.961815335059394094e+00
-6.053413862915451027e+00,-5.962218901340830435e+00
-6.055370832247378488e+00,-5.961897922504433289e+00
-6.055253810979673190e+00,-5.961018360457781107e+00
-6.054212049764796433e+00,-5.962250831977790710e+00
-6.055659050771062368e+00,-5.962171058861154727e+00
-6.054894735129279226e+00,-5.953906763844692307e+00
-6.055154067784613403e+00,-5.960536550756751595e+00
-6.055350631379007531e+00,-5.960955017284235602e+00
-6.055411735894282721e+00,-5.963353150941681946e+00
-6.054095628177281085e+00,-5.960995489186605489e+00
-6.057448955646111521e+00,-5.961959027142603951e+00
-6.055380937456252610e+00,-5.963954963209715743e+00
-6.054862144764228127e+00,-5.962392098183356026e+00
-6.054445866564266865e+00,-5.962029941382386511e+00
-6.054222838821772257e+00,-5.960760305357119648e+00
-6.055469417528171583e+00,-5.962011954738795083e+00
-6.055437138397506303e+00,-5.963171053380686537e+00
-6.055351946339710523e+00,-5.958857316934660808e+00
-6.055263742662559068e+00,-5.958961557493490879e+00
-6.054283269386203870e+00,-5.961576495464867342e+00
-6.055360177838229774e+00,-5.961507893904741451e+00
-6.053785907744956063e+00,-5.967256436550297138e+00
-6.054360917533029962e+00,-5.961692158342200010e+00
-6.054733581581227320e+00,-5.961751254445779580e+00
-6.055438822955710343e+00,-5.962477209146503476e+00
-6.041474437736599867e+00,-5.962005635029339778e+00
-6.055035186141273229e+00,-5.951311951682058066e+00
-6.054901713825390885e+00,-5.961867336463885891e+00
-6.054520784948174139e+00,-5.954521655575198302e+00
-6.055549754173760846e+00,-5.963038052326502303e+00
-6.055717003008680877e+00,-5.961375784073002393e+00
-6.055080539011914453e+00,-5.962170435012932757e+00
-6.052318412614990706e+00,-5.961547868071754408e+00
-6.056021194607619229e+00,-5.963609157743464451e+00
-6.055127413687294791e+00,-5.961601512892102051e+00
-6.055171403487330295e+00,-5.960861427868906048e+00
-6.055041054417264590e+00,-5.962182045742249414e+00
-6.054887510993705035e+00,-5.961509077883241581e+00
-6.055315965885541551e+00,-5.962453045947032848e+00
-6.054625980661241691e+00,-5.962430723894669882e+00
-6.054890744901414656e+00,-5.957450093358541920e+00
-6.056670507122241531e+00,-5.922119785027651240e+00
-6.055156632537539885e+00,-5.961915187731555932e+00
-6.054417917599661081e+00,-5.960877729110407586e+00
-6.055047455503067333e+00,-5.961873031182697957e+00
-6.054591353158082612e+00,-5.963341043618031634e+00
-6.055121789387015951e+00,-5.961358113165732497e+00
-6.054828341224757438e+00,-5.950528637144866906e+00
-6.054416308679900993e+00,-5.961992344927956822e+00
-6.055072873252729693e+00,-5.962319667796186273e+00
-6.054806007233153764e+00,-5.969291149633082938e+00
-6.055028732646292156e+00,-5.962477388791841193e+00
-6.054708328618305657e+00,-5.959360244769584369e+00
-6.055022389141141659e+00,-5.962636486826575322e+00
-6.054939341113907858e+00,-5.962474120490249163e+00
-6.054904448296515973e+00,-5.961191231147346059e+00
-6.057872390912825367e+00,-5.961308424745689116e+00
-6.054923554120044571e+00,-5.960833674143962035e+00
-6.054807113798243101e+00,-5.960649391934472519e+00
-6.055323634831062840e+00,-5.961457528819630092e+00
-6.053603428337255288e+00,-5.962243733420042879e+00
-6.054869695583852796e+00,-5.962964397665978744e+00
-6.054177718563668265e+00,-5.962954933992833162e+00
-6.054537305250813795e+00,-5.961934658163963618e+00
-6.054957116141363116e+00,-5.962529041493703552e+00
-6.054650262932396387e+00,-5.961937789372658614e+00
-6.054655814867302865e+00,-5.961865761232647998e+00
-6.053278328557156307e+00,-5.928220766427266142e+00
-6.054828495874274630e+00,-5.962491555295669876e+00
-6.054858973253807619e+00,-5.961639240316317867e+00
-6.054731251351326726e+00,-5.969572900352101641e+00
-6.055141785992524284e+00,-5.963037552029424759e+00
-6.054736913604456205e+00,-5.962105079568779331e+00
-6.054317092487329077e+00,-5.966245985904523152e+00
-6.055845365929865665e+00,-5.962816241281086782e+00
-6.054650522545536262e+00,-5.961293729334933289e+00
-6.054074361181412733e+00,-5.988462880178664349e+00
-6.055136886750882574e+00,-5.962308589449872187e+00
-6.054913024357082563e+00,-5.961670454668368535e+00
-6.054458475836049125e+00,-5.961311060182914900e+00
-6.054935693092038385e+00,-5.961542885345166631e+00
-6.055609339360029431e+00,-5.961839890934876429e+00
-6.054807516034655279e+00,-5.958807086578171486e+00
-6.055954455167695372e+00,-5.961713062411549302e+00
-6.050460220716114002e+00,-5.963272745958086318e+00
-6.054214062832737220e+00,-5.961352351378175207e+00
-6.055318396993417451e+00,-5.961142228948848043e+00
-6.053769997924287161e+00,-5.961598392349137576e+00
-6.054861028497430908e+00,-5.962222341833204098e+00
-6.055063063528772105e+00,-5.961457847536999033e+00
-6.055859659533817663e+00,-5.962485683247568780e+00
-6.055453769532086916e+00,-5.962418756085974714e+00
-6.054775421968852989e+00,-5.961505245119996133e+00
-6.054975123149490379e+00,-5.962879981534680240e+00
-6.054890314153592357e+00,-5.985494327072439447e+00
-6.054810679881006408e+00,-5.962287428301526582e+00
-6.054539639525581940e+00,-5.961921439965239600e+00
-6.055303647482332075e+00,-5.961750426323317420e+00
-6.055009898089292797e+00,-5.959976851016463684e+00
-6.055290909333457705e+00,-5.961795267253954478e+00
-6.055077308531499725e+00,-5.962735061886725418e+00
-6.050510600617123202e+00,-5.962393839900792081e+00
-6.054938505090584400e+00,-5.979568504615779823e+00
-6.054355717768747702e+00,-5.952813561345898563e+00
-6.055825719519624784e+00,-5.961149740481991977e+00
-6.054763751446816222e+00,-5.961989854256843913e+00
-6.054488276799675717e+00,-5.961639357805859518e+00
-6.055540595158525718e+00,-5.961064008048360563e+00
-6.054741465763738617e+00,-5.960937479558707786e+00
-6.058056234295886355e+00,-5.962095839210560300e+00
-6.055275297930196032e+00,-5.945755976549829569e+00
-6.029078942263607743e+00,-5.963100294656494604e+00
-6.056168402739493750e+00,-5.960955667392319413e+00
-6.054723257215764320e+00,-5.962290544245959723e+00
-6.055304013730722801e+00,-5.962240098944612932e+00
-6.056040582508275705e+00,-5.962020122755228968e+00
-6.050487414500135941e+00,-5.961466920194570918e+00
-6.056254025355245929e+00,-5.962249220069183231e+00
-6.061611571776154506e+00,-5.962055723668806095e+00
-6.054775804181931953e+00,-5.961651796730810915e+00
-6.055292850506404534e+00,-5.957040326905236327e+00
-6.056264012222982274e+00,-5.961429782096875130e+00
-6.055185841178506223e+00,-5.961409860493398050e+00
-6.055795069247594142e+00,-5.966372706012940341e+00
-6.054689311011157926e+00,-5.960458434690560914e+00
-6.056129323014356913e+00,-5.961845477895705514e+00
-6.055030822220256681e+00,-5.960902459948520971e+00
-6.055021145176727515e+00,-5.963523639014161937e+00
-6.058721662314833445e+00,-5.962306013007946603e+00
-6.055343660660492233e+00,-5.960713472959144887e+00
-6.055078556419057456e+00,-5.962578436374633917e+00
-6.056489733627553385e+00,-5.962880858400950501e+00
-6.055089292358802666e+00,-5.961998573206321872e+00
-6.054788513431986985e+00,-5.959206497356876575e+00
-6.054476755256345655e+00,-5.962366175356510034e+00
-6.055138997562153236e+00,-5.962430631900492273e+00
-6.054710965289323177e+00,-5.962533024427428607e+00
-6.055344572530248826e+00,-5.962096674422468823e+00
-6.065733701747310747e+00,-5.960944488383971951e+00
-6.045971326386522904e+00,-5.965122724561124024e+00
-6.054799144847762271e+00,-5.928563411873319922e+00
-6.055493634492346011e+00,-5.962866994499602669e+00
-6.054744877607269871e+00,-5.961374162001180643e+00
-6.055230211886533986e+00,-5.963205311525853425e+00
-6.054925311632000984e+00,-5.961448400294428573e+00
-6.054962873600342022e+00,-5.959319837067281966e+00
-6.055135583342805106e+00,-5.961708478713861226e+00
-6.059674519740177345e+00,-5.962386459107752223e+00
-6.041875375947076243e+00,-5.962227800431056046e+00
-6.055239247134387881e+00,-5.961876699017015113e+00
-6.054190189148378920e+00,-5.962475313003300137e+00
-6.054884970725429305e+00,-5.963237902336612883e+00
-6.054747134587718627e+00,-5.962367955829519950e+00
-6.055568079818535843e+00,-5.961941770098295734e+00
-6.055358825587911831e+00,-5.962419930761728715e+00
-6.055356217845950795e+00,-5.961442443219926446e+00
-6.054769048624450534e+00,-5.975938692051247614e+00
-6.055014273938069458e+00,-5.960032512727265974e+00
-6.054985333808607706e+00,-5.961520628673091515e+00
-6.054876233197253654e+00,-5.961407498429244889e+00
-6.054235733860100055e+00,-5.961790483904332305e+00
-6.054718816146682059e+00,-5.960825804501538094e+00
-6.061848321222594649e+00,-5.953151902516491845e+00
-6.055127451454303866e+00,-5.961480754449330455e+00
-6.054826232352129800e+00,-5.961360234889068188e+00
-6.055206673720354260e+00,-5.962595150584154347e+00
-6.054905332824399800e+00,-5.962338036290430132e+00
-6.056211855854281012e+00,-5.961978008666774187e+00
-6.054825938839690558e+00,-5.961337932749358970e+00
-6.054953519764737280e+00,-5.961167723860291368e+00
-6.058049143661004443e+00,-5.963044719152807538e+00
-6.054118646750398902e+00,-5.960293844552733589e+00
-6.055987998945517425e+00,-5.963946392289870779e+00
-6.054786945536569931e+00,-5.961423321886609727e+00
-6.054879235820306072e+00,-5.960915506555769738e+00
-6.056510698176197138e+00,-5.962184449483787674e+00
-6.055484753235734097e+00,-5.962365431050699272e+00
-6.055174969950114061e+00,-5.960233938883934712e+00
-6.054507290327307167e+00,-5.960917242927187942e+00
-6.039930980731785581e+00,-5.962422022685626821e+00
-6.053581122044593421e+00,-5.958287281109901912e+00
-6.054334282767569242e+00,-5.961568273689000108e+00
-6.055565093326103820e+00,-5.962371772645863821e+00
-6.054864674521914125e+00,-5.961761735782016736e+00
-6.055138183342028135e+00,-5.962970291422400315e+00
-6.054811852199373234e+00,-5.961357339731979010e+00
-6.054770706963859439e+00,-5.973560417477325579e+00
-6.054735362354342953e+00,-5.962236957941715154e+00
-6.055378459649372047e+00,-5.960800765682292557e+00
-6.054931276940338059e+00,-5.960658884983124572e+00
-6.054915697703929567e+00,-5.962900118890459567e+00
-6.054615356015146332e+00,-5.962022920829483041e+00
-6.056290168534107288e+00,-5.957324023175887717e+00
-6.054730750166429587e+00,-5.961785992417472535e+00
-6.054702757263868307e+00,-5.961885335035406186e+00
-6.055105470132875922e+00,-5.962272442964883012e+00
-6.054637367786209978e+00,-5.961852714622750682e+00
-6.054030507125404803e+00,-5.963137740158337863e+00
-6.054463608574522482e+00,-5.961290545332503577e+00
-6.055033381511249146e+00,-5.961252979263875318e+00
-6.055254894263010890e+00,-5.961883279635238786e+00
-6.055369988066239273e+00,-5.963014026562894365e+00
-6.055317056405439047e+00,-5.963815723652387213e+00
-6.059551327042702162e+00,-5.961349534292576635e+00
-6.055061648047693978e+00,-5.963444802393349065e+00
-6.055943857826973975e+00,-5.962153169236450445e+00
-6.067070244281933533e+00,-5.961209053490917675e+00
-6.055006185269110830e+00,-5.962889857117975367e+00
-6.055547485358813375e+00,-5.962107848633997342e+00
-6.053385101745234032e+00,-5.959899665509576394e+00
-6.043141737431912297e+00,-5.960985968314791883e+00
-6.054936158173707561e+00,-5.962334068834671541e+00
-6.054216636552776976e+00,-5.959337583872534871e+00
-6.055246175418936616e+00,-5.961352519165155073e+00
-6.054870505245540713e+00,-5.961577901938764690e+00
-6.055941322810712180e+00,-5.974452972483164537e+00
-6.052245926613148086e+00,-5.962057039191389407e+00
-6.055978378764603320e+00,-5.962368370625817704e+00
-6.055788500258518781e+00,-5.961475750626345160e+00
-6.055449687966565797e+00,-5.962485967453345914e+00
-6.054945368451414289e+00,-5.961338543698363246e+00
-6.052961351296135994e+00,-5.962124193643849601e+00
-5.823287520936560213e+00,-5.968770387935395050e+00
-6.055734518396600485e+00,-5.964692291672092139e+00
-6.054405906644266366e+00,-5.967411268318212336e+00
-6.054765540944176294e+00,-5.962199652331635846e+00
-6.055258064541347629e+00,-5.959827495462545421e+00
-6.054985068833321549e+00,-5.961179924793855278e+00
-6.054533498654645740e+00,-5.961559601136414699e+00
-6.055373959677839757e+00,-5.960661465732989051e+00
-6.054942298384933252e+00,-5.961415107789721723e+00
-6.055116871239746068e+00,-5.961681902369051045e+00
-6.054975754549682065e+00,-5.963085001805125351e+00
-6.054735664064585521e+00,-5.962018562071057737e+00
-6.053623415100506833e+00,-5.960787055398576229e+00
-6.054564002390055322e+00,-5.961301178111098054e+00
-6.054924364924195501e+00,-5.962238415483735565e+00
-6.054849103253131304e+00,-5.961103494602279618e+00
-6.055624124354736182e+00,-5.962093676581940116e+00
-6.054806152864234292e+00,-5.961451499295013612e+00
-6.055094836563995386e+00,-5.962575958853800095e+00
-6.055314165980437480e+00,-5.961701429963827792e+00
-6.051300337756855718e+00,-5.960387099854926873e+00
-6.047686538364942521e+00,-5.969284459279716515e+00
-6.051465190507434144e+00,-5.961416901881626984e+00
-6.055282630777324648e+00,-5.961687690414013474e+00
-6.055422172168031025e+00,-5.957386334753377533e+00
-6.056399438022829429e+00,-5.962188675242624747e+00
-6.055320344081593475e+00,-5.962433736409872509e+00
-6.055041916132552160e+00,-5.962565999159795460e+00
-6.055172094186855425e+00,-5.964218019549647920e+00
-6.055269818696659812e+00,-5.962103347929341268e+00
-6.054994611393170523e+00,-5.962387727223116940e+00
-6.055263663966848675e+00,-5.958918654748168287e+00
-6.054708869540711191e+00,-5.961338364380162957e+00
-6.055083949513679897e+00,-5.962772401469786487e+00
-6.049918971743139195e+00,-5.962054647058689483e+00
-6.055462212163431168e+00,-5.961910914307722464e+00
-6.053962415352922122e+00,-5.962560440041483112e+00
-6.055470587501660340e+00,-5.961734314608904128e+00
-6.054601471387167422e+00,-5.963562040835920897e+00
-6.055684200080202473e+00,-5.985984633661161070e+00
-6.054527685984913532e+00,-5.961177774877646662e+00
-6.055657337680713681e+00,-5.961026950065679841e+00
-6.055457215714599606e+00,-5.961660285523181280e+00
-6.054848514380367419e+00,-5.967807952427404139e+00
-6.054784751478885063e+00,-5.963714602351551264e+00
-6.041293506129688851e+00,-5.961248654726452934e+00
-6.055384113802531942e+00,-5.961592495401816016e+00
-6.057278059032068285e+00,-5.962195971235958680e+00
-6.055544859570615834e+00,-5.965104077648330616e+00
-6.054669430247932027e+00,-5.962132188364632768e+00
-6.054887846326888479e+00,-5.960837694076738913e+00
-6.054106660370834447e+00,-5.960214710243294078e+00
-6.056738456135684068e+00,-6.190773520959034215e+00
-6.054465616399231642e+00,-5.969654812890709650e+00
-6.055036329879162516e+00,-5.960613376755688364e+00
-6.055151182672544152e+00,-5.961711324255393407e+00
-6.072444813632651872e+00,-5.961775124007033355e+00
-6.055501524069930142e+00,-5.976101495515028006e+00
-6.054733123637505265e+00,-5.961953770391243523e+00
-6.055124858797568344e+00,-5.962029771522558974e+00
-6.054777304071780719e+00,-5.961228690987480761e+00
-6.054064694463976437e+00,-5.963296273964069805e+00
-6.060837808412447458e+00,-5.960405327276419030e+00
-6.052495979559521899e+00,-5.964260287038326780e+00
-6.055756863277487412e+00,-5.952696380072325155e+00
-6.055581423583223710e+00,-5.966043260069166188e+00
-6.053835097843617064e+00,-5.960582019886420113e+00
-6.055611084725518900e+00,-5.960533878333249547e+00
-6.055131554095446234e+00,-5.961620626444390503e+00
-6.054893752477630287e+00,-5.957778900506770725e+00
-6.055377641443807413e+00,-5.959941314843302251e+00
-6.054644749630385903e+00,-5.970998201754104784e+00
-6.055494408355393432e+00,-5.962250228547633313e+00
-6.054783335798320287e+00,-5.960379136138197254e+00
-6.055030486035596127e+00,-5.961859549442509731e+00
-6.052293192623493745e+00,-5.961251359601265065e+00
-6.055402196727198927e+00,-5.962674055178156962e+00
-6.081404917191061799e+00,-5.961211796457186018e+00
-6.056827421254837418e+00,-5.964262708176586436e+00
-6.055222493400317596e+00,-5.962051262804749285e+00
-6.054885318156164153e+00,-5.960244616727250921e+00
-6.060245444768714407e+00,-5.962932264510165226e+00
-6.060295294914481268e+00,-5.984509467319269582e+00
-6.054554084492524524e+00,-5.960985704871648139e+00
-6.054876148208100162e+00,-5.958360849970679496e+00
-6.055090369456049615e+00,-5.958876283887255099e+00
-6.055193614563661342e+00,-5.966833521930162476e+00
-6.053557827033021255e+00,-5.961144526244627428e+00
-6.053952656587348713e+00,-5.961837906130018183e+00
-6.056023179773849741e+00,-5.962772113003222074e+00
-6.055443284227937539e+00,-5.962918179682770159e+00
-6.055815236624892961e+00,-5.961821068047519212e+00
-6.055514325222580929e+00,-5.964335837064296264e+00
-6.056231756970489322e+00,-5.963037194376970440e+00
-6.054903827151274065e+00,-5.964797066457184549e+00
-6.054783944205450297e+00,-5.960573295914328718e+00
-6.054716399522652281e+00,-5.955927166130685180e+00
-6.055284133884736519e+00,-5.960899435524199319e+00
-6.049591065162617021e+00,-5.959799586055942733e+00
-6.055709721470218909e+00,-5.959542265693757557e+00
-6.054789924494944131e+00,-5.958657018493976665e+00
-6.051790372253528005e+00,-5.979943522041843984e+00
-6.055089557313521276e+00,-5.960369001166217373e+00
-6.054267822590755799e+00,-5.963567793629178659e+00
-6.037372372638713180e+00,-5.959138396459062292e+00
-6.052869899010802968e+00,-5.961127918186091001e+00
-6.055041096954738578e+00,-5.961948325864212528e+00
-6.055043079739161449e+00,-5.984101310331077173e+00
-6.054613241198260276e+00,-5.961468099045835523e+00
-6.054579707629080154e+00,-5.962379057490622358e+00
-6.054754325962567130e+00,-5.964550530027795006e+00
-6.054569103021616883e+00,-5.961380861825536392e+00
-6.055586061369943707e+00,-5.960876650895968965e+00
-6.053832837528450028e+00,-5.961707660311749812e+00
-6.052512897613306464e+00,-5.959122667311016919e+00
-6.114720826474218995e+00,-5.961585579481334385e+00
-6.054738477985903700e+00,-5.959586239367530958e+00
-6.051845839304438535e+00,-5.977545011645005957e+00
-6.053617251256067533e+00,-5.960894076604336789e+00
-6.049846375540838928e+00,-5.960760131067448953e+00
-6.055490469083967042e+00,-5.962617357923825523e+00
-6.049643780758857226e+00,-5.961941886512541089e+00
-6.054610404501143961e+00,-5.962403065485207598e+00
-6.055460031250921915e+00,-5.969157277404505635e+00
-6.055046580057449113e+00,-5.962856604340386113e+00
-6.059241323773171928e+00,-5.961640025678621946e+00
-6.054807359220363061e+00,-5.962330042940035213e+00
-6.056431603258199736e+00,-5.960389599608734379e+00
-6.053640212718841340e+00,-5.961475482544672744e+00
-6.054165163493546942e+00,-5.961793467109742117e+00
-6.054075291636435985e+00,-5.963144486966276858e+00
-6.055213993450724530e+00,-5.962744127049049325e+00
-6.054272090457939015e+00,-5.970427885867572115e+00
-6.054648372535789136e+00,-5.961602011051425620e+00
-6.056144255197843940e+00,-5.963145953427893886e+00
-6.053862326192678722e+00,-5.961926828368486753e+00
-6.056478961618761758e+00,-5.961716790293141166e+00
-6.055482367143601330e+00,-5.960441949791511540e+00
-6.054879932517792440e+00,-5.969112695557090120e+00
-6.055018674821790015e+00,-5.966842858991491916e+00
-6.054965446901899639e+00,-5.962478702888907911e+00
-6.054886718632747744e+00,-5.962526505013974187e+00
-6.054538893755421647e+00,-5.961445555493960491e+00
-6.054216423778553846e+00,-5.978426445456243243e+00
-6.054686006361831296e+00,-5.986928285827105789e+00
-6.055344359028161705e+00,-5.961841301572384566e+00
-6.054696739308883302e+00,-5.956538195051032325e+00
-6.055583382078493671e+00,-5.961558011483603536e+00
-6.060568930802272547e+00,-5.960565508760305775e+00
-6.055546457975205854e+00,-5.961166151023686410e+00
-6.056422508710584296e+00,-5.964594844350804337e+00
-6.054644118667624753e+00,-5.960161737082628974e+00
-6.054438818766031183e+00,-5.963196692735483140e+00
-6.057134120410172962e+00,-5.962473111498898248e+00
-6.055619856440819682e+00,-5.961441314399654523e+00
-6.055642028592679083e+00,-5.965588277543149687e+00
-6.058767940707788568e+00,-5.961861840151928327e+00
-6.054464943428499168e+00,-5.963404526438212727e+00
-6.054676217475353894e+00,-5.962430456834012737e+00
-6.055222570535994997e+00,-5.962099932403012836e+00
-6.054684965848675660e+00,-5.961454307043340783e+00
-6.054878868625897859e+00,-5.960843072300797907e+00
-6.055475112342635136e+00,-5.962517914563132848e+00
-6.054870200096033273e+00,-5.960426482552136918e+00
-6.054586240056540447e+00,-5.961483423742792276e+00
-6.055221441280887795e+00,-5.972513867534302356e+00
-6.054476263584724904e+00,-5.964211441108234979e+00
-6.054977846149493637e+00,-5.998063876487681689e+00
-6.053259602564620145e+00,-5.963391645078395698e+00
-6.055155162766007848e+00,-5.955369686449189182e+00
-6.053684818732081752e+00,-5.969022240281681491e+00
-6.054648955269648525e+00,-5.962299473515523474e+00
-6.056454599165515873e+00,-5.958369492970493120e+00
-6.054793528073989073e+00,-5.963089358081547608e+00
-6.054800279943409080e+00,-5.962028048361200483e+00
-6.055524145695255100e+00,-5.961754828267718409e+00
-6.054646110244441992e+00,-5.965987838935867593e+00
-6.054776929094515481e+00,-5.962945822345348645e+00
-6.055591076506024351e+00,-5.965692359910270248e+00
-6.054639908691830108e+00,-5.960778420436515290e+00
-6.044858330145011394e+00,-5.962318074546285374e+00
-6.055018704458703382e+00,-5.962703405567185477e+00
-6.055292748239211598e+00,-5.962775409850652686e+00
-6.055485082233317939e+00,-5.961461763335507591e+00
-6.049737737162691253e+00,-5.965065664050736238e+00
-6.054889350380557644e+00,-5.961737290455069171e+00
-6.054544718712617346e+00,-5.964394616000225469e+00
-6.055539280600420682e+00,-5.962010621735914562e+00
-6.057949649601113151e+00,-5.961807135975408123e+00
-6.054892267996250688e+00,-5.961775769136333558e+00
-6.055132182019629994e+00,-5.961437954351508139e+00
-6.056414950487439164e+00,-5.962320290037268045e+00
-6.054582546005761401e+00,-5.962823570038576548e+00
-6.055074618473426540e+00,-5.963635920505794275e+00
-6.055434233429703994e+00,-5.961716525918557608e+00
-6.055003967362926787e+00,-5.959793690551101086e+00
-6.053930375121916008e+00,-5.961699494057652871e+00
-6.054936388827479199e+00,-5.961812943103208084e+00
-6.054770106508418515e+00,-5.960121036244118820e+00
-6.053905821267584031e+00,-5.961350905300709435e+00
-6.050968271393438513e+00,-5.965835270944060298e+00
-6.055445154406012165e+00,-5.961893024909394434e+00
-6.055150298292144129e+00,-5.960097746933143092e+00
-6.055667004507583329e+00,-5.962997376081944800e+00
-6.055194313085600299e+00,-5.962150545626357712e+00
-6.054733455296814171e+00,-5.961328867634298589e+00
