-5.989016267424954520e+00,-5.989016267424954520e+00
-5.988813284221193634e+00,-5.988813284221193634e+00
-5.988610233940218741e+00,-5.988610233940218741e+00
-5.988407503911212793e+00,-5.988407503911212793e+00
-5.988204375174826843e+00,-5.988204375174826843e+00
-5.988001538384598810e+00,-5.988001538384598810e+00
-5.987798450207868051e+00,-5.987798450207868051e+00
-5.987595887627326974e+00,-5.987595887627326974e+00
-5.987392946036509400e+00,-5.987392946036509400e+00
-5.987190044744308715e+00,-5.987190044744308715e+00
-5.986987123717821824e+00,-5.986987123717821824e+00
-5.986784536789548028e+00,-5.986784536789548028e+00
-5.986581626913228149e+00,-5.986581626913228149e+00
-5.986378759231056002e+00,-5.986378759231056002e+00
-5.986175870248094277e+00,-5.986175870248094277e+00
-5.985973118442970531e+00,-5.985973118442970531e+00
-5.985770591047016254e+00,-5.985770591047016254e+00
-5.985567815932232527e+00,-5.985567815932232527e+00
-5.985364935388193253e+00,-5.985364935388193253e+00
-5.985162382334810793e+00,-5.985162382334810793e+00
-5.984959747881377190e+00,-5.984959747881377190e+00
-5.984756990701377788e+00,-5.984756990701377788e+00
-5.984554342183470155e+00,-5.984554342183470155e+00
-5.984351887139498061e+00,-5.984351887139498061e+00
-5.984149265603173617e+00,-5.984149265603173617e+00
-5.983946557167991287e+00,-5.983946557167991287e+00
-5.983743933213330202e+00,-5.983743933213330202e+00
-5.983541224886236520e+00,-5.983541224886236520e+00
-5.983338766549178622e+00,-5.983338766549178622e+00
-5.983136315309161901e+00,-5.983136315309161901e+00
-5.982933906850726125e+00,-5.982933906850726125e+00
-5.982731366615196222e+00,-5.982731366615196222e+00
-5.982528907574895527e+00,-5.982528907574895527e+00
-5.982326619437309034e+00,-5.982326619437309034e+00
-5.982123892852803770e+00,-5.982123892852803770e+00
-5.981921385331911090e+00,-5.981921385331911090e+00
-5.981719195136583345e+00,-5.981719195136583345e+00
-5.981516889124247172e+00,-5.981516889124247172e+00
-5.981314344159114782e+00,-5.981314344159114782e+00
-5.981111950170786784e+00,-5.981111950170786784e+00
-5.980909733539673034e+00,-5.980909733539673034e+00
-5.980707283385493511e+00,-5.980707283385493511e+00
-5.980505137434929175e+00,-5.980505137434929175e+00
-5.980302726601917307e+00,-5.980302726601917307e+00
-5.980100331340969078e+00,-5.980100331340969078e+00
-5.979897977264158726e+00,-5.979897977264158726e+00
-5.979695880295029298e+00,-5.979695880295029298e+00
-5.979493757800546483e+00,-5.979493757800546483e+00
-5.979291758263052259e+00,-5.979291758263052259e+00
-5.979089278570686616e+00,-5.979089278570686616e+00
-5.978887178662162682e+00,-5.978887178662162682e+00
-5.978684774891144471e+00,-5.978684774891144471e+00
-5.978483030256191988e+00,-5.978483030256191988e+00
-5.978280721972098810e+00,-5.978280721972098810e+00
-5.978078565530605459e+00,-5.978078565530605459e+00
-5.977876311962180722e+00,-5.977876311962180722e+00
-5.977674391920783314e+00,-5.977674391920783314e+00
-5.977472391398196194e+00,-5.977472391398196194e+00
-5.977270145724789430e+00,-5.977270145724789430e+00
-5.977068327696266614e+00,-5.977068327696266614e+00
-5.976866388268940788e+00,-5.976866388268940788e+00
-5.976664245312578672e+00,-5.976664245312578672e+00
-5.976462366942838500e+00,-5.976462366942838500e+00
-5.976260272590980804e+00,-5.976260272590980804e+00
-5.976058312867223776e+00,-5.976058312867223776e+00
-5.975856175958748295e+00,-5.975856175958748295e+00
-5.975654415452846813e+00,-5.975654415452846813e+00
-5.975452478237301968e+00,-5.975452478237301968e+00
-5.975250505439595905e+00,-5.975250505439595905e+00
-5.975048703622480417e+00,-5.975048703622480417e+00
-5.974846944251997805e+00,-5.974846944251997805e+00
-5.974645024570306440e+00,-5.974645024570306440e+00
-5.974443139380447576e+00,-5.974443139380447576e+00
-5.974241383711069275e+00,-5.974241383711069275e+00
-5.974039757322535671e+00,-5.974039757322535671e+00
-5.973837931070877794e+00,-5.973837931070877794e+00
-5.973636190850165839e+00,-5.973636190850165839e+00
-5.973434544772934451e+00,-5.973434544772934451e+00
-5.973232773823589525e+00,-5.973232773823589525e+00
-5.973030865258432520e+00,-5.973030865258432520e+00
-5.972829212406042032e+00,-5.972829212406042032e+00
-5.972627734461723570e+00,-5.972627734461723570e+00
-5.972425875174589116e+00,-5.972425875174589116e+00
-5.972224494988246590e+00,-5.972224494988246590e+00
-5.972022700309505439e+00,-5.972022700309505439e+00
-5.971821047616008293e+00,-5.971821047616008293e+00
-5.971619364571614241e+00,-5.971619364571614241e+00
-5.971417876938165392e+00,-5.971417876938165392e+00
-5.971216613900731218e+00,-5.971216613900731218e+00
-5.971014766517626526e+00,-5.971014766517626526e+00
-5.970813360042584783e+00,-5.970813360042584783e+00
-5.970611754909449509e+00,-5.970611754909449509e+00
-5.970410228306920253e+00,-5.970410228306920253e+00
-5.970208879603839947e+00,-5.970208879603839947e+00
-5.970007596006452921e+00,-5.970007596006452921e+00
-5.969806026295189305e+00,-5.969806026295189305e+00
-5.969604641107800092e+00,-5.969604641107800092e+00
-5.969403094383566533e+00,-5.969403094383566533e+00
-5.969201938614236980e+00,-5.969201938614236980e+00
-5.969000373460695563e+00,-5.969000373460695563e+00
-5.968799008492111646e+00,-5.968799008492111646e+00
-5.968597736192069902e+00,-5.968597736192069902e+00
-5.968396527292246567e+00,-5.968396527292246567e+00
-5.968195115416315311e+00,-5.968195115416315311e+00
-5.967993815931103008e+00,-5.967993815931103008e+00
-5.967792507076066677e+00,-5.967792507076066677e+00
-5.967591366114649354e+00,-5.967591366114649354e+00
-5.967390154942646241e+00,-5.967390154942646241e+00
-5.967188928503205148e+00,-5.967188928503205148e+00
-5.966987761196098639e+00,-5.966987761196098639e+00
-5.966786511776097868e+00,-5.966786511776097868e+00
-5.966585372693433698e+00,-5.966585372693433698e+00
-5.966384020286171541e+00,-5.966384020286171541e+00
-5.966183228364290159e+00,-5.966183228364290159e+00
-5.965981872031845157e+00,-5.965981872031845157e+00
-5.965780724915043187e+00,-5.965780724915043187e+00
-5.965579698791016128e+00,-5.965579698791016128e+00
-5.965378665298343819e+00,-5.965378665298343819e+00
-5.965177776724741143e+00,-5.965177776724741143e+00
-5.964976734308987893e+00,-5.964976734308987893e+00
-5.964775538516919440e+00,-5.964775538516919440e+00
-5.964574524309066206e+00,-5.964574524309066206e+00
-5.964373491247004111e+00,-5.964373491247004111e+00
-5.964172427605942239e+00,-5.964172427605942239e+00
-5.963971850507497230e+00,-5.963971850507497230e+00
-5.963770545572933734e+00,-5.963770545572933734e+00
-5.963569929649167101e+00,-5.963569929649167101e+00
-5.963368907850117751e+00,-5.963368907850117751e+00
-5.963168205082424400e+00,-5.963168205082424400e+00
-5.962967085401657208e+00,-5.962967085401657208e+00
-5.962766262270045026e+00,-5.962766262270045026e+00
-5.962565583386469470e+00,-5.962565583386469470e+00
-5.962364757785102221e+00,-5.962364757785102221e+00
-5.962163878610224010e+00,-5.962163878610224010e+00
-5.961963237066557397e+00,-5.961963237066557397e+00
-5.961762272724956624e+00,-5.961762272724956624e+00
-5.961561597789098776e+00,-5.961561597789098776e+00
-5.961360715990265291e+00,-5.961360715990265291e+00
-5.961159984195766093e+00,-5.961159984195766093e+00
-5.960959255624278974e+00,-5.960959255624278974e+00
-5.960758772409278095e+00,-5.960758772409278095e+00
-5.960558343971442241e+00,-5.960558343971442241e+00
-5.960357443173543324e+00,-5.960357443173543324e+00
-5.960156972766744055e+00,-5.960156972766744055e+00
-5.959956231878966726e+00,-5.959956231878966726e+00
-5.959755508031598481e+00,-5.959755508031598481e+00
-5.959555218129597876e+00,-5.959555218129597876e+00
-5.959354555180187418e+00,-5.959354555180187418e+00
-5.959154097443715159e+00,-5.959154097443715159e+00
-5.958953483147460872e+00,-5.958953483147460872e+00
-5.958753036231597910e+00,-5.958753036231597910e+00
-5.958552439242323473e+00,-5.958552439242323473e+00
-5.958352129422737065e+00,-5.958352129422737065e+00
-5.958151412510169109e+00,-5.958151412510169109e+00
-5.957951143153809248e+00,-5.957951143153809248e+00
-5.957750770589033351e+00,-5.957750770589033351e+00
-5.957550085911346827e+00,-5.957550085911346827e+00
-5.957349924718538858e+00,-5.957349924718538858e+00
-5.957149576888511433e+00,-5.957149576888511433e+00
-5.956949162816133736e+00,-5.956949162816133736e+00
-5.956748887694758743e+00,-5.956748887694758743e+00
-5.956548520033759786e+00,-5.956548520033759786e+00
-5.956347981860798946e+00,-5.956347981860798946e+00
-5.956147927625870864e+00,-5.956147927625870864e+00
-5.955947531798596373e+00,-5.955947531798596373e+00
-5.955747449176616470e+00,-5.955747449176616470e+00
-5.955547028921777120e+00,-5.955547028921777120e+00
-5.955347165337118831e+00,-5.955347165337118831e+00
-5.955146701331963222e+00,-5.955146701331963222e+00
-5.954946681324460478e+00,-5.954946681324460478e+00
-5.954746400691775854e+00,-5.954746400691775854e+00
-5.954546296807677663e+00,-5.954546296807677663e+00
-5.954346304495961917e+00,-5.954346304495961917e+00
-5.954146210797442329e+00,-5.954146210797442329e+00
-5.953945995988941142e+00,-5.953945995988941142e+00
-5.953745839199784839e+00,-5.953745839199784839e+00
-5.953545980444337360e+00,-5.953545980444337360e+00
-5.953345737215784972e+00,-5.953345737215784972e+00
-5.953145845165940919e+00,-5.953145845165940919e+00
-5.952945705078855454e+00,-5.952945705078855454e+00
-5.952745555701810076e+00,-5.952745555701810076e+00
-5.952545824999275759e+00,-5.952545824999275759e+00
-5.952345736434066836e+00,-5.952345736434066836e+00
-5.952145912578370002e+00,-5.952145912578370002e+00
-5.951946000320179841e+00,-5.951946000320179841e+00
-5.951745960147635017e+00,-5.951745960147635017e+00
-5.951546087255025874e+00,-5.951546087255025874e+00
-5.951346263844914830e+00,-5.951346263844914830e+00
-5.951146362343503249e+00,-5.951146362343503249e+00
-5.950946496825725518e+00,-5.950946496825725518e+00
-5.950746828769009511e+00,-5.950746828769009511e+00
-5.950546852548566967e+00,-5.950546852548566967e+00
-5.950347040806147625e+00,-5.950347040806147625e+00
-5.950147366470244670e+00,-5.950147366470244670e+00
-5.949947665491697180e+00,-5.949947665491697180e+00
-5.949747852817052873e+00,-5.949747852817052873e+00
-5.949548189516898233e+00,-5.949548189516898233e+00
-5.949348395925576405e+00,-5.949348395925576405e+00
-5.949148748688600996e+00,-5.949148748688600996e+00
-5.948948860680061124e+00,-5.948948860680061124e+00
-5.948749437912359994e+00,-5.948749437912359994e+00
-5.948549653858017372e+00,-5.948549653858017372e+00
-5.948350303022076346e+00,-5.948350303022076346e+00
-5.948150450036354009e+00,-5.948150450036354009e+00
-5.947951050954623398e+00,-5.947951050954623398e+00
-5.947751598053519828e+00,-5.947751598053519828e+00
-5.947551922640324840e+00,-5.947551922640324840e+00
-5.947352392863549220e+00,-5.947352392863549220e+00
-5.947152971714091407e+00,-5.947152971714091407e+00
-5.946953466950994027e+00,-5.946953466950994027e+00
-5.946753750580245246e+00,-5.946753750580245246e+00
-5.946554456570144254e+00,-5.946554456570144254e+00
-5.946355030173355871e+00,-5.946355030173355871e+00
-5.946155476477691160e+00,-5.946155476477691160e+00
-5.945956052337906250e+00,-5.945956052337906250e+00
-5.945756518648185107e+00,-5.945756518648185107e+00
-5.945557481192579097e+00,-5.945557481192579097e+00
-5.945357833166999839e+00,-5.945357833166999839e+00
-5.945158683130413735e+00,-5.945158683130413735e+00
-5.944959306347529449e+00,-5.944959306347529449e+00
-5.944759956410536894e+00,-5.944759956410536894e+00
-5.944560687459367720e+00,-5.944560687459367720e+00
-5.944361375925721447e+00,-5.944361375925721447e+00
-5.944162185686066913e+00,-5.944162185686066913e+00
-5.943963029234212492e+00,-5.943963029234212492e+00
-5.943763728960833603e+00,-5.943763728960833603e+00
-5.943564463990138158e+00,-5.943564463990138158e+00
-5.943365638242387838e+00,-5.943365638242387838e+00
-5.943166025853676260e+00,-5.943166025853676260e+00
-5.942966939246960401e+00,-5.942966939246960401e+00
-5.942768008494658361e+00,-5.942768008494658361e+00
-5.942568788514325462e+00,-5.942568788514325462e+00
-5.942369725287793614e+00,-5.942369725287793614e+00
-5.942170549689072878e+00,-5.942170549689072878e+00
-5.941971657500228154e+00,-5.941971657500228154e+00
-5.941772564744895568e+00,-5.941772564744895568e+00
-5.941573562381108786e+00,-5.941573562381108786e+00
-5.941374296003130162e+00,-5.941374296003130162e+00
-5.941175614437497643e+00,-5.941175614437497643e+00
-5.940976729075567953e+00,-5.940976729075567953e+00
-5.940777634964404363e+00,-5.940777634964404363e+00
-5.940578729288326976e+00,-5.940578729288326976e+00
-5.940379647479248071e+00,-5.940379647479248071e+00
-5.940180791090419632e+00,-5.940180791090419632e+00
-5.939981760350706352e+00,-5.939981760350706352e+00
-5.939783055127846545e+00,-5.939783055127846545e+00
-5.939584086014165543e+00,-5.939584086014165543e+00
-5.939385289564687476e+00,-5.939385289564687476e+00
-5.939186533798664236e+00,-5.939186533798664236e+00
-5.938988004123860520e+00,-5.938988004123860520e+00
-5.938789188419377751e+00,-5.938789188419377751e+00
-5.938590388619844340e+00,-5.938590388619844340e+00
-5.938391529367454069e+00,-5.938391529367454069e+00
-5.938192680271571433e+00,-5.938192680271571433e+00
-5.937993953268239089e+00,-5.937993953268239089e+00
-5.937795527041509480e+00,-5.937795527041509480e+00
-5.937596575040434921e+00,-5.937596575040434921e+00
-5.937397913266565297e+00,-5.937397913266565297e+00
-5.937199346192320704e+00,-5.937199346192320704e+00
-5.937000560778808556e+00,-5.937000560778808556e+00
-5.936801958336781482e+00,-5.936801958336781482e+00
-5.936603612580803713e+00,-5.936603612580803713e+00
-5.936404658669093948e+00,-5.936404658669093948e+00
-5.936206448091617460e+00,-5.936206448091617460e+00
-5.936007888471690919e+00,-5.936007888471690919e+00
-5.935809278958623203e+00,-5.935809278958623203e+00
-5.935610692900382013e+00,-5.935610692900382013e+00
-5.935412249615310110e+00,-5.935412249615310110e+00
-5.935213809267668061e+00,-5.935213809267668061e+00
-5.935015199641708428e+00,-5.935015199641708428e+00
-5.934817038764041541e+00,-5.934817038764041541e+00
-5.934618472942022827e+00,-5.934618472942022827e+00
-5.934420038495757943e+00,-5.934420038495757943e+00
-5.934221731388472421e+00,-5.934221731388472421e+00
-5.934023251789134257e+00,-5.934023251789134257e+00
-5.933825015154825522e+00,-5.933825015154825522e+00
-5.933626632138603973e+00,-5.933626632138603973e+00
-5.933428195979750797e+00,-5.933428195979750797e+00
-5.933230006600867412e+00,-5.933230006600867412e+00
-5.933031718975059654e+00,-5.933031718975059654e+00
-5.932833489924259851e+00,-5.932833489924259851e+00
-5.932635034430181697e+00,-5.932635034430181697e+00
-5.932437044660474612e+00,-5.932437044660474612e+00
-5.932238786537483932e+00,-5.932238786537483932e+00
-5.932040651374343554e+00,-5.932040651374343554e+00
-5.931842376312768117e+00,-5.931842376312768117e+00
-5.931644372846462510e+00,-5.931644372846462510e+00
-5.931446312402192333e+00,-5.931446312402192333e+00
-5.931247871467133947e+00,-5.931247871467133947e+00
-5.931050035186996361e+00,-5.931050035186996361e+00
-5.930851663240698457e+00,-5.930851663240698457e+00
-5.930653659120147303e+00,-5.930653659120147303e+00
-5.930455574095060634e+00,-5.930455574095060634e+00
-5.930257723875336673e+00,-5.930257723875336673e+00
-5.930059890227037833e+00,-5.930059890227037833e+00
-5.929861669587463524e+00,-5.929861669587463524e+00
-5.929663549696957858e+00,-5.929663549696957858e+00
-5.929465725254215336e+00,-5.929465725254215336e+00
-5.929267736906969510e+00,-5.929267736906969510e+00
-5.929069602616427126e+00,-5.929069602616427126e+00
-5.928871877262405832e+00,-5.928871877262405832e+00
-5.928674101476561376e+00,-5.928674101476561376e+00
-5.928476287052027338e+00,-5.928476287052027338e+00
-5.928278265173728911e+00,-5.928278265173728911e+00
-5.928080482896012526e+00,-5.928080482896012526e+00
-5.927882377248527845e+00,-5.927882377248527845e+00
-5.927684666353018272e+00,-5.927684666353018272e+00
-5.927486967741239177e+00,-5.927486967741239177e+00
-5.927289227772206459e+00,-5.927289227772206459e+00
-5.927091335948940554e+00,-5.927091335948940554e+00
-5.926893495452075555e+00,-5.926893495452075555e+00
-5.926695977048237474e+00,-5.926695977048237474e+00
-5.926498190594627680e+00,-5.926498190594627680e+00
-5.926300840768904621e+00,-5.926300840768904621e+00
-5.926102606469660472e+00,-5.926102606469660472e+00
-5.925905262492252135e+00,-5.925905262492252135e+00
-5.925707700575750358e+00,-5.925707700575750358e+00
-5.925509836100151695e+00,-5.925509836100151695e+00
-5.925312243427693915e+00,-5.925312243427693915e+00
-5.925114597889405310e+00,-5.925114597889405310e+00
-5.924917279804499337e+00,-5.924917279804499337e+00
-5.924719386799954357e+00,-5.924719386799954357e+00
-5.924522277559029604e+00,-5.924522277559029604e+00
-5.924324635573111841e+00,-5.924324635573111841e+00
-5.924127020228033835e+00,-5.924127020228033835e+00
-5.923929663452220495e+00,-5.923929663452220495e+00
-5.923732276215953441e+00,-5.923732276215953441e+00
-5.923534761882773836e+00,-5.923534761882773836e+00
-5.923337368747931819e+00,-5.923337368747931819e+00
-5.923139771898279449e+00,-5.923139771898279449e+00
-5.922942401306400484e+00,-5.922942401306400484e+00
-5.922745142948125263e+00,-5.922745142948125263e+00
-5.922547535981472322e+00,-5.922547535981472322e+00
-5.922350560658811602e+00,-5.922350560658811602e+00
-5.922152824906696367e+00,-5.922152824906696367e+00
-5.921955641354254674e+00,-5.921955641354254674e+00
-5.921758389834656633e+00,-5.921758389834656633e+00
-5.921561289957085528e+00,-5.921561289957085528e+00
-5.921363877908093265e+00,-5.921363877908093265e+00
-5.921166501517824976e+00,-5.921166501517824976e+00
-5.920969510611520548e+00,-5.920969510611520548e+00
-5.920772117961764280e+00,-5.920772117961764280e+00
-5.920575052700082885e+00,-5.920575052700082885e+00
-5.920377686615604595e+00,-5.920377686615604595e+00
-5.920180688969188587e+00,-5.920180688969188587e+00
-5.919983632984123112e+00,-5.919983632984123112e+00
-5.919786720736207819e+00,-5.919786720736207819e+00
-5.919589238476352655e+00,-5.919589238476352655e+00
-5.919392180760174149e+00,-5.919392180760174149e+00
-5.919195374317014036e+00,-5.919195374317014036e+00
-5.918998207389873478e+00,-5.918998207389873478e+00
-5.918800870853330842e+00,-5.918800870853330842e+00
-5.918604106727256564e+00,-5.918604106727256564e+00
-5.918407105621583675e+00,-5.918407105621583675e+00
-5.918210291029231129e+00,-5.918210291029231129e+00
-5.918013238281044863e+00,-5.918013238281044863e+00
-5.917816160111843082e+00,-5.917816160111843082e+00
-5.917619373022769302e+00,-5.917619373022769302e+00
-5.917422328456446223e+00,-5.917422328456446223e+00
-5.917225384008500733e+00,-5.917225384008500733e+00
-5.917028797749322777e+00,-5.917028797749322777e+00
-5.916831650866845038e+00,-5.916831650866845038e+00
-5.916634992822794814e+00,-5.916634992822794814e+00
-5.916438085825306281e+00,-5.916438085825306281e+00
-5.916241518003743316e+00,-5.916241518003743316e+00
-5.916044391203596930e+00,-5.916044391203596930e+00
-5.915847643591761518e+00,-5.915847643591761518e+00
-5.915650867500660937e+00,-5.915650867500660937e+00
-5.915454243865295503e+00,-5.915454243865295503e+00
-5.915257810843623787e+00,-5.915257810843623787e+00
-5.915060634339593726e+00,-5.915060634339593726e+00
-5.914864305912278297e+00,-5.914864305912278297e+00
-5.914667471138916888e+00,-5.914667471138916888e+00
-5.914470790783024512e+00,-5.914470790783024512e+00
-5.914274255947677084e+00,-5.914274255947677084e+00
-5.914077441035105132e+00,-5.914077441035105132e+00
-5.913880931080290893e+00,-5.913880931080290893e+00
-5.913684478005906797e+00,-5.913684478005906797e+00
-5.913487956848413774e+00,-5.913487956848413774e+00
-5.913291404082328562e+00,-5.913291404082328562e+00
-5.913094805205528992e+00,-5.913094805205528992e+00
-5.912898377809048256e+00,-5.912898377809048256e+00
-5.912701702863134123e+00,-5.912701702863134123e+00
-5.912505291426302989e+00,-5.912505291426302989e+00
-5.912308966282717293e+00,-5.912308966282717293e+00
-5.912112480153714600e+00,-5.912112480153714600e+00
-5.911915948317804315e+00,-5.911915948317804315e+00
-5.911719518805757190e+00,-5.911719518805757190e+00
-5.911523141089709554e+00,-5.911523141089709554e+00
-5.911326894918206065e+00,-5.911326894918206065e+00
-5.911130330199513949e+00,-5.911130330199513949e+00
-5.910934218322025480e+00,-5.910934218322025480e+00
-5.910737745694128797e+00,-5.910737745694128797e+00
-5.910541476282008766e+00,-5.910541476282008766e+00
-5.910345192119738300e+00,-5.910345192119738300e+00
-5.910148889348883827e+00,-5.910148889348883827e+00
-5.909952838641346240e+00,-5.909952838641346240e+00
-5.909756588020054657e+00,-5.909756588020054657e+00
-5.909560303430192896e+00,-5.909560303430192896e+00
-5.909364059714595108e+00,-5.909364059714595108e+00
-5.909167900261980577e+00,-5.909167900261980577e+00
-5.908971813577828414e+00,-5.908971813577828414e+00
-5.908775459852986245e+00,-5.908775459852986245e+00
-5.908579207247564469e+00,-5.908579207247564469e+00
-5.908383428922761027e+00,-5.908383428922761027e+00
-5.908187473551497426e+00,-5.908187473551497426e+00
-5.907990900832533754e+00,-5.907990900832533754e+00
-5.907795246198338290e+00,-5.907795246198338290e+00
-5.907599084727218397e+00,-5.907599084727218397e+00
-5.907403148624627676e+00,-5.907403148624627676e+00
-5.907206900759294221e+00,-5.907206900759294221e+00
-5.907010936531500001e+00,-5.907010936531500001e+00
-5.906814989436394825e+00,-5.906814989436394825e+00
-5.906618966393825332e+00,-5.906618966393825332e+00
-5.906423071651322410e+00,-5.906423071651322410e+00
-5.906227016581008904e+00,-5.906227016581008904e+00
-5.906031030183461539e+00,-5.906031030183461539e+00
-5.905835546046433571e+00,-5.905835546046433571e+00
-5.905639572136339943e+00,-5.905639572136339943e+00
-5.905443846882038272e+00,-5.905443846882038272e+00
-5.905247731247910359e+00,-5.905247731247910359e+00
-5.905051906231984837e+00,-5.905051906231984837e+00
-5.904856372813340748e+00,-5.904856372813340748e+00
-5.904660577925961107e+00,-5.904660577925961107e+00
-5.904464803764647662e+00,-5.904464803764647662e+00
-5.904268934749497433e+00,-5.904268934749497433e+00
-5.904073065480427651e+00,-5.904073065480427651e+00
-5.903877507349894138e+00,-5.903877507349894138e+00
-5.903681578657345774e+00,-5.903681578657345774e+00
-5.903486016107025058e+00,-5.903486016107025058e+00
-5.903290405180158018e+00,-5.903290405180158018e+00
-5.903094569255237900e+00,-5.903094569255237900e+00
-5.902898968899833676e+00,-5.902898968899833676e+00
-5.902703573161648620e+00,-5.902703573161648620e+00
-5.902507673150260814e+00,-5.902507673150260814e+00
-5.902312030065319348e+00,-5.902312030065319348e+00
-5.902116706981923144e+00,-5.902116706981923144e+00
-5.901921139143121664e+00,-5.901921139143121664e+00
-5.901725820695919111e+00,-5.901725820695919111e+00
-5.901530198735676969e+00,-5.901530198735676969e+00
-5.901334570393493628e+00,-5.901334570393493628e+00
-5.901138953998242620e+00,-5.901138953998242620e+00
-5.900943548059908395e+00,-5.900943548059908395e+00
-5.900748178707312164e+00,-5.900748178707312164e+00
-5.900552439603207411e+00,-5.900552439603207411e+00
-5.900357354147226729e+00,-5.900357354147226729e+00
-5.900161826500795570e+00,-5.900161826500795570e+00
-5.899966742584371815e+00,-5.899966742584371815e+00
-5.899771313174782428e+00,-5.899771313174782428e+00
-5.899575791884881681e+00,-5.899575791884881681e+00
-5.899380572048216642e+00,-5.899380572048216642e+00
-5.899185211353427327e+00,-5.899185211353427327e+00
-5.898989854653866161e+00,-5.898989854653866161e+00
-5.898794743311505329e+00,-5.898794743311505329e+00
-5.898599372109105232e+00,-5.898599372109105232e+00
-5.898404254368085908e+00,-5.898404254368085908e+00
-5.898208978309131822e+00,-5.898208978309131822e+00
-5.898013751203458277e+00,-5.898013751203458277e+00
-5.897818569437796477e+00,-5.897818569437796477e+00
-5.897623414996083113e+00,-5.897623414996083113e+00
-5.897428068276276747e+00,-5.897428068276276747e+00
-5.897232773162093267e+00,-5.897232773162093267e+00
-5.897037854966280079e+00,-5.897037854966280079e+00
-5.896842780821912378e+00,-5.896842780821912378e+00
-5.896647590012843665e+00,-5.896647590012843665e+00
-5.896452781412450328e+00,-5.896452781412450328e+00
-5.896257517957518957e+00,-5.896257517957518957e+00
-5.896062551572615718e+00,-5.896062551572615718e+00
-5.895867482946297145e+00,-5.895867482946297145e+00
-5.895672483627156346e+00,-5.895672483627156346e+00
-5.895477613176957732e+00,-5.895477613176957732e+00
-5.895282716265701772e+00,-5.895282716265701772e+00
-5.895087765851935835e+00,-5.895087765851935835e+00
-5.894892705917243347e+00,-5.894892705917243347e+00
-5.894697749199267811e+00,-5.894697749199267811e+00
-5.894502929245424738e+00,-5.894502929245424738e+00
-5.894307924453883629e+00,-5.894307924453883629e+00
-5.894112955775848484e+00,-5.894112955775848484e+00
-5.893918222041776289e+00,-5.893918222041776289e+00
-5.893723538317939159e+00,-5.893723538317939159e+00
-5.893528319922563874e+00,-5.893528319922563874e+00
-5.893333779486994217e+00,-5.893333779486994217e+00
-5.893138996237348159e+00,-5.893138996237348159e+00
-5.892944082670656059e+00,-5.892944082670656059e+00
-5.892749347311842634e+00,-5.892749347311842634e+00
-5.892554656155374104e+00,-5.892554656155374104e+00
-5.892360018204708005e+00,-5.892360018204708005e+00
-5.892165411704566758e+00,-5.892165411704566758e+00
-5.891970422953760611e+00,-5.891970422953760611e+00
-5.891776022265940327e+00,-5.891776022265940327e+00
-5.891581194656803078e+00,-5.891581194656803078e+00
-5.891386893069646469e+00,-5.891386893069646469e+00
-5.891191978944406493e+00,-5.891191978944406493e+00
-5.890997517285665452e+00,-5.890997517285665452e+00
-5.890802807173907141e+00,-5.890802807173907141e+00
-5.890608335415493002e+00,-5.890608335415493002e+00
-5.890413650024383330e+00,-5.890413650024383330e+00
-5.890219140210139592e+00,-5.890219140210139592e+00
-5.890024448794109801e+00,-5.890024448794109801e+00
-5.889830040994273652e+00,-5.889830040994273652e+00
-5.889635601542577703e+00,-5.889635601542577703e+00
-5.889441391234915280e+00,-5.889441391234915280e+00
-5.889246709795177281e+00,-5.889246709795177281e+00
-5.889052572573540090e+00,-5.889052572573540090e+00
-5.888857787609914851e+00,-5.888857787609914851e+00
-5.888663351018442071e+00,-5.888663351018442071e+00
-5.888469006742978351e+00,-5.888469006742978351e+00
-5.888274761285575920e+00,-5.888274761285575920e+00
-5.888080219257483705e+00,-5.888080219257483705e+00
-5.887886035496355142e+00,-5.887886035496355142e+00
-5.887691858364177300e+00,-5.887691858364177300e+00
-5.887497344844154767e+00,-5.887497344844154767e+00
-5.887303075438325095e+00,-5.887303075438325095e+00
-5.887108565567624296e+00,-5.887108565567624296e+00
-5.886914403370608895e+00,-5.886914403370608895e+00
-5.886720292927680731e+00,-5.886720292927680731e+00
-5.886525942707136139e+00,-5.886525942707136139e+00
-5.886331975671200034e+00,-5.886331975671200034e+00
-5.886137730563320680e+00,-5.886137730563320680e+00
-5.885943498304991195e+00,-5.885943498304991195e+00
-5.885749361400828938e+00,-5.885749361400828938e+00
-5.885555007091130442e+00,-5.885555007091130442e+00
-5.885360820234753376e+00,-5.885360820234753376e+00
-5.885166865248126378e+00,-5.885166865248126378e+00
-5.884972968219354783e+00,-5.884972968219354783e+00
-5.884779016320233147e+00,-5.884779016320233147e+00
-5.884584813907309808e+00,-5.884584813907309808e+00
-5.884390731253460238e+00,-5.884390731253460238e+00
-5.884196729479992172e+00,-5.884196729479992172e+00
-5.884002599584633231e+00,-5.884002599584633231e+00
-5.883808870589631645e+00,-5.883808870589631645e+00
-5.883614835828725020e+00,-5.883614835828725020e+00
-5.883420667299104956e+00,-5.883420667299104956e+00
-5.883226702172526856e+00,-5.883226702172526856e+00
-5.883032995035348378e+00,-5.883032995035348378e+00
-5.882838867274377215e+00,-5.882838867274377215e+00
-5.882644871125752850e+00,-5.882644871125752850e+00
-5.882451167265613456e+00,-5.882451167265613456e+00
-5.882257390578526035e+00,-5.882257390578526035e+00
-5.882063777743670840e+00,-5.882063777743670840e+00
-5.881869725426839501e+00,-5.881869725426839501e+00
-5.881675844798894381e+00,-5.881675844798894381e+00
-5.881482385555162118e+00,-5.881482385555162118e+00
-5.881288426107780687e+00,-5.881288426107780687e+00
-5.881094702070320146e+00,-5.881094702070320146e+00
-5.880900772566556967e+00,-5.880900772566556967e+00
-5.880706844925758681e+00,-5.880706844925758681e+00
-5.880513281052966335e+00,-5.880513281052966335e+00
-5.880319498311020077e+00,-5.880319498311020077e+00
-5.880125934997563419e+00,-5.880125934997563419e+00
-5.879932146446983587e+00,-5.879932146446983587e+00
-5.879738665254895302e+00,-5.879738665254895302e+00
-5.879545041000731942e+00,-5.879545041000731942e+00
-5.879351308845675916e+00,-5.879351308845675916e+00
-5.879158047577107915e+00,-5.879158047577107915e+00
-5.878964297818876972e+00,-5.878964297818876972e+00
-5.878770639824811184e+00,-5.878770639824811184e+00
-5.878576884979123562e+00,-5.878576884979123562e+00
-5.878383635263084273e+00,-5.878383635263084273e+00
-5.878190278150811743e+00,-5.878190278150811743e+00
-5.877996546070544781e+00,-5.877996546070544781e+00
-5.877802802987575959e+00,-5.877802802987575959e+00
-5.877609841313406136e+00,-5.877609841313406136e+00
-5.877416301337047067e+00,-5.877416301337047067e+00
-5.877222936056309521e+00,-5.877222936056309521e+00
-5.877029453300760764e+00,-5.877029453300760764e+00
-5.876835924214574014e+00,-5.876835924214574014e+00
-5.876642626211102893e+00,-5.876642626211102893e+00
-5.876449531414151828e+00,-5.876449531414151828e+00
-5.876255860371665918e+00,-5.876255860371665918e+00
-5.876062681515096031e+00,-5.876062681515096031e+00
-5.875869196920158188e+00,-5.875869196920158188e+00
-5.875675918008124832e+00,-5.875675918008124832e+00
-5.875482532515260203e+00,-5.875482532515260203e+00
-5.875289462445847377e+00,-5.875289462445847377e+00
-5.875095909078392076e+00,-5.875095909078392076e+00
-5.874902816068789946e+00,-5.874902816068789946e+00
-5.874709623715792084e+00,-5.874709623715792084e+00
-5.874516228946752072e+00,-5.874516228946752072e+00
-5.874323247771905621e+00,-5.874323247771905621e+00
-5.874130040570672229e+00,-5.874130040570672229e+00
-5.873936716057686525e+00,-5.873936716057686525e+00
-5.873743727179402185e+00,-5.873743727179402185e+00
-5.873550572300140438e+00,-5.873550572300140438e+00
-5.873357609822331682e+00,-5.873357609822331682e+00
-5.873164351156866303e+00,-5.873164351156866303e+00
-5.872971412736725405e+00,-5.872971412736725405e+00
-5.872778151944716640e+00,-5.872778151944716640e+00
-5.872585177666118206e+00,-5.872585177666118206e+00
-5.872392279394575532e+00,-5.872392279394575532e+00
-5.872199226159342089e+00,-5.872199226159342089e+00
-5.872006104467994980e+00,-5.872006104467994980e+00
-5.871813131123264640e+00,-5.871813131123264640e+00
-5.871620253380419818e+00,-5.871620253380419818e+00
-5.871427125117460122e+00,-5.871427125117460122e+00
-5.871234130789644290e+00,-5.871234130789644290e+00
-5.871041590232383811e+00,-5.871041590232383811e+00
-5.870848378395388423e+00,-5.870848378395388423e+00
-5.870655449944075066e+00,-5.870655449944075066e+00
-5.870463038630703068e+00,-5.870463038630703068e+00
-5.870269918429659839e+00,-5.870269918429659839e+00
-5.870077214582397396e+00,-5.870077214582397396e+00
-5.869883877191901078e+00,-5.869883877191901078e+00
-5.869691294168866591e+00,-5.869691294168866591e+00
-5.869498592189643205e+00,-5.869498592189643205e+00
-5.869305909866056936e+00,-5.869305909866056936e+00
-5.869113024657927724e+00,-5.869113024657927724e+00
-5.868920299573435528e+00,-5.868920299573435528e+00
-5.868727542804763608e+00,-5.868727542804763608e+00
-5.868535160438527853e+00,-5.868535160438527853e+00
-5.868342271755833117e+00,-5.868342271755833117e+00
-5.868149542140081110e+00,-5.868149542140081110e+00
-5.867956922396659003e+00,-5.867956922396659003e+00
-5.867763876176747218e+00,-5.867763876176747218e+00
-5.867571438019684393e+00,-5.867571438019684393e+00
-5.867378820086149638e+00,-5.867378820086149638e+00
-5.867186386881696691e+00,-5.867186386881696691e+00
-5.866993941319848638e+00,-5.866993941319848638e+00
-5.866801304823965779e+00,-5.866801304823965779e+00
-5.866608730116239734e+00,-5.866608730116239734e+00
-5.866416128041592515e+00,-5.866416128041592515e+00
-5.866223771165436141e+00,-5.866223771165436141e+00
-5.866031184666100629e+00,-5.866031184666100629e+00
-5.865838508759654069e+00,-5.865838508759654069e+00
-5.865646407223629843e+00,-5.865646407223629843e+00
-5.865453731846105079e+00,-5.865453731846105079e+00
-5.865261076284879138e+00,-5.865261076284879138e+00
-5.865068691093337172e+00,-5.865068691093337172e+00
-5.864876286976643094e+00,-5.864876286976643094e+00
-5.864683906838082272e+00,-5.864683906838082272e+00
-5.864491797979709098e+00,-5.864491797979709098e+00
-5.864299183201218568e+00,-5.864299183201218568e+00
-5.864106864832352883e+00,-5.864106864832352883e+00
-5.863914466849677432e+00,-5.863914466849677432e+00
-5.863722496925038108e+00,-5.863722496925038108e+00
-5.863530092264189975e+00,-5.863530092264189975e+00
-5.863337565311072197e+00,-5.863337565311072197e+00
-5.863145163789694969e+00,-5.863145163789694969e+00
-5.862953259795308902e+00,-5.862953259795308902e+00
-5.862760711053968343e+00,-5.862760711053968343e+00
-5.862568455598318629e+00,-5.862568455598318629e+00
-5.862376437737938595e+00,-5.862376437737938595e+00
-5.862184130118892611e+00,-5.862184130118892611e+00
-5.861992125590893998e+00,-5.861992125590893998e+00
-5.861799896851537461e+00,-5.861799896851537461e+00
-5.861607766151565535e+00,-5.861607766151565535e+00
-5.861415659111676391e+00,-5.861415659111676391e+00
-5.861223242991958848e+00,-5.861223242991958848e+00
-5.861031383636446712e+00,-5.861031383636446712e+00
-5.860839190136305277e+00,-5.860839190136305277e+00
-5.860647071606140734e+00,-5.860647071606140734e+00
-5.860455170952691084e+00,-5.860455170952691084e+00
-5.860263167493820369e+00,-5.860263167493820369e+00
-5.860070987353862115e+00,-5.860070987353862115e+00
-5.859878961756972870e+00,-5.859878961756972870e+00
-5.859687044327199779e+00,-5.859687044327199779e+00
-5.859495295173677398e+00,-5.859495295173677398e+00
-5.859303256055585329e+00,-5.859303256055585329e+00
-5.859110973736846972e+00,-5.859110973736846972e+00
-5.858919295892250467e+00,-5.858919295892250467e+00
-5.858727375340565757e+00,-5.858727375340565757e+00
-5.858535348131985288e+00,-5.858535348131985288e+00
-5.858343791412035984e+00,-5.858343791412035984e+00
-5.858151839422341745e+00,-5.858151839422341745e+00
-5.857959848985996310e+00,-5.857959848985996310e+00
-5.857767759717200207e+00,-5.857767759717200207e+00
-5.857576452929779798e+00,-5.857576452929779798e+00
-5.857384417417788036e+00,-5.857384417417788036e+00
-5.857192846834433198e+00,-5.857192846834433198e+00
-5.857000525728133233e+00,-5.857000525728133233e+00
-5.856809017118898453e+00,-5.856809017118898453e+00
-5.856617576877664710e+00,-5.856617576877664710e+00
-5.856425582424809484e+00,-5.856425582424809484e+00
-5.856233973552303240e+00,-5.856233973552303240e+00
-5.856042134462770221e+00,-5.856042134462770221e+00
-5.855850373161325173e+00,-5.855850373161325173e+00
-5.855658942076239271e+00,-5.855658942076239271e+00
-5.855466927911471942e+00,-5.855466927911471942e+00
-5.855275187332547482e+00,-5.855275187332547482e+00
-5.855084174308000655e+00,-5.855084174308000655e+00
-5.854892410421345339e+00,-5.854892410421345339e+00
-5.854700875546576810e+00,-5.854700875546576810e+00
-5.854509227685800177e+00,-5.854509227685800177e+00
-5.854317599933237304e+00,-5.854317599933237304e+00
-5.854125906013954328e+00,-5.854125906013954328e+00
-5.853934448014975978e+00,-5.853934448014975978e+00
-5.853742832941522423e+00,-5.853742832941522423e+00
-5.853551404225863841e+00,-5.853551404225863841e+00
-5.853359791628159670e+00,-5.853359791628159670e+00
-5.853168652253272874e+00,-5.853168652253272874e+00
-5.852977123840931384e+00,-5.852977123840931384e+00
-5.852785641673421857e+00,-5.852785641673421857e+00
-5.852594200373792077e+00,-5.852594200373792077e+00
-5.852402684396535548e+00,-5.852402684396535548e+00
-5.852211427352247419e+00,-5.852211427352247419e+00
-5.852019823263936438e+00,-5.852019823263936438e+00
-5.851828686512900113e+00,-5.851828686512900113e+00
-5.851637177969911896e+00,-5.851637177969911896e+00
-5.851445903055423337e+00,-5.851445903055423337e+00
-5.851254791455080984e+00,-5.851254791455080984e+00
-5.851063286054568380e+00,-5.851063286054568380e+00
-5.850871963474676640e+00,-5.850871963474676640e+00
-5.850680720833273618e+00,-5.850680720833273618e+00
-5.850489393664408233e+00,-5.850489393664408233e+00
-5.850298091666934042e+00,-5.850298091666934042e+00
-5.850107125748668757e+00,-5.850107125748668757e+00
-5.849915972067406322e+00,-5.849915972067406322e+00
-5.849724575136217020e+00,-5.849724575136217020e+00
-5.849533438608611746e+00,-5.849533438608611746e+00
-5.849341956984170920e+00,-5.849341956984170920e+00
-5.849151008837329968e+00,-5.849151008837329968e+00
-5.848959650104645469e+00,-5.848959650104645469e+00
-5.848768879815161803e+00,-5.848768879815161803e+00
-5.848577554992598238e+00,-5.848577554992598238e+00
-5.848386520294804214e+00,-5.848386520294804214e+00
-5.848195324260856864e+00,-5.848195324260856864e+00
-5.848004343783146375e+00,-5.848004343783146375e+00
-5.847813584473449566e+00,-5.847813584473449566e+00
-5.847622298061902590e+00,-5.847622298061902590e+00
-5.847431465527711758e+00,-5.847431465527711758e+00
-5.847240374160376675e+00,-5.847240374160376675e+00
-5.847049481799563075e+00,-5.847049481799563075e+00
-5.846858373891376637e+00,-5.846858373891376637e+00
-5.846667363317963328e+00,-5.846667363317963328e+00
-5.846476362703489471e+00,-5.846476362703489471e+00
-5.846285587089293578e+00,-5.846285587089293578e+00
-5.846094475724673778e+00,-5.846094475724673778e+00
-5.845903293067281403e+00,-5.845903293067281403e+00
-5.845712959497435079e+00,-5.845712959497435079e+00
-5.845521930164673030e+00,-5.845521930164673030e+00
-5.845331211833607377e+00,-5.845331211833607377e+00
-5.845140157655033697e+00,-5.845140157655033697e+00
-5.844949345650515937e+00,-5.844949345650515937e+00
-5.844758547966863560e+00,-5.844758547966863560e+00
-5.844567823399308359e+00,-5.844567823399308359e+00
-5.844376990907129255e+00,-5.844376990907129255e+00
-5.844185990862321489e+00,-5.844185990862321489e+00
-5.843995492350476439e+00,-5.843995492350476439e+00
-5.843804779698134055e+00,-5.843804779698134055e+00
-5.843613894421642918e+00,-5.843613894421642918e+00
-5.843422962341405125e+00,-5.843422962341405125e+00
-5.843232469655199601e+00,-5.843232469655199601e+00
-5.843041644464922690e+00,-5.843041644464922690e+00
-5.842851121891719401e+00,-5.842851121891719401e+00
-5.842660465591393404e+00,-5.842660465591393404e+00
-5.842469948517244660e+00,-5.842469948517244660e+00
-5.842279339613722478e+00,-5.842279339613722478e+00
-5.842088539415475346e+00,-5.842088539415475346e+00
-5.841898055034762116e+00,-5.841898055034762116e+00
-5.841707405846198853e+00,-5.841707405846198853e+00
-5.841516904816002942e+00,-5.841516904816002942e+00
-5.841326331801121263e+00,-5.841326331801121263e+00
-5.841135969035455844e+00,-5.841135969035455844e+00
-5.840945604317471229e+00,-5.840945604317471229e+00
-5.840754701263412230e+00,-5.840754701263412230e+00
-5.840564377560763631e+00,-5.840564377560763631e+00
-5.840373716192590159e+00,-5.840373716192590159e+00
-5.840183108504825249e+00,-5.840183108504825249e+00
-5.839992780057917443e+00,-5.839992780057917443e+00
-5.839802475535806892e+00,-5.839802475535806892e+00
-5.839612139151032721e+00,-5.839612139151032721e+00
-5.839421702104687029e+00,-5.839421702104687029e+00
-5.839231433080215972e+00,-5.839231433080215972e+00
-5.839040985871586820e+00,-5.839040985871586820e+00
-5.838850303389478746e+00,-5.838850303389478746e+00
-5.838659899595581848e+00,-5.838659899595581848e+00
-5.838470049940730711e+00,-5.838470049940730711e+00
-5.838279387785481056e+00,-5.838279387785481056e+00
-5.838089195313187041e+00,-5.838089195313187041e+00
-5.837898754281463098e+00,-5.837898754281463098e+00
-5.837708698413793584e+00,-5.837708698413793584e+00
-5.837518382416331697e+00,-5.837518382416331697e+00
-5.837328038838008659e+00,-5.837328038838008659e+00
-5.837137700209794389e+00,-5.837137700209794389e+00
-5.836947470644447300e+00,-5.836947470644447300e+00
-5.836757625635300428e+00,-5.836757625635300428e+00
-5.836567267242201318e+00,-5.836567267242201318e+00
-5.836377029842563680e+00,-5.836377029842563680e+00
-5.836186795009387751e+00,-5.836186795009387751e+00
-5.835996795197993414e+00,-5.835996795197993414e+00
-5.835806520765575378e+00,-5.835806520765575378e+00
-5.835616484045620389e+00,-5.835616484045620389e+00
-5.835426316647342126e+00,-5.835426316647342126e+00
-5.835236100929082070e+00,-5.835236100929082070e+00
-5.835046057194632318e+00,-5.835046057194632318e+00
-5.834855931791461892e+00,-5.834855931791461892e+00
-5.834666244432007431e+00,-5.834666244432007431e+00
-5.834476105902282939e+00,-5.834476105902282939e+00
-5.834286302215507369e+00,-5.834286302215507369e+00
-5.834096003059717539e+00,-5.834096003059717539e+00
-5.833906169615714177e+00,-5.833906169615714177e+00
-5.833716094972659860e+00,-5.833716094972659860e+00
-5.833525945227046705e+00,-5.833525945227046705e+00
-5.833336084389633136e+00,-5.833336084389633136e+00
-5.833146083497782186e+00,-5.833146083497782186e+00
-5.832956269368718694e+00,-5.832956269368718694e+00
-5.832766473596090684e+00,-5.832766473596090684e+00
-5.832576357626106045e+00,-5.832576357626106045e+00
-5.832386598948800405e+00,-5.832386598948800405e+00
-5.832196748191014635e+00,-5.832196748191014635e+00
-5.832006926290075555e+00,-5.832006926290075555e+00
-5.831817081152657956e+00,-5.831817081152657956e+00
-5.831627398780909743e+00,-5.831627398780909743e+00
-5.831437375868083528e+00,-5.831437375868083528e+00
-5.831247609696091239e+00,-5.831247609696091239e+00
-5.831057666491839875e+00,-5.831057666491839875e+00
-5.830868145348981457e+00,-5.830868145348981457e+00
-5.830678265599853027e+00,-5.830678265599853027e+00
-5.830488501452849803e+00,-5.830488501452849803e+00
-5.830299031034349433e+00,-5.830299031034349433e+00
-5.830108872832322930e+00,-5.830108872832322930e+00
-5.829919274148348762e+00,-5.829919274148348762e+00
-5.829730036144950667e+00,-5.829730036144950667e+00
-5.829540322123968110e+00,-5.829540322123968110e+00
-5.829350307683558441e+00,-5.829350307683558441e+00
-5.829160784623869773e+00,-5.829160784623869773e+00
-5.828970873709907963e+00,-5.828970873709907963e+00
-5.828781324584232593e+00,-5.828781324584232593e+00
-5.828592254519978866e+00,-5.828592254519978866e+00
-5.828402409490306191e+00,-5.828402409490306191e+00
-5.828212901361662368e+00,-5.828212901361662368e+00
-5.828023173224073261e+00,-5.828023173224073261e+00
-5.827833886136351005e+00,-5.827833886136351005e+00
-5.827644084566102833e+00,-5.827644084566102833e+00
-5.827454617341690124e+00,-5.827454617341690124e+00
-5.827264924967360926e+00,-5.827264924967360926e+00
-5.827075537427777618e+00,-5.827075537427777618e+00
-5.826886325910842324e+00,-5.826886325910842324e+00
-5.826696564446793403e+00,-5.826696564446793403e+00
-5.826506946338352755e+00,-5.826506946338352755e+00
-5.826318256400854878e+00,-5.826318256400854878e+00
-5.826128673680313064e+00,-5.826128673680313064e+00
-5.825938966150422615e+00,-5.825938966150422615e+00
-5.825749424594660830e+00,-5.825749424594660830e+00
-5.825560197470525559e+00,-5.825560197470525559e+00
-5.825371109072153608e+00,-5.825371109072153608e+00
-5.825181463593774644e+00,-5.825181463593774644e+00
-5.824992357602981841e+00,-5.824992357602981841e+00
-5.824802655071719570e+00,-5.824802655071719570e+00
-5.824613439699876771e+00,-5.824613439699876771e+00
-5.824423963339274479e+00,-5.824423963339274479e+00
-5.824234873374757093e+00,-5.824234873374757093e+00
-5.824045548267601013e+00,-5.824045548267601013e+00
-5.823856386187439504e+00,-5.823856386187439504e+00
-5.823666984892290621e+00,-5.823666984892290621e+00
-5.823477966592242261e+00,-5.823477966592242261e+00
-5.823288700672089924e+00,-5.823288700672089924e+00
-5.823099630354065859e+00,-5.823099630354065859e+00
-5.822910390099258038e+00,-5.822910390099258038e+00
-5.822720995084113227e+00,-5.822720995084113227e+00
-5.822532160993405093e+00,-5.822532160993405093e+00
-5.822343049600283926e+00,-5.822343049600283926e+00
-5.822153624107303749e+00,-5.822153624107303749e+00
-5.821964572314042741e+00,-5.821964572314042741e+00
-5.821775318233825658e+00,-5.821775318233825658e+00
-5.821586438847466738e+00,-5.821586438847466738e+00
-5.821397454152164030e+00,-5.821397454152164030e+00
-5.821208308162359124e+00,-5.821208308162359124e+00
-5.821019120852125361e+00,-5.821019120852125361e+00
-5.820830273268819965e+00,-5.820830273268819965e+00
-5.820641322380606830e+00,-5.820641322380606830e+00
-5.820451878839975279e+00,-5.820451878839975279e+00
-5.820263207555423257e+00,-5.820263207555423257e+00
-5.820074039860061887e+00,-5.820074039860061887e+00
-5.819884911671220351e+00,-5.819884911671220351e+00
-5.819696279701865649e+00,-5.819696279701865649e+00
-5.819507352483767271e+00,-5.819507352483767271e+00
-5.819318546624343114e+00,-5.819318546624343114e+00
-5.819129485727623674e+00,-5.819129485727623674e+00
-5.818940034423347285e+00,-5.818940034423347285e+00
-5.818751819818775317e+00,-5.818751819818775317e+00
-5.818562859065416148e+00,-5.818562859065416148e+00
-5.818373763307958413e+00,-5.818373763307958413e+00
-5.818185161845534026e+00,-5.818185161845534026e+00
-5.817996261725454588e+00,-5.817996261725454588e+00
-5.817807212933852057e+00,-5.817807212933852057e+00
-5.817618854036998854e+00,-5.817618854036998854e+00
-5.817429802761957980e+00,-5.817429802761957980e+00
-5.817240827328101993e+00,-5.817240827328101993e+00
-5.817052099629771433e+00,-5.817052099629771433e+00
-5.816863270523883855e+00,-5.816863270523883855e+00
-5.816674729100140162e+00,-5.816674729100140162e+00
-5.816486195631351386e+00,-5.816486195631351386e+00
-5.816297104787931715e+00,-5.816297104787931715e+00
-5.816108568239002352e+00,-5.816108568239002352e+00
-5.815919842126492156e+00,-5.815919842126492156e+00
-5.815731309152602613e+00,-5.815731309152602613e+00
-5.815542595798575576e+00,-5.815542595798575576e+00
-5.815353949459461269e+00,-5.815353949459461269e+00
-5.815165153591370206e+00,-5.815165153591370206e+00
-5.814976859921476837e+00,-5.814976859921476837e+00
-5.814787995268036802e+00,-5.814787995268036802e+00
-5.814599570636764803e+00,-5.814599570636764803e+00
-5.814410782689627410e+00,-5.814410782689627410e+00
-5.814222362995082882e+00,-5.814222362995082882e+00
-5.814033811623424697e+00,-5.814033811623424697e+00
-5.813844877831373381e+00,-5.813844877831373381e+00
-5.813656938898149384e+00,-5.813656938898149384e+00
-5.813468201488591447e+00,-5.813468201488591447e+00
-5.813279520048017623e+00,-5.813279520048017623e+00
-5.813091264713580841e+00,-5.813091264713580841e+00
-5.812902485550374365e+00,-5.812902485550374365e+00
-5.812713932349949708e+00,-5.812713932349949708e+00
-5.812525752876567253e+00,-5.812525752876567253e+00
-5.812337163569464060e+00,-5.812337163569464060e+00
-5.812149224241922596e+00,-5.812149224241922596e+00
-5.811960484217277845e+00,-5.811960484217277845e+00
-5.811771993969056638e+00,-5.811771993969056638e+00
-5.811583543398266549e+00,-5.811583543398266549e+00
-5.811395376348015063e+00,-5.811395376348015063e+00
-5.811207196152735399e+00,-5.811207196152735399e+00
-5.811018506883700141e+00,-5.811018506883700141e+00
-5.810830101127229419e+00,-5.810830101127229419e+00
-5.810642162987606163e+00,-5.810642162987606163e+00
-5.810453842308355377e+00,-5.810453842308355377e+00
-5.810264838041590885e+00,-5.810264838041590885e+00
-5.810077260414912459e+00,-5.810077260414912459e+00
-5.809888786543195849e+00,-5.809888786543195849e+00
-5.809700360955170062e+00,-5.809700360955170062e+00
-5.809512402329324310e+00,-5.809512402329324310e+00
-5.809324018298475778e+00,-5.809324018298475778e+00
-5.809135775372785027e+00,-5.809135775372785027e+00
-5.808948039932103846e+00,-5.808948039932103846e+00
-5.808759445100023733e+00,-5.808759445100023733e+00
-5.808571152227647971e+00,-5.808571152227647971e+00
-5.808383071666282760e+00,-5.808383071666282760e+00
-5.808194812770842042e+00,-5.808194812770842042e+00
-5.808006955853452169e+00,-5.808006955853452169e+00
-5.807818706470879278e+00,-5.807818706470879278e+00
-5.807630679941917506e+00,-5.807630679941917506e+00
-5.807442396187266098e+00,-5.807442396187266098e+00
-5.807254385136370267e+00,-5.807254385136370267e+00
-5.807066171015422995e+00,-5.807066171015422995e+00
-5.806878343929123609e+00,-5.806878343929123609e+00
-5.806690242528505408e+00,-5.806690242528505408e+00
-5.806502235409702450e+00,-5.806502235409702450e+00
-5.806313926991639285e+00,-5.806313926991639285e+00
-5.806126176584910148e+00,-5.806126176584910148e+00
-5.805938374236270683e+00,-5.805938374236270683e+00
-5.805750335907304382e+00,-5.805750335907304382e+00
-5.805562217521190504e+00,-5.805562217521190504e+00
-5.805374394513874492e+00,-5.805374394513874492e+00
-5.805186432355337267e+00,-5.805186432355337267e+00
-5.804998306981177691e+00,-5.804998306981177691e+00
-5.804810434257613672e+00,-5.804810434257613672e+00
-5.804622457075534925e+00,-5.804622457075534925e+00
-5.804434510852706453e+00,-5.804434510852706453e+00
-5.804246857979942220e+00,-5.804246857979942220e+00
-5.804058723515750806e+00,-5.804058723515750806e+00
-5.803870949070651264e+00,-5.803870949070651264e+00
-5.803683134218791118e+00,-5.803683134218791118e+00
-5.803495206395207440e+00,-5.803495206395207440e+00
-5.803307582654294805e+00,-5.803307582654294805e+00
-5.803119821073785545e+00,-5.803119821073785545e+00
-5.802931704663339296e+00,-5.802931704663339296e+00
-5.802743714037524647e+00,-5.802743714037524647e+00
-5.802556522870351507e+00,-5.802556522870351507e+00
-5.802368663366311630e+00,-5.802368663366311630e+00
-5.802180808963899317e+00,-5.802180808963899317e+00
-5.801993265627470642e+00,-5.801993265627470642e+00
-5.801805333945628362e+00,-5.801805333945628362e+00
-5.801617752384005122e+00,-5.801617752384005122e+00
-5.801430188321213599e+00,-5.801430188321213599e+00
-5.801242320106743122e+00,-5.801242320106743122e+00
-5.801054617948970815e+00,-5.801054617948970815e+00
-5.800867317669326617e+00,-5.800867317669326617e+00
-5.800679217998055748e+00,-5.800679217998055748e+00
-5.800491821192463426e+00,-5.800491821192463426e+00
-5.800304276202409071e+00,-5.800304276202409071e+00
-5.800116469196185953e+00,-5.800116469196185953e+00
-5.799929136554576203e+00,-5.799929136554576203e+00
-5.799741339550594788e+00,-5.799741339550594788e+00
-5.799553826230236631e+00,-5.799553826230236631e+00
-5.799366190636226825e+00,-5.799366190636226825e+00
-5.799178411938008537e+00,-5.799178411938008537e+00
-5.798991146913672345e+00,-5.798991146913672345e+00
-5.798803679715432757e+00,-5.798803679715432757e+00
-5.798615732950996637e+00,-5.798615732950996637e+00
-5.798428974712960482e+00,-5.798428974712960482e+00
-5.798241107194653132e+00,-5.798241107194653132e+00
-5.798053867340446921e+00,-5.798053867340446921e+00
-5.797866106742949555e+00,-5.797866106742949555e+00
-5.797678845266820424e+00,-5.797678845266820424e+00
-5.797491134567716919e+00,-5.797491134567716919e+00
-5.797303877975120479e+00,-5.797303877975120479e+00
-5.797116451360816214e+00,-5.797116451360816214e+00
-5.796929290713174865e+00,-5.796929290713174865e+00
-5.796741574621454340e+00,-5.796741574621454340e+00
-5.796554392229674058e+00,-5.796554392229674058e+00
-5.796367152467590600e+00,-5.796367152467590600e+00
-5.796179803079056114e+00,-5.796179803079056114e+00
-5.795992241095045294e+00,-5.795992241095045294e+00
-5.795804965348247073e+00,-5.795804965348247073e+00
-5.795617719812327095e+00,-5.795617719812327095e+00
-5.795430264633217199e+00,-5.795430264633217199e+00
-5.795243428609982317e+00,-5.795243428609982317e+00
-5.795055461530821184e+00,-5.795055461530821184e+00
-5.794868609330735332e+00,-5.794868609330735332e+00
-5.794681688789389717e+00,-5.794681688789389717e+00
-5.794493966765812409e+00,-5.794493966765812409e+00
