-2.898140438390413021e-01,1.307470661634970277e+00
-2.863105403355377110e-01,1.310974165138474312e+00
-2.828070368320303452e-01,1.314477668641981456e+00
-2.793035333285265320e-01,1.317981172145485269e+00
-2.758000298250278259e-01,1.321484675648984197e+00
-2.722965263215217924e-01,1.324988179152490009e+00
-2.687930228180201997e-01,1.328491682655991823e+00
-2.652895193145128339e-01,1.331995186159498967e+00
-2.617860158110090207e-01,1.335498689663002780e+00
-2.582825123075103146e-01,1.339002193166501709e+00
-2.547790088040042811e-01,1.342505696670007520e+00
-2.512755053005026884e-01,1.346009200173509335e+00
-2.477720017969953226e-01,1.349512703677016479e+00
-2.442684982934915094e-01,1.353016207180520292e+00
-2.407649947899928033e-01,1.356519710684019220e+00
-2.372614912864867698e-01,1.360023214187525031e+00
-2.337579877829851771e-01,1.363526717691026846e+00
-2.302544842794778113e-01,1.367030221194533990e+00
-2.267509807759739981e-01,1.370533724698037803e+00
-2.232474772724752921e-01,1.374037228201536731e+00
-2.197439737689692585e-01,1.377540731705042543e+00
-2.162404702654676658e-01,1.381044235208544357e+00
-2.127369667619603000e-01,1.384547738712051501e+00
-2.092334632584564869e-01,1.388051242215555314e+00
-2.057299597549577808e-01,1.391554745719054242e+00
-2.022264562514517472e-01,1.395058249222560054e+00
-1.987229527479500435e-01,1.398561752726061869e+00
-1.952194492444427887e-01,1.402065256229569012e+00
-1.917159457409389756e-01,1.405568759733072826e+00
-1.882124422374401584e-01,1.409072263236571754e+00
-1.847089387339342359e-01,1.412575766740077565e+00
-1.812054352304325322e-01,1.416079270243579380e+00
-1.777019317269252774e-01,1.419582773747086524e+00
-1.741984282234214643e-01,1.423086277250590337e+00
-1.706949247199226471e-01,1.426589780754089265e+00
-1.671914212164167246e-01,1.430093284257595077e+00
-1.636879177129150209e-01,1.433596787761096891e+00
-1.601844142094077661e-01,1.437100291264604035e+00
-1.566809107059039530e-01,1.440603794768107848e+00
-1.531774072024051359e-01,1.444107298271606776e+00
-1.496739036988992133e-01,1.447610801775112588e+00
-1.461704001953975096e-01,1.451114305278614403e+00
-1.426668966918902548e-01,1.454617808782121546e+00
-1.391633931883864417e-01,1.458121312285625359e+00
-1.356598896848876246e-01,1.461624815789124288e+00
-1.321563861813817020e-01,1.465128319292630099e+00
-1.286528826778799983e-01,1.468631822796131914e+00
-1.251493791743727435e-01,1.472135326299639058e+00
-1.216458756708689304e-01,1.475638829803142871e+00
-1.181423721673701133e-01,1.479142333306641799e+00
-1.146388686638641907e-01,1.482645836810147610e+00
-1.111353651603624870e-01,1.486149340313649425e+00
-1.076318616568552322e-01,1.489652843817156569e+00
-1.041283581533514191e-01,1.493156347320660382e+00
-1.006248546498526020e-01,1.496659850824159310e+00
-9.712135114634667943e-02,1.500163354327665122e+00
-9.361784764284497573e-02,1.503666857831166936e+00
-9.011434413933772092e-02,1.507170361334674080e+00
-8.661084063583390780e-02,1.510673864838177893e+00
-8.310733713233509068e-02,1.514177368341676821e+00
-7.960383362882916813e-02,1.517680871845182633e+00
-7.610033012532746444e-02,1.521184375348684448e+00
-7.259682662182020962e-02,1.524687878852191592e+00
-6.909332311831639650e-02,1.528191382355695405e+00
-6.558981961481757939e-02,1.531694885859194333e+00
-6.208631611131165684e-02,1.535198389362700144e+00
-5.858281260780995314e-02,1.538701892866201959e+00
-5.507930910430269833e-02,1.542205396369709103e+00
-5.157580560079888521e-02,1.545708899873212916e+00
-4.807230209730006809e-02,1.549212403376711844e+00
-4.456879859379414555e-02,1.552715906880217656e+00
-4.106529509029244185e-02,1.556219410383719470e+00
-3.756179158678518704e-02,1.559722913887226614e+00
-3.405828808328137391e-02,1.563226417390730427e+00
-3.055478457978255680e-02,1.566729920894229355e+00
-2.705128107627663425e-02,1.570233424397735167e+00
-2.354777757277493055e-02,1.573736927901236982e+00
-2.004427406926767574e-02,1.577240431404744125e+00
-1.654077056576386262e-02,1.580743934908247939e+00
-1.303726706226504550e-02,1.584247438411746867e+00
-9.533763558759122958e-03,1.587750941915252678e+00
-6.030260055257419260e-03,1.591254445418754493e+00
-2.526756551750164448e-03,1.594757948922261637e+00
9.767469517516502719e-04,1.598261452425763451e+00
4.480250455253242947e-03,1.601764955929265044e+00
7.983753958764827630e-03,1.605268459432776629e+00
1.148725746226009203e-02,1.608771962936272004e+00
1.499076096576312800e-02,1.612275466439774929e+00
1.849426446926916157e-02,1.615778969943280963e+00
2.199776797277075424e-02,1.619282473446782555e+00
2.550127147628233892e-02,1.622785976950294140e+00
2.900477497977760333e-02,1.626289480453789515e+00
3.250827848328063929e-02,1.629792983957292440e+00
3.601178198678667286e-02,1.633296487460798474e+00
3.951528549028826554e-02,1.636799990964300067e+00
4.301878899379985022e-02,1.640303494467811651e+00
4.652229249729511462e-02,1.643806997971307027e+00
5.002579600079815059e-02,1.647310501474809952e+00
5.352929950430418415e-02,1.650814004978315985e+00
5.703280300780577683e-02,1.654317508481817578e+00
6.053630651131736151e-02,1.657821011985329163e+00
6.403981001481262592e-02,1.661324515488824538e+00
6.754331351831566188e-02,1.664828018992327463e+00
7.104681702182169545e-02,1.668331522495833497e+00
7.455032052532328812e-02,1.671835025999335089e+00
7.805382402883487281e-02,1.675338529502846674e+00
8.155732753233013721e-02,1.678842033006342049e+00
8.506083103583317317e-02,1.682345536509844974e+00
8.856433453933920674e-02,1.685849040013351008e+00
9.206783804284079942e-02,1.689352543516852601e+00
9.557134154635238410e-02,1.692856047020364185e+00
9.907484504984764850e-02,1.696359550523859561e+00
1.025783485533506845e-01,1.699863054027362486e+00
1.060818520568567180e-01,1.703366557530868519e+00
1.095853555603583107e-01,1.706870061034370112e+00
1.130888590638698954e-01,1.710373564537881697e+00
1.165923625673651598e-01,1.713877068041377072e+00
1.200958660708681958e-01,1.717380571544879997e+00
1.235993695743742293e-01,1.720884075048386030e+00
1.271028730778758220e-01,1.724387578551887623e+00
1.306063765813874067e-01,1.727891082055399208e+00
1.341098800848826711e-01,1.731394585558894583e+00
1.376133835883857071e-01,1.734898089062397508e+00
1.411168870918917406e-01,1.738401592565903542e+00
1.446203905953933333e-01,1.741905096069405134e+00
1.481238940989049180e-01,1.745408599572916719e+00
1.516273976024001824e-01,1.748912103076412095e+00
1.551309011059032184e-01,1.752415606579915019e+00
1.586344046094092519e-01,1.755919110083421053e+00
1.621379081129108446e-01,1.759422613586922646e+00
1.656414116164224293e-01,1.762926117090434230e+00
1.691449151199176937e-01,1.766429620593929606e+00
1.726484186234207296e-01,1.769933124097432531e+00
1.761519221269267632e-01,1.773436627600938564e+00
1.796554256304283559e-01,1.776940131104440157e+00
1.831589291339399406e-01,1.780443634607951742e+00
1.866624326374352050e-01,1.783947138111447117e+00
1.901659361409382409e-01,1.787450641614950042e+00
1.936694396444442745e-01,1.790954145118456076e+00
1.971729431479458672e-01,1.794457648621957668e+00
2.006764466514574519e-01,1.797961152125469253e+00
2.041799501549527163e-01,1.801464655628964406e+00
2.076834536584557522e-01,1.804968159132467553e+00
2.111869571619617858e-01,1.808471662635973587e+00
2.146904606654633785e-01,1.811975166139475180e+00
2.181939641689749632e-01,1.815478669642986764e+00
2.216974676724702276e-01,1.818982173146481918e+00
2.252009711759732635e-01,1.822485676649985065e+00
2.287044746794792971e-01,1.825989180153491098e+00
2.322079781829808898e-01,1.829492683656992691e+00
2.357114816864924745e-01,1.832996187160504276e+00
2.392149851899898483e-01,1.836499690664001649e+00
2.427184886934914410e-01,1.840003194167503242e+00
2.462219921969945879e-01,1.843506697671006389e+00
2.497254957004984011e-01,1.847010201174510202e+00
2.532289992040099857e-01,1.850513704678021787e+00
2.567325027075073596e-01,1.854017208181519161e+00
2.602360062110089522e-01,1.857520711685020753e+00
2.637395097145120992e-01,1.861024215188523900e+00
2.672430132180159124e-01,1.864527718692027713e+00
2.707465167215274970e-01,1.868031222195539298e+00
2.742500202250248709e-01,1.871534725699036672e+00
2.777535237285264635e-01,1.875038229202538265e+00
2.812570272320296105e-01,1.878541732706041412e+00
2.847605307355334237e-01,1.882045236209545225e+00
2.882640342390450083e-01,1.885548739713056809e+00
2.917675377425423822e-01,1.889052243216554183e+00
2.952710412460439748e-01,1.892555746720055776e+00
2.987745447495471218e-01,1.896059250223558923e+00
3.022780482530508794e-01,1.899562753727062736e+00
3.057815517565625751e-01,1.903066257230574321e+00
3.092850552600599490e-01,1.906569760734071695e+00
3.127885587635615416e-01,1.910073264237573287e+00
3.162920622670645776e-01,1.913576767741076434e+00
3.197955657705683907e-01,1.917080271244580247e+00
3.232990692740800864e-01,1.920583774748091832e+00
3.268025727775774603e-01,1.924087278251589206e+00
3.303060762810790529e-01,1.927590781755090799e+00
3.338095797845820889e-01,1.931094285258593946e+00
3.373130832880859020e-01,1.934597788762097759e+00
3.408165867915975977e-01,1.938101292265609343e+00
3.443200902950949716e-01,1.941604795769106717e+00
3.478235937985965642e-01,1.945108299272608310e+00
3.513270973020996002e-01,1.948611802776111457e+00
3.548306008056034133e-01,1.952115306279615270e+00
3.583341043091151090e-01,1.955618809783126855e+00
3.618376078126124828e-01,1.959122313286624228e+00
3.653411113161140755e-01,1.962625816790125821e+00
3.688446148196171115e-01,1.966129320293628968e+00
3.723481183231209246e-01,1.969632823797132781e+00
3.758516218266326203e-01,1.973136327300644366e+00
3.793551253301299941e-01,1.976639830804141740e+00
3.828586288336315868e-01,1.980143334307643332e+00
3.863621323371346228e-01,1.983646837811146479e+00
3.898656358406384359e-01,1.987150341314650293e+00
3.933691393441501316e-01,1.990653844818161877e+00
3.968726428476475054e-01,1.994157348321659251e+00
4.003761463511490981e-01,1.997660851825160844e+00
4.038796498546521341e-01,2.001164355328663991e+00
4.073831533581559472e-01,2.004667858832167582e+00
4.108866568616676429e-01,2.008171362335679611e+00
4.143901603651650167e-01,2.011674865839176540e+00
4.178936638686666094e-01,2.015178369342678355e+00
4.213971673721696454e-01,2.018681872846181502e+00
4.249006708756734585e-01,2.022185376349685093e+00
4.284041743791851542e-01,2.025688879853197122e+00
4.319076778826825280e-01,2.029192383356694052e+00
4.354111813861841207e-01,2.032695886860195866e+00
4.389146848896871567e-01,2.036199390363699013e+00
4.424181883931909698e-01,2.039702893867202604e+00
4.459216918967026655e-01,2.043206397370714633e+00
4.494251954002000393e-01,2.046709900874211563e+00
4.529286989037016320e-01,2.050213404377713378e+00
4.564322024072046680e-01,2.053716907881216525e+00
4.599357059107084811e-01,2.057220411384720116e+00
4.634392094142201768e-01,2.060723914888232144e+00
4.669427129177175506e-01,2.064227418391729074e+00
4.704462164212191433e-01,2.067730921895230889e+00
4.739497199247221793e-01,2.071234425398734036e+00
4.774532234282259924e-01,2.074737928902237627e+00
4.809567269317376881e-01,2.078241432405749656e+00
4.844602304352350619e-01,2.081744935909246585e+00
4.879637339387366546e-01,2.085248439412748400e+00
4.914672374422396905e-01,2.088751942916251547e+00
4.949707409457435037e-01,2.092255446419755138e+00
4.984742444492551994e-01,2.095758949923267167e+00
5.019777479527525177e-01,2.099262453426764097e+00
5.054812514562541104e-01,2.102765956930265911e+00
5.089847549597572574e-01,2.106269460433769058e+00
5.124882584632610705e-01,2.109772963937272650e+00
5.159917619667726552e-01,2.113276467440784678e+00
5.194952654702700290e-01,2.116779970944281608e+00
5.229987689737716217e-01,2.120283474447783423e+00
5.265022724772747686e-01,2.123786977951286570e+00
5.300057759807785818e-01,2.127290481454790161e+00
5.335092794842901665e-01,2.130793984958302190e+00
5.370127829877875403e-01,2.134297488461799119e+00
5.405162864912891330e-01,2.137800991965300934e+00
5.440197899947922799e-01,2.141304495468804081e+00
5.475232934982960931e-01,2.144807998972307672e+00
5.510267970018076777e-01,2.148311502475819701e+00
5.545303005053050516e-01,2.151815005979316631e+00
5.580338040088066442e-01,2.155318509482818445e+00
5.615373075123097912e-01,2.158822012986321592e+00
5.650408110158136044e-01,2.162325516489825183e+00
5.685443145193251890e-01,2.165829019993337212e+00
5.720478180228225629e-01,2.169332523496834142e+00
5.755513215263241555e-01,2.172836027000335957e+00
5.790548250298273025e-01,2.176339530503839104e+00
5.825583285333311157e-01,2.179843034007342695e+00
5.860618320368427003e-01,2.183346537510854724e+00
5.895653355403400742e-01,2.186850041014351653e+00
5.930688390438416668e-01,2.190353544517853468e+00
5.965723425473448138e-01,2.193857048021356615e+00
6.000758460508486269e-01,2.197360551524860206e+00
6.035793495543602116e-01,2.200864055028372235e+00
6.070828530578575855e-01,2.204367558531869165e+00
6.105863565613591781e-01,2.207871062035370979e+00
6.140898600648623251e-01,2.211374565538874126e+00
6.175933635683661382e-01,2.214878069042377717e+00
6.210968670718777229e-01,2.218381572545889746e+00
6.246003705753750967e-01,2.221885076049386676e+00
6.281038740788766894e-01,2.225388579552888491e+00
6.316073775823798364e-01,2.228892083056391638e+00
6.351108810858836495e-01,2.232395586559895229e+00
6.386143845893952342e-01,2.235899090063407257e+00
6.421178880928926080e-01,2.239402593566904187e+00
6.456213915963942007e-01,2.242906097070406002e+00
6.491248950998973477e-01,2.246409600573909149e+00
6.526283986034011608e-01,2.249913104077412740e+00
6.561319021069127455e-01,2.253416607580924769e+00
6.596354056104101193e-01,2.256920111084421698e+00
6.631389091139117120e-01,2.260423614587923513e+00
6.666424126174148590e-01,2.263927118091426660e+00
6.701459161209186721e-01,2.267430621594930251e+00
6.736494196244302568e-01,2.270934125098442280e+00
6.771529231279276306e-01,2.274437628601939210e+00
6.806564266314292233e-01,2.277941132105441024e+00
6.841599301349323703e-01,2.281444635608944171e+00
6.876634336384361834e-01,2.284948139112447762e+00
6.911669371419477681e-01,2.288451642615959791e+00
6.946704406454451419e-01,2.291955146119456721e+00
6.981739441489467346e-01,2.295458649622958536e+00
7.016774476524498816e-01,2.298962153126461683e+00
7.051809511559536947e-01,2.302465656629965274e+00
7.086844546594652794e-01,2.305969160133477303e+00
7.121879581629626532e-01,2.309472663636974232e+00
7.156914616664599160e-01,2.312976167140471162e+00
7.191949651699721668e-01,2.316479670643984079e+00
7.226984686734757579e-01,2.319983174147487226e+00
7.262019721769782388e-01,2.323486677650990373e+00
7.297054756804801645e-01,2.326990181154491744e+00
7.332089791839774273e-01,2.330493684657988673e+00
7.367124826874896781e-01,2.333997188161501590e+00
7.402159861909932692e-01,2.337500691665004737e+00
7.437194896944957501e-01,2.341004195168507884e+00
7.472229931979976758e-01,2.344507698672009255e+00
7.507264967014949386e-01,2.348011202175506185e+00
7.542300002050071894e-01,2.351514705679019102e+00
7.577335037085107805e-01,2.355018209182522249e+00
7.612370072120132614e-01,2.358521712686025396e+00
7.647405107155151871e-01,2.362025216189526766e+00
7.682440142190124499e-01,2.365528719693023696e+00
7.717475177225247007e-01,2.369032223196536613e+00
7.752510212260282918e-01,2.372535726700039760e+00
7.787545247295307727e-01,2.376039230203542907e+00
7.822580282330326984e-01,2.379542733707044277e+00
7.857615317365299612e-01,2.383046237210541207e+00
7.892650352400422120e-01,2.386549740714054124e+00
7.927685387435458031e-01,2.390053244217557271e+00
7.962720422470482839e-01,2.393556747721060418e+00
7.997755457505502097e-01,2.397060251224561789e+00
8.032790492540474725e-01,2.400563754728058719e+00
8.067825527575597233e-01,2.404067258231571635e+00
8.102860562610633144e-01,2.407570761735074782e+00
8.137895597645657952e-01,2.411074265238577929e+00
8.172930632680677210e-01,2.414577768742079300e+00
8.207965667715649838e-01,2.418081272245576230e+00
8.243000702750772346e-01,2.421584775749089147e+00
8.278035737785808257e-01,2.425088279252592294e+00
8.313070772820833065e-01,2.428591782756095441e+00
8.348105807855852323e-01,2.432095286259596811e+00
8.383140842890824951e-01,2.435598789763093741e+00
8.418175877925947459e-01,2.439102293266606658e+00
8.453210912960983370e-01,2.442605796770109805e+00
8.488245947996008178e-01,2.446109300273612952e+00
8.523280983031027436e-01,2.449612803777114323e+00
8.558316018066000064e-01,2.453116307280611252e+00
8.593351053101122572e-01,2.456619810784124169e+00
8.628386088136158483e-01,2.460123314287627316e+00
8.663421123171183291e-01,2.463626817791130463e+00
8.698456158206202549e-01,2.467130321294631834e+00
8.733491193241175177e-01,2.470633824798128764e+00
8.768526228276297685e-01,2.474137328301641681e+00
8.803561263311333596e-01,2.477640831805144828e+00
8.838596298346358404e-01,2.481144335308647975e+00
8.873631333381377662e-01,2.484647838812149345e+00
8.908666368416350290e-01,2.488151342315646275e+00
8.943701403451472798e-01,2.491654845819159192e+00
8.978736438486508709e-01,2.495158349322662339e+00
9.013771473521533517e-01,2.498661852826165486e+00
9.048806508556552775e-01,2.502165356329666857e+00
9.083841543591525403e-01,2.505668859833163786e+00
9.118876578626647911e-01,2.509172363336676703e+00
9.153911613661683822e-01,2.512675866840179850e+00
9.188946648696708630e-01,2.516179370343682997e+00
9.223981683731727887e-01,2.519682873847184368e+00
9.259016718766700516e-01,2.523186377350681298e+00
9.294051753801823024e-01,2.526689880854194215e+00
9.329086788836858934e-01,2.530193384357697362e+00
9.364121823871883743e-01,2.533696887861200508e+00
9.399156858906989598e-01,2.537200391364710761e+00
9.434191893941960005e-01,2.540703894868207691e+00
9.469226928976913760e-01,2.544207398371702844e+00
9.504261964011949670e-01,2.547710901875206879e+00
9.539296999047058856e-01,2.551214405378718020e+00
9.574332034081994847e-01,2.554717908882211397e+00
9.609367069116965254e-01,2.558221412385707882e+00
9.644402104152258737e-01,2.561724915889237675e+00
9.679437139187294648e-01,2.565228419392741266e+00
9.714472174222233969e-01,2.568731922896235531e+00
9.749507209257339824e-01,2.572235426399745783e+00
9.784542244292208091e-01,2.575738929903232055e+00
9.819577279327270647e-01,2.579242433406738755e+00
9.854612314362403147e-01,2.582745936910252116e+00
9.889647349397409082e-01,2.586249440413753042e+00
9.924682384432345073e-01,2.589752943917246419e+00
9.959717419467383204e-01,2.593256447420749566e+00
9.994752454502615624e-01,2.596759950924273141e+00
1.002978748953757826e+00,2.600263454427769627e+00
1.006482252457258530e+00,2.603766957931270554e+00
1.009985755960769005e+00,2.607270461434780806e+00
1.013489259464255721e+00,2.610773964938267078e+00
1.016992762967761976e+00,2.614277468441773777e+00
1.020496266471275337e+00,2.617780971945287138e+00
1.023999769974776042e+00,2.621284475448788065e+00
1.027503273478269641e+00,2.624787978952281442e+00
1.031006776981773232e+00,2.628291482455784589e+00
1.034510280485296585e+00,2.631794985959308164e+00
1.038013783988792849e+00,2.635298489462804650e+00
1.041517287492293553e+00,2.638801992966305576e+00
1.045020790995804028e+00,2.642305496469815829e+00
1.048524294499290743e+00,2.645808999973302100e+00
1.052027798002796999e+00,2.649312503476808800e+00
1.055531301506310360e+00,2.652816006980322161e+00
1.059034805009811064e+00,2.656319510483823088e+00
1.062538308513304663e+00,2.659823013987316465e+00
1.066041812016808255e+00,2.663326517490819612e+00
1.069545315520331608e+00,2.666830020994343187e+00
1.073048819023827871e+00,2.670333524497839672e+00
1.076552322527328576e+00,2.673837028001340599e+00
1.080055826030839050e+00,2.677340531504850851e+00
1.083559329534325766e+00,2.680844035008337123e+00
1.087062833037832021e+00,2.684347538511843823e+00
1.090566336541342940e+00,2.687851042015354963e+00
1.094069840044846975e+00,2.691354545518858998e+00
1.097573343548341906e+00,2.694858049022353264e+00
1.101076847051843277e+00,2.698361552525854634e+00
1.104580350555366630e+00,2.701865056029378209e+00
1.108083854058860451e+00,2.705368559532872474e+00
1.111587357562364486e+00,2.708872063036376510e+00
1.115090861065876515e+00,2.712375566539888538e+00
1.118594364569360788e+00,2.715879070043372145e+00
1.122097868072867044e+00,2.719382573546878845e+00
1.125601371576377963e+00,2.722886077050389986e+00
1.129104875079881998e+00,2.726389580553894021e+00
1.132608378583376929e+00,2.729893084057388286e+00
1.136111882086878300e+00,2.733396587560889657e+00
1.139615385590401653e+00,2.736900091064413232e+00
1.143118889093895474e+00,2.740403594567907497e+00
1.146622392597399509e+00,2.743907098071411532e+00
1.150125896100911538e+00,2.747410601574923561e+00
1.153629399604395811e+00,2.750914105078407168e+00
1.157132903107902067e+00,2.754417608581913868e+00
1.160636406611412985e+00,2.757921112085425008e+00
1.164139910114917020e+00,2.761424615588929043e+00
1.167643413618411952e+00,2.764928119092423309e+00
1.171146917121913322e+00,2.768431622595924679e+00
1.174650420625436675e+00,2.771935126099448254e+00
1.178153924128930496e+00,2.775438629602942520e+00
1.181657427632434532e+00,2.778942133106446555e+00
1.185160931135946560e+00,2.782445636609958584e+00
1.188664434639430834e+00,2.785949140113442191e+00
1.192167938142937089e+00,2.789452643616948890e+00
1.195671441646448008e+00,2.792956147120460031e+00
1.199174945149952043e+00,2.796459650623964066e+00
1.202678448653446974e+00,2.799963154127458331e+00
1.206181952156948345e+00,2.803466657630959702e+00
1.209685455660471698e+00,2.806970161134483277e+00
1.213188959163965519e+00,2.810473664637977542e+00
1.216692462667469554e+00,2.813977168141481577e+00
1.220195966170981583e+00,2.817480671644993606e+00
1.223699469674465856e+00,2.820984175148477213e+00
1.227202973177972112e+00,2.824487678651983913e+00
1.230706476681483030e+00,2.827991182155495054e+00
1.234209980184987065e+00,2.831494685658999089e+00
1.237713483688481997e+00,2.834998189162493354e+00
1.241216987191983367e+00,2.838501692665994725e+00
1.244720490695506721e+00,2.842005196169518300e+00
1.248223994199000542e+00,2.845508699673012565e+00
1.251727497702504577e+00,2.849012203176516600e+00
1.255231001206016606e+00,2.852515706680028629e+00
1.258734504709500879e+00,2.856019210183512236e+00
1.262238008213007134e+00,2.859522713687018936e+00
1.265741511716518053e+00,2.863026217190530076e+00
1.269245015220022088e+00,2.866529720694034111e+00
1.272748518723517019e+00,2.870033224197528376e+00
1.276252022227018390e+00,2.873536727701029747e+00
1.279755525730541743e+00,2.877040231204553322e+00
1.283259029234035564e+00,2.880543734708047587e+00
1.286762532737539599e+00,2.884047238211551623e+00
1.290266036241051628e+00,2.887550741715063651e+00
1.293769539744535901e+00,2.891054245218547258e+00
1.297273043248042157e+00,2.894557748722053958e+00
1.300776546751553076e+00,2.898061252225565099e+00
1.304280050255057111e+00,2.901564755729069134e+00
1.307783553758552042e+00,2.905068259232563399e+00
1.311287057262053413e+00,2.908571762736064770e+00
1.314790560765576766e+00,2.912075266239588345e+00
1.318294064269070587e+00,2.915578769743082610e+00
1.321797567772574622e+00,2.919082273246586645e+00
1.325301071276086651e+00,2.922585776750098674e+00
1.328804574779570924e+00,2.926089280253582281e+00
1.332308078283077180e+00,2.929592783757088981e+00
1.335811581786588098e+00,2.933096287260600121e+00
1.339315085290092133e+00,2.936599790764104156e+00
1.342818588793587065e+00,2.940103294267598422e+00
1.346322092297088435e+00,2.943606797771099792e+00
1.349825595800611788e+00,2.947110301274623367e+00
1.353329099304105609e+00,2.950613804778117633e+00
1.356832602807609645e+00,2.954117308281621668e+00
1.360336106311121673e+00,2.957620811785133697e+00
1.363839609814605947e+00,2.961124315288617304e+00
1.367343113318112202e+00,2.964627818792124003e+00
1.370846616821623121e+00,2.968131322295635144e+00
1.374350120325127156e+00,2.971634825799139179e+00
1.377853623828622087e+00,2.975138329302633444e+00
1.381357127332123458e+00,2.978641832806134815e+00
1.384860630835646811e+00,2.982145336309658390e+00
1.388364134339140632e+00,2.985648839813152655e+00
1.391867637842644667e+00,2.989152343316656690e+00
1.395371141346156696e+00,2.992655846820168719e+00
1.398874644849640969e+00,2.996159350323652326e+00
1.402378148353147225e+00,2.999662853827159026e+00
1.405881651856658143e+00,3.003166357330670166e+00
1.409385155360162178e+00,3.006669860834174202e+00
1.412888658863657110e+00,3.010173364337668467e+00
1.416392162367158480e+00,3.013676867841169837e+00
1.419895665870681833e+00,3.017180371344693413e+00
1.423399169374175655e+00,3.020683874848187678e+00
1.426902672877679690e+00,3.024187378351691713e+00
1.430406176381191719e+00,3.027690881855203742e+00
1.433909679884675992e+00,3.031194385358687349e+00
1.437413183388182247e+00,3.034697888862194048e+00
1.440916686891693166e+00,3.038201392365705189e+00
1.444420190395197201e+00,3.041704895869209224e+00
1.447923693898692132e+00,3.045208399372703489e+00
1.451427197402193503e+00,3.048711902876204860e+00
1.454930700905716856e+00,3.052215406379728435e+00
1.458434204409210677e+00,3.055718909883222700e+00
1.461937707912714712e+00,3.059222413386726735e+00
1.465441211416226741e+00,3.062725916890238764e+00
1.468944714919711014e+00,3.066229420393722371e+00
1.472448218423217270e+00,3.069732923897229071e+00
1.475951721926728188e+00,3.073236427400740212e+00
1.479455225430232224e+00,3.076739930904244247e+00
1.482958728933727155e+00,3.080243434407738512e+00
1.486462232437228526e+00,3.083746937911239883e+00
1.489965735940751879e+00,3.087250441414763458e+00
1.493469239444245700e+00,3.090753944918257723e+00
1.496972742947749735e+00,3.094257448421761758e+00
1.500476246451261764e+00,3.097760951925273787e+00
1.503979749954746037e+00,3.101264455428757394e+00
1.507483253458252292e+00,3.104767958932264094e+00
1.510986756961763211e+00,3.108271462435775234e+00
1.514490260465267246e+00,3.111774965939279269e+00
1.517993763968762178e+00,3.115278469442773535e+00
1.521497267472263548e+00,3.118781972946274905e+00
1.525000770975786901e+00,3.122285476449798480e+00
1.528504274479280722e+00,3.125788979953292746e+00
1.532007777982784757e+00,3.129292483456796781e+00
1.535511281486296786e+00,3.132795986960308809e+00
1.539014784989781059e+00,3.136299490463792417e+00
1.542518288493287315e+00,3.139802993967299116e+00
1.546021791996798234e+00,3.143306497470810257e+00
1.549525295500302269e+00,3.146810000974314292e+00
1.553028799003797200e+00,3.150313504477808557e+00
1.556532302507298571e+00,3.153817007981309928e+00
1.560035806010821924e+00,3.157320511484833503e+00
1.563539309514315745e+00,3.160824014988327768e+00
1.567042813017819780e+00,3.164327518491831803e+00
1.570546316521331809e+00,3.167831021995343832e+00
1.574049820024816082e+00,3.171334525498827439e+00
1.577553323528320117e+00,3.174838029002331474e+00
1.581056827031834144e+00,3.178341532505846168e+00
1.584560330535339734e+00,3.181845036009351091e+00
1.588063834038832223e+00,3.185348539512843580e+00
1.591567337542333593e+00,3.188852043016344950e+00
1.595070841045854504e+00,3.192355546519865861e+00
1.598574344549351656e+00,3.195859050023363679e+00
1.602077848052857245e+00,3.199362553526868602e+00
1.605581351556366831e+00,3.202866057030378855e+00
1.609084855059851105e+00,3.206369560533862462e+00
1.612588358563355140e+00,3.209873064037366497e+00
1.616091862066869167e+00,3.213376567540881190e+00
1.619595365570374756e+00,3.216880071044386113e+00
1.623098869073867245e+00,3.220383574547878602e+00
1.626602372577368616e+00,3.223887078051379973e+00
1.630105876080889526e+00,3.227390581554900884e+00
1.633609379584386678e+00,3.230894085058398701e+00
1.637112883087892268e+00,3.234397588561903625e+00
1.640616386591401854e+00,3.237901092065413877e+00
1.644119890094886127e+00,3.241404595568897484e+00
1.647623393598390162e+00,3.244908099072401519e+00
1.651126897101904190e+00,3.248411602575916213e+00
1.654630400605409779e+00,3.251915106079421136e+00
1.658133904108902268e+00,3.255418609582913625e+00
1.661637407612403639e+00,3.258922113086414996e+00
1.665140911115924549e+00,3.262425616589935906e+00
1.668644414619421701e+00,3.265929120093433724e+00
1.672147918122927290e+00,3.269432623596938647e+00
1.675651421626436877e+00,3.272936127100448900e+00
1.679154925129921150e+00,3.276439630603932507e+00
1.682658428633425185e+00,3.279943134107436542e+00
1.686161932136939212e+00,3.283446637610951235e+00
1.689665435640444802e+00,3.286950141114456159e+00
1.693168939143937290e+00,3.290453644617948648e+00
1.696672442647438661e+00,3.293957148121450018e+00
1.700175946150959572e+00,3.297460651624970929e+00
1.703679449654456723e+00,3.300964155128468747e+00
1.707182953157952987e+00,3.304467658631964788e+00
1.710686456661472121e+00,3.307971162135483922e+00
1.714189960164974602e+00,3.311474665638986181e+00
1.717693463668459763e+00,3.314978169142471565e+00
1.721196967171965131e+00,3.318481672645976488e+00
1.724700470675470498e+00,3.321985176149482299e+00
1.728203974178972757e+00,3.325488679652984558e+00
1.731707477682492113e+00,3.328992183156503692e+00
1.735210981185994372e+00,3.332495686660005951e+00
1.738714484689482642e+00,3.335999190163493999e+00
1.742217988192988010e+00,3.339502693666999811e+00
1.745721491696507144e+00,3.343006197170518945e+00
1.749224995200009625e+00,3.346509700674021204e+00
1.752728498703494786e+00,3.350013204177506587e+00
1.756232002207000154e+00,3.353516707681011511e+00
1.759735505710505521e+00,3.357020211184517322e+00
1.763239009214007780e+00,3.360523714688019581e+00
1.766742512717527136e+00,3.364027218191538715e+00
1.770246016221029395e+00,3.367530721695040974e+00
1.773749519724517665e+00,3.371034225198529022e+00
1.777253023228023032e+00,3.374537728702034833e+00
1.780756526731542166e+00,3.378041232205553968e+00
1.784260030235044647e+00,3.381544735709056226e+00
1.787763533738529809e+00,3.385048239212541610e+00
1.791267037242035176e+00,3.388551742716046533e+00
1.794770540745540544e+00,3.392055246219552345e+00
1.798274044249042802e+00,3.395558749723054603e+00
1.801777547752562159e+00,3.399062253226573738e+00
1.805281051256064417e+00,3.402565756730075996e+00
1.808784554759552465e+00,3.406069260233564044e+00
1.812288058263058055e+00,3.409572763737069856e+00
1.815791561766577189e+00,3.413076267240588990e+00
1.819295065270079670e+00,3.416579770744091249e+00
1.822798568773565053e+00,3.420083274247576632e+00
1.826302072277069977e+00,3.423586777751081556e+00
1.829805575780575566e+00,3.427090281254587367e+00
1.833309079284077603e+00,3.430593784758089626e+00
1.836812582787597181e+00,3.434097288261608760e+00
1.840316086291099440e+00,3.437600791765111019e+00
1.843819589794587488e+00,3.441104295268599067e+00
1.847323093298093077e+00,3.444607798772104879e+00
1.850826596801612212e+00,3.448111302275624013e+00
1.854330100305114692e+00,3.451614805779126272e+00
1.857833603808600076e+00,3.455118309282611655e+00
1.861337107312104999e+00,3.458621812786116578e+00
1.864840610815610589e+00,3.462125316289622390e+00
1.868344114319112625e+00,3.465628819793124649e+00
1.871847617822632204e+00,3.469132323296643783e+00
1.875351121326134463e+00,3.472635826800146042e+00
1.878854624829622511e+00,3.476139330303634090e+00
1.882358128333128100e+00,3.479642833807139901e+00
1.885861631836647234e+00,3.483146337310659035e+00
1.889365135340149715e+00,3.486649840814161294e+00
1.892868638843635098e+00,3.490153344317646678e+00
1.896372142347140022e+00,3.493656847821151601e+00
1.899875645850645611e+00,3.497160351324657412e+00
1.903379149354147648e+00,3.500663854828159671e+00
1.906882652857667226e+00,3.504167358331678805e+00
1.910386156361169485e+00,3.507670861835181064e+00
1.913889659864657533e+00,3.511174365338669112e+00
1.917393163368163123e+00,3.514677868842174924e+00
1.920896666871682257e+00,3.518181372345694058e+00
1.924400170375184738e+00,3.521684875849196317e+00
1.927903673878670121e+00,3.525188379352681700e+00
1.931407177382175044e+00,3.528691882856186623e+00
1.934910680885680634e+00,3.532195386359692435e+00
1.938414184389182671e+00,3.535698889863194694e+00
1.941917687892702249e+00,3.539202393366713828e+00
1.945421191396204508e+00,3.542705896870216087e+00
1.948924694899692556e+00,3.546209400373704135e+00
1.952428198403198145e+00,3.549712903877209946e+00
1.955931701906717279e+00,3.553216407380729081e+00
1.959435205410219760e+00,3.556719910884231339e+00
1.962938708913705144e+00,3.560223414387716723e+00
1.966442212417210067e+00,3.563726917891221646e+00
1.969945715920715656e+00,3.567230421394727458e+00
1.973449219424217693e+00,3.570733924898229716e+00
1.976952722927737272e+00,3.574237428401748851e+00
1.980456226431239530e+00,3.577740931905251109e+00
1.983959729934727578e+00,3.581244435408739157e+00
1.987463233438233168e+00,3.584747938912244969e+00
1.990966736941752302e+00,3.588251442415764103e+00
1.994470240445254783e+00,3.591754945919266362e+00
1.997973743948740166e+00,3.595258449422751745e+00
2.001477247452244868e+00,3.598761952926256669e+00
2.004980750955750679e+00,3.602265456429762480e+00
2.008484254459252938e+00,3.605768959933264739e+00
2.011987757962772072e+00,3.609272463436783873e+00
2.015491261466274331e+00,3.612775966940286132e+00
2.018994764969762379e+00,3.616279470443774180e+00
2.022498268473268190e+00,3.619782973947279991e+00
2.026001771976787325e+00,3.623286477450799126e+00
2.029505275480289583e+00,3.626789980954301384e+00
2.033008778983774967e+00,3.630293484457786768e+00
2.036512282487279890e+00,3.633796987961291691e+00
2.040015785990785702e+00,3.637300491464797503e+00
2.043519289494287960e+00,3.640803994968299762e+00
2.047022792997807095e+00,3.644307498471818896e+00
2.050526296501309353e+00,3.647811001975321155e+00
2.054029800004797401e+00,3.651314505478809203e+00
2.057533303508303213e+00,3.654818008982315014e+00
2.061036807011822347e+00,3.658321512485834148e+00
2.064540310515324606e+00,3.661825015989336407e+00
2.068043814018809989e+00,3.665328519492821790e+00
2.071547317522314913e+00,3.668832022996326714e+00
2.075050821025820724e+00,3.672335526499832525e+00
2.078554324529322983e+00,3.675839030003334784e+00
2.082057828032842117e+00,3.679342533506853918e+00
2.085561331536344376e+00,3.682846037010356177e+00
2.089064835039832424e+00,3.686349540513844225e+00
2.092568338543338236e+00,3.689853044017350037e+00
2.096071842046857370e+00,3.693356547520869171e+00
2.099575345550359629e+00,3.696860051024371430e+00
2.103078849053845012e+00,3.700363554527856813e+00
2.106582352557349935e+00,3.703867058031361736e+00
2.110085856060855747e+00,3.707370561534867548e+00
2.113589359564358006e+00,3.710874065038369807e+00
2.117092863067877140e+00,3.714377568541888941e+00
2.120596366571379399e+00,3.717881072045391200e+00
2.124099870074867447e+00,3.721384575548879248e+00
2.127603373578373258e+00,3.724888079052385059e+00
2.131106877081892392e+00,3.728391582555904193e+00
2.134610380585394651e+00,3.731895086059406452e+00
2.138113884088880035e+00,3.735398589562891836e+00
2.141617387592384958e+00,3.738902093066396759e+00
2.145120891095890769e+00,3.742405596569902571e+00
2.148624394599393028e+00,3.745909100073404829e+00
2.152127898102912162e+00,3.749412603576923964e+00
2.155631401606414421e+00,3.752916107080426222e+00
2.159134905109902469e+00,3.756419610583914270e+00
2.162638408613408281e+00,3.759923114087420082e+00
2.166141912116927415e+00,3.763426617590939216e+00
2.169645415620429674e+00,3.766930121094441475e+00
2.173148919123915057e+00,3.770433624597926858e+00
2.176652422627419980e+00,3.773937128101431782e+00
2.180155926130925792e+00,3.777440631604937593e+00
2.183659429634428051e+00,3.780944135108439852e+00
2.187162933137947185e+00,3.784447638611958986e+00
2.190666436641449444e+00,3.787951142115461245e+00
2.194169940144937492e+00,3.791454645618949293e+00
2.197673443648443303e+00,3.794958149122455104e+00
2.201176947151962437e+00,3.798461652625974239e+00
2.204680450655464696e+00,3.801965156129476497e+00
2.208183954158950080e+00,3.805468659632961881e+00
2.211687457662455003e+00,3.808972163136466804e+00
2.215190961165960815e+00,3.812475666639972616e+00
2.218694464669463073e+00,3.815979170143474875e+00
2.222197968172982208e+00,3.819482673646994009e+00
2.225701471676484466e+00,3.822986177150496268e+00
2.229204975179972514e+00,3.826489680653984315e+00
2.232708478683494313e+00,3.829993184157506114e+00
2.236211982186998348e+00,3.833496687661010149e+00
2.239715485690483732e+00,3.837000191164495533e+00
2.243218989193985102e+00,3.840503694667996903e+00
2.246722492697490026e+00,3.844007198171501827e+00
2.250225996201011824e+00,3.847510701675023626e+00
2.253729499704498096e+00,3.851014205178509897e+00
2.257233003208001243e+00,3.854517708682013044e+00
2.260736506711519489e+00,3.858021212185531290e+00
2.264240010215007537e+00,3.861524715689019338e+00
2.267743513718529336e+00,3.865028219192541137e+00
2.271247017222033371e+00,3.868531722696045172e+00
2.274750520725518754e+00,3.872035226199530555e+00
2.278254024229020125e+00,3.875538729703031926e+00
2.281757527732525048e+00,3.879042233206536849e+00
2.285261031236046847e+00,3.882545736710058648e+00
2.288764534739533119e+00,3.886049240213544920e+00
2.292268038243036266e+00,3.889552743717048067e+00
2.295771541746554512e+00,3.893056247220566313e+00
2.299275045250042560e+00,3.896559750724054361e+00
2.302778548753564358e+00,3.900063254227576159e+00
2.306282052257068393e+00,3.903566757731080195e+00
2.309785555760553777e+00,3.907070261234565578e+00
2.313289059264055147e+00,3.910573764738066949e+00
2.316792562767560071e+00,3.914077268241571872e+00
2.320296066271081870e+00,3.917580771745093671e+00
2.323799569774568141e+00,3.921084275248579942e+00
2.327303073278071288e+00,3.924587778752083089e+00
2.330806576781589534e+00,3.928091282255601335e+00
2.334310080285077582e+00,3.931594785759089383e+00
2.337813583788599381e+00,3.935098289262611182e+00
2.341317087292103416e+00,3.938601792766115217e+00
2.344820590795588799e+00,3.942105296269600601e+00
2.348324094299090170e+00,3.945608799773101971e+00
2.351827597802595093e+00,3.949112303276606895e+00
2.355331101306116892e+00,3.952615806780128693e+00
2.358834604809603164e+00,3.956119310283614965e+00
2.362338108313106311e+00,3.959622813787118112e+00
2.365841611816624557e+00,3.963126317290636358e+00
2.369345115320112605e+00,3.966629820794124406e+00
2.372848618823634403e+00,3.970133324297646205e+00
2.376352122327138439e+00,3.973636827801150240e+00
2.379855625830623822e+00,3.977140331304635623e+00
2.383359129334125193e+00,3.980643834808136994e+00
2.386862632837630116e+00,3.984147338311641917e+00
2.390366136341151915e+00,3.987650841815163716e+00
2.393869639844638186e+00,3.991154345318649987e+00
2.397373143348141333e+00,3.994657848822153134e+00
2.400876646851659579e+00,3.998161352325671380e+00
2.404380150355147627e+00,4.001664855829159428e+00
2.407883653858669426e+00,4.005168359332681227e+00
2.411387157362173461e+00,4.008671862836185262e+00
2.414890660865658845e+00,4.012175366339670646e+00
2.418394164369160215e+00,4.015678869843172016e+00
2.421897667872665139e+00,4.019182373346676940e+00
2.425401171376186937e+00,4.022685876850198738e+00
2.428904674879673209e+00,4.026189380353685010e+00
2.432408178383176356e+00,4.029692883857188157e+00
2.435911681886694602e+00,4.033196387360706403e+00
2.439415185390182650e+00,4.036699890864194451e+00
2.442918688893704449e+00,4.040203394367716250e+00
2.446422192397208484e+00,4.043706897871220285e+00
2.449925695900693867e+00,4.047210401374705668e+00
2.453429199404195238e+00,4.050713904878207039e+00
2.456932702907698385e+00,4.054217408381710186e+00
2.460436206411222848e+00,4.057720911885234649e+00
2.463939709914710896e+00,4.061224415388722697e+00
2.467443213418211378e+00,4.064727918892223180e+00
2.470946716921729625e+00,4.068231422395741426e+00
2.474450220425215896e+00,4.071734925899227697e+00
2.477953723928740359e+00,4.075238429402752161e+00
2.481457227432245283e+00,4.078741932906257084e+00
2.484960730935728890e+00,4.082245436409740691e+00
2.488464234439230260e+00,4.085748939913242062e+00
2.491967737942733407e+00,4.089252443416745209e+00
2.495471241446257871e+00,4.092755946920269672e+00
2.498974744949745919e+00,4.096259450423757720e+00
2.502478248453246401e+00,4.099762953927258202e+00
2.505981751956764647e+00,4.103266457430776448e+00
2.509485255460250919e+00,4.106769960934262720e+00
2.512988758963775382e+00,4.110273464437787183e+00
2.516492262467280305e+00,4.113776967941292106e+00
2.519995765970763912e+00,4.117280471444775714e+00
2.523499269474265283e+00,4.120783974948277084e+00
2.527002772977768430e+00,4.124287478451780231e+00
2.530506276481292893e+00,4.127790981955304694e+00
2.534009779984780941e+00,4.131294485458792742e+00
2.537513283488281424e+00,4.134797988962293225e+00
2.541016786991799670e+00,4.138301492465811471e+00
2.544520290495285941e+00,4.141804995969297742e+00
2.548023793998810405e+00,4.145308499472822206e+00
2.551527297502315328e+00,4.148812002976327129e+00
2.555030801005798935e+00,4.152315506479810736e+00
2.558534304509300306e+00,4.155819009983312107e+00
2.562037808012803453e+00,4.159322513486815254e+00
2.565541311516327916e+00,4.162826016990339717e+00
2.569044815019815964e+00,4.166329520493827765e+00
2.572548318523316446e+00,4.169833023997328247e+00
2.576051822026834692e+00,4.173336527500846493e+00
2.579555325530320964e+00,4.176840031004332765e+00
2.583058829033845427e+00,4.180343534507857228e+00
2.586562332537350350e+00,4.183847038011362152e+00
2.590065836040833958e+00,4.187350541514845759e+00
2.593569339544335328e+00,4.190854045018347129e+00
2.597072843047838475e+00,4.194357548521850276e+00
2.600576346551362938e+00,4.197861052025374740e+00
2.604079850054850986e+00,4.201364555528862788e+00
2.607583353558351469e+00,4.204868059032363270e+00
2.611086857061869715e+00,4.208371562535881516e+00
2.614590360565355986e+00,4.211875066039367788e+00
2.618093864068880450e+00,4.215378569542892251e+00
2.621597367572385373e+00,4.218882073046397174e+00
2.625100871075868980e+00,4.222385576549880781e+00
2.628604374579370351e+00,4.225889080053382152e+00
2.632107878082873498e+00,4.229392583556885299e+00
2.635611381586397961e+00,4.232896087060409762e+00
2.639114885089886009e+00,4.236399590563897810e+00
2.642618388593386491e+00,4.239903094067398293e+00
2.646121892096904737e+00,4.243406597570916539e+00
2.649625395600391009e+00,4.246910101074402810e+00
2.653128899103915472e+00,4.250413604577927273e+00
2.656632402607420396e+00,4.253917108081432197e+00
2.660135906110904003e+00,4.257420611584915804e+00
2.663639409614405373e+00,4.260924115088417174e+00
2.667142913117908520e+00,4.264427618591920321e+00
2.670646416621432984e+00,4.267931122095444785e+00
2.674149920124921032e+00,4.271434625598932833e+00
2.677653423628421514e+00,4.274938129102433315e+00
2.681156927131939760e+00,4.278441632605951561e+00
2.684660430635426032e+00,4.281945136109437833e+00
2.688163934138950495e+00,4.285448639612962296e+00
2.691667437642455418e+00,4.288952143116467219e+00
2.695170941145939025e+00,4.292455646619950826e+00
2.698674444649440396e+00,4.295959150123452197e+00
2.702177948152943543e+00,4.299462653626955344e+00
2.705681451656468006e+00,4.302966157130479807e+00
2.709184955159956054e+00,4.306469660633967855e+00
2.712688458663456537e+00,4.309973164137468338e+00
2.716191962166974783e+00,4.313476667640986584e+00
2.719695465670461054e+00,4.316980171144472855e+00
2.723198969173985518e+00,4.320483674647997319e+00
2.726702472677490441e+00,4.323987178151502242e+00
2.730205976180974048e+00,4.327490681654985849e+00
2.733709479684475419e+00,4.330994185158487220e+00
2.737212983187978566e+00,4.334497688661990367e+00
2.740716486691503029e+00,4.338001192165514830e+00
2.744219990194991077e+00,4.341504695669002878e+00
2.747723493698491559e+00,4.345008199172503360e+00
2.751226997202009805e+00,4.348511702676021606e+00
2.754730500705496077e+00,4.352015206179507878e+00
2.758234004209020540e+00,4.355518709683032341e+00
2.761737507712525463e+00,4.359022213186537265e+00
2.765241011216009070e+00,4.362525716690020872e+00
2.768744514719510441e+00,4.366029220193522242e+00
2.772248018223013588e+00,4.369532723697025389e+00
2.775751521726538051e+00,4.373036227200549853e+00
2.779255025230026099e+00,4.376539730704037900e+00
2.782758528733526582e+00,4.380043234207538383e+00
2.786262032237044828e+00,4.383546737711056629e+00
2.789765535740531099e+00,4.387050241214542901e+00
2.793269039244055563e+00,4.390553744718067364e+00
2.796772542747560486e+00,4.394057248221572287e+00
2.800276046251061857e+00,4.397560751725073658e+00
2.803779549754562339e+00,4.401064255228574140e+00
2.807283053258048611e+00,4.404567758732060412e+00
2.810786556761538435e+00,4.408071262235550236e+00
2.814290060265044247e+00,4.411574765739055159e+00
2.817793563768579368e+00,4.415078269242591169e+00
2.821297067272079850e+00,4.418581772746091652e+00
2.824800570775566122e+00,4.422085276249577923e+00
2.828304074279090585e+00,4.425588779753102386e+00
2.831807577782595509e+00,4.429092283256607310e+00
2.835311081286062240e+00,4.432595786760073153e+00
2.838814584789563611e+00,4.436099290263574524e+00
2.842318088293083633e+00,4.439602793767095434e+00
2.845821591796641847e+00,4.443106297270654537e+00
2.849325095300113020e+00,4.446609800774124821e+00
2.852828598803579752e+00,4.450113304277590665e+00
2.856332102307114873e+00,4.453616807781126674e+00
2.859835605810601145e+00,4.457120311284612946e+00
2.863339109314125608e+00,4.460623814788137409e+00
2.866842612817630531e+00,4.464127318291642332e+00
2.870346116321131902e+00,4.467630821795143703e+00
2.873849619824632384e+00,4.471134325298644185e+00
2.877353123328118656e+00,4.474637828802130457e+00
2.880856626831608480e+00,4.478141332305620281e+00
2.884360130335114292e+00,4.481644835809125205e+00
2.887863633838649413e+00,4.485148339312661214e+00
2.891367137342149896e+00,4.488651842816161697e+00
2.894870640845636167e+00,4.492155346319647968e+00
2.898374144349160630e+00,4.495658849823172432e+00
2.901877647852665554e+00,4.499162353326677355e+00
2.905381151356132285e+00,4.502665856830143198e+00
2.908884654859633656e+00,4.506169360333644569e+00
2.912388158363153678e+00,4.509672863837165480e+00
2.915891661866711893e+00,4.513176367340724582e+00
2.919395165370183065e+00,4.516679870844194866e+00
2.922898668873649797e+00,4.520183374347660710e+00
2.926402172377184918e+00,4.523686877851196719e+00
2.929905675880671190e+00,4.527190381354682991e+00
2.933409179384195653e+00,4.530693884858207454e+00
2.936912682887700576e+00,4.534197388361712378e+00
2.940416186391201947e+00,4.537700891865213748e+00
2.943919689894702429e+00,4.541204395368714231e+00
2.947423193398188701e+00,4.544707898872200502e+00
2.950926696901678525e+00,4.548211402375690326e+00
2.954430200405184337e+00,4.551714905879195250e+00
2.957933703908719458e+00,4.555218409382731259e+00
2.961437207412219941e+00,4.558721912886231742e+00
2.964940710915706212e+00,4.562225416389718013e+00
2.968444214419230676e+00,4.565728919893242477e+00
2.971947717922735599e+00,4.569232423396747400e+00
2.975451221426202331e+00,4.572735926900213244e+00
2.978954724929703701e+00,4.576239430403714614e+00
2.982458228433223724e+00,4.579742933907235525e+00
2.985961731936781938e+00,4.583246437410794627e+00
2.989465235440253110e+00,4.586749940914264911e+00
2.992968738943719842e+00,4.590253444417730755e+00
2.996472242447254963e+00,4.593756947921266764e+00
2.999975745950741235e+00,4.597260451424753036e+00
3.003479249454265698e+00,4.600763954928277499e+00
3.006982752957770622e+00,4.604267458431782423e+00
3.010486256461271992e+00,4.607770961935283793e+00
3.013989759964772475e+00,4.611274465438784276e+00
3.017493263468258746e+00,4.614777968942270547e+00
3.020996766971748571e+00,4.618281472445760372e+00
3.024500270475254382e+00,4.621784975949265295e+00
3.028003773978789503e+00,4.625288479452801305e+00
3.031507277482289986e+00,4.628791982956301787e+00
3.035010780985776258e+00,4.632295486459788059e+00
3.038514284489300721e+00,4.635798989963312522e+00
3.042017787992805644e+00,4.639302493466817445e+00
3.045521291496272376e+00,4.642805996970283289e+00
3.049024794999773746e+00,4.646309500473784659e+00
3.052528298503293769e+00,4.649813003977305570e+00
3.056031802006851983e+00,4.653316507480864672e+00
3.059535305510323155e+00,4.656820010984334957e+00
3.063038809013789887e+00,4.660323514487800800e+00
3.066542312517325009e+00,4.663827017991336810e+00
3.070045816020811280e+00,4.667330521494823081e+00
3.073549319524335743e+00,4.670834024998347545e+00
3.077052823027840667e+00,4.674337528501852468e+00
3.080556326531342037e+00,4.677841032005353838e+00
3.084059830034842520e+00,4.681344535508854321e+00
3.087563333538328791e+00,4.684848039012340593e+00
3.091066837041818616e+00,4.688351542515830417e+00
3.094570340545324427e+00,4.691855046019335340e+00
3.098073844048859549e+00,4.695358549522871350e+00
3.101577347552360031e+00,4.698862053026371832e+00
3.105080851055846303e+00,4.702365556529858104e+00
3.108584354559370766e+00,4.705869060033382567e+00
3.112087858062873913e+00,4.709372563536885714e+00
3.115591361566343309e+00,4.712876067040354222e+00
3.119094865069845568e+00,4.716379570543857369e+00
3.122598368573363814e+00,4.719883074047375615e+00
3.126101872076922028e+00,4.723386577550934717e+00
3.129605375580391424e+00,4.726890081054403225e+00
3.133108879083860820e+00,4.730393584557871733e+00
3.136612382587397718e+00,4.733897088061409519e+00
3.140115886090881325e+00,4.737400591564893126e+00
3.143619389594405789e+00,4.740904095068417590e+00
3.147122893097874297e+00,4.744407598571885210e+00
3.150626396601412971e+00,4.747911102075424772e+00
3.154129900104948980e+00,4.751414605578961670e+00
3.157633403608398837e+00,4.754918109082410638e+00
3.161136907111888661e+00,4.758421612585900462e+00
3.164640410615391808e+00,4.761925116089402721e+00
3.168143914118930482e+00,4.765428619592942283e+00
3.171647417622432741e+00,4.768932123096444542e+00
3.175150921125916348e+00,4.772435626599928149e+00
3.178654424629440811e+00,4.775939130103452612e+00
3.182157928132943958e+00,4.779442633606955759e+00
3.185661431636413354e+00,4.782946137110424267e+00
3.189164935139915613e+00,4.786449640613927414e+00
3.192668438643433859e+00,4.789953144117445660e+00
3.196171942146992073e+00,4.793456647621004763e+00
3.199675445650461469e+00,4.796960151124473271e+00
3.203178949153930866e+00,4.800463654627941779e+00
3.206682452657467763e+00,4.803967158131479565e+00
3.210185956160971799e+00,4.807470661634983600e+00
