5.088283088979644875e-01,5.088283088979644875e-01
5.123318124014683006e-01,5.123318124014683006e-01
5.158353159049755554e-01,5.158353159049755554e-01
5.193388194084793685e-01,5.193388194084793685e-01
5.228423229119781857e-01,5.228423229119781857e-01
5.263458264154841082e-01,5.263458264154841082e-01
5.298493299189858119e-01,5.298493299189858119e-01
5.333528334224930667e-01,5.333528334224930667e-01
5.368563369259968798e-01,5.368563369259968798e-01
5.403598404294956969e-01,5.403598404294956969e-01
5.438633439330016195e-01,5.438633439330016195e-01
5.473668474365033232e-01,5.473668474365033232e-01
5.508703509400105780e-01,5.508703509400105780e-01
5.543738544435143911e-01,5.543738544435143911e-01
5.578773579470132082e-01,5.578773579470132082e-01
5.613808614505191308e-01,5.613808614505191308e-01
5.648843649540208345e-01,5.648843649540208345e-01
5.683878684575280893e-01,5.683878684575280893e-01
5.718913719610319024e-01,5.718913719610319024e-01
5.753948754645307195e-01,5.753948754645307195e-01
5.788983789680366421e-01,5.788983789680366421e-01
5.824018824715383458e-01,5.824018824715383458e-01
5.859053859750456006e-01,5.859053859750456006e-01
5.894088894785494137e-01,5.894088894785494137e-01
5.929123929820482308e-01,5.929123929820482308e-01
5.964158964855541534e-01,5.964158964855541534e-01
5.999193999890559681e-01,5.999193999890559681e-01
6.034229034925631119e-01,6.034229034925631119e-01
6.069264069960669250e-01,6.069264069960669250e-01
6.104299104995658531e-01,6.104299104995658531e-01
6.139334140030716647e-01,6.139334140030716647e-01
6.174369175065734794e-01,6.174369175065734794e-01
6.209404210100806232e-01,6.209404210100806232e-01
6.244439245135844363e-01,6.244439245135844363e-01
6.279474280170833644e-01,6.279474280170833644e-01
6.314509315205891760e-01,6.314509315205891760e-01
6.349544350240909907e-01,6.349544350240909907e-01
6.384579385275981345e-01,6.384579385275981345e-01
6.419614420311019476e-01,6.419614420311019476e-01
6.454649455346008757e-01,6.454649455346008757e-01
6.489684490381066873e-01,6.489684490381066873e-01
6.524719525416085020e-01,6.524719525416085020e-01
6.559754560451156458e-01,6.559754560451156458e-01
6.594789595486194589e-01,6.594789595486194589e-01
6.629824630521183870e-01,6.629824630521183870e-01
6.664859665556241985e-01,6.664859665556241985e-01
6.699894700591260133e-01,6.699894700591260133e-01
6.734929735626331571e-01,6.734929735626331571e-01
6.769964770661369702e-01,6.769964770661369702e-01
6.804999805696358983e-01,6.804999805696358983e-01
6.840034840731417098e-01,6.840034840731417098e-01
6.875069875766435246e-01,6.875069875766435246e-01
6.910104910801506684e-01,6.910104910801506684e-01
6.945139945836544815e-01,6.945139945836544815e-01
6.980174980871534096e-01,6.980174980871534096e-01
7.015210015906592211e-01,7.015210015906592211e-01
7.050245050941610359e-01,7.050245050941610359e-01
7.085280085976681796e-01,7.085280085976681796e-01
7.120315121011719928e-01,7.120315121011719928e-01
7.155350156046709209e-01,7.155350156046709209e-01
7.190385191081767324e-01,7.190385191081767324e-01
7.225420226116785472e-01,7.225420226116785472e-01
7.260455261151856909e-01,7.260455261151856909e-01
7.295490296186895041e-01,7.295490296186895041e-01
7.330525331221884322e-01,7.330525331221884322e-01
7.365560366256942437e-01,7.365560366256942437e-01
7.400595401291960584e-01,7.400595401291960584e-01
7.435630436327032022e-01,7.435630436327032022e-01
7.470665471362070154e-01,7.470665471362070154e-01
7.505700506397059435e-01,7.505700506397059435e-01
7.540735541432117550e-01,7.540735541432117550e-01
7.575770576467135697e-01,7.575770576467135697e-01
7.610805611502207135e-01,7.610805611502207135e-01
7.645840646537245267e-01,7.645840646537245267e-01
7.680875681572234548e-01,7.680875681572234548e-01
7.715910716607292663e-01,7.715910716607292663e-01
7.750945751642310810e-01,7.750945751642310810e-01
7.785980786677382248e-01,7.785980786677382248e-01
7.821015821712420379e-01,7.821015821712420379e-01
7.856050856747409661e-01,7.856050856747409661e-01
7.891085891782467776e-01,7.891085891782467776e-01
7.926120926817485923e-01,7.926120926817485923e-01
7.961155961852557361e-01,7.961155961852557361e-01
7.996190996887575508e-01,7.996190996887575508e-01
8.031226031922591435e-01,8.031226031922591435e-01
8.066261066957707282e-01,8.066261066957707282e-01
8.101296101992661036e-01,8.101296101992661036e-01
8.136331137027690286e-01,8.136331137027690286e-01
8.171366172062750621e-01,8.171366172062750621e-01
8.206401207097766548e-01,8.206401207097766548e-01
8.241436242132882395e-01,8.241436242132882395e-01
8.276471277167836149e-01,8.276471277167836149e-01
8.311506312202865399e-01,8.311506312202865399e-01
8.346541347237925734e-01,8.346541347237925734e-01
8.381576382272941661e-01,8.381576382272941661e-01
8.416611417308057508e-01,8.416611417308057508e-01
8.451646452343011262e-01,8.451646452343011262e-01
8.486681487378040512e-01,8.486681487378040512e-01
8.521716522413100847e-01,8.521716522413100847e-01
8.556751557448116774e-01,8.556751557448116774e-01
8.591786592483232621e-01,8.591786592483232621e-01
8.626821627518186375e-01,8.626821627518186375e-01
8.661856662553215624e-01,8.661856662553215624e-01
8.696891697588275960e-01,8.696891697588275960e-01
8.731926732623291887e-01,8.731926732623291887e-01
8.766961767658407734e-01,8.766961767658407734e-01
8.801996802693361488e-01,8.801996802693361488e-01
8.837031837728390737e-01,8.837031837728390737e-01
8.872066872763451073e-01,8.872066872763451073e-01
8.907101907798467000e-01,8.907101907798467000e-01
8.942136942833582847e-01,8.942136942833582847e-01
8.977171977868536601e-01,8.977171977868536601e-01
9.012207012903565850e-01,9.012207012903565850e-01
9.047242047938626186e-01,9.047242047938626186e-01
9.082277082973642113e-01,9.082277082973642113e-01
9.117312118008757960e-01,9.117312118008757960e-01
9.152347153043711714e-01,9.152347153043711714e-01
9.187382188078740963e-01,9.187382188078740963e-01
9.222417223113801299e-01,9.222417223113801299e-01
9.257452258148817226e-01,9.257452258148817226e-01
9.292487293183933073e-01,9.292487293183933073e-01
9.327522328218886827e-01,9.327522328218886827e-01
9.362557363253916076e-01,9.362557363253916076e-01
9.397592398288976412e-01,9.397592398288976412e-01
9.432627433323992339e-01,9.432627433323992339e-01
9.467662468359108185e-01,9.467662468359108185e-01
9.502697503394061940e-01,9.502697503394061940e-01
9.537732538429091189e-01,9.537732538429091189e-01
9.572767573464151525e-01,9.572767573464151525e-01
9.607802608499167452e-01,9.607802608499167452e-01
9.642837643534283298e-01,9.642837643534283298e-01
9.677872678569237053e-01,9.677872678569237053e-01
9.712907713604266302e-01,9.712907713604266302e-01
9.747942748639326638e-01,9.747942748639326638e-01
9.782977783674342565e-01,9.782977783674342565e-01
9.818012818709458411e-01,9.818012818709458411e-01
9.853047853744412166e-01,9.853047853744412166e-01
9.888082888779441415e-01,9.888082888779441415e-01
9.923117923814501751e-01,9.923117923814501751e-01
9.958152958849517677e-01,9.958152958849517677e-01
9.993187993884633524e-01,9.993187993884633524e-01
1.002822302891958506e+00,1.002822302891958506e+00
1.006325806395461653e+00,1.006325806395461653e+00
1.009829309898967686e+00,1.009829309898967686e+00
1.013332813402469279e+00,1.013332813402469279e+00
1.016836316905980864e+00,1.016836316905980864e+00
1.020339820409476017e+00,1.020339820409476017e+00
1.023843323912979164e+00,1.023843323912979164e+00
1.027346827416485198e+00,1.027346827416485198e+00
1.030850330919986790e+00,1.030850330919986790e+00
1.034353834423498375e+00,1.034353834423498375e+00
1.037857337926995749e+00,1.037857337926995749e+00
1.041360841430497342e+00,1.041360841430497342e+00
1.044864344934000489e+00,1.044864344934000489e+00
1.048367848437504302e+00,1.048367848437504302e+00
1.051871351941015886e+00,1.051871351941015886e+00
1.055374855444513260e+00,1.055374855444513260e+00
1.058878358948014853e+00,1.058878358948014853e+00
1.062381862451518000e+00,1.062381862451518000e+00
1.065885365955021813e+00,1.065885365955021813e+00
1.069388869458533398e+00,1.069388869458533398e+00
1.072892372962030771e+00,1.072892372962030771e+00
1.076395876465532364e+00,1.076395876465532364e+00
1.079899379969035511e+00,1.079899379969035511e+00
1.083402883472539324e+00,1.083402883472539324e+00
1.086906386976050909e+00,1.086906386976050909e+00
1.090409890479548283e+00,1.090409890479548283e+00
1.093913393983049875e+00,1.093913393983049875e+00
1.097416897486553022e+00,1.097416897486553022e+00
1.100920400990056836e+00,1.100920400990056836e+00
1.104423904493568420e+00,1.104423904493568420e+00
1.107927407997065794e+00,1.107927407997065794e+00
1.111430911500567387e+00,1.111430911500567387e+00
1.114934415004070534e+00,1.114934415004070534e+00
1.118437918507574347e+00,1.118437918507574347e+00
1.121941422011085931e+00,1.121941422011085931e+00
1.125444925514583305e+00,1.125444925514583305e+00
1.128948429018084898e+00,1.128948429018084898e+00
1.132451932521588045e+00,1.132451932521588045e+00
1.135955436025091858e+00,1.135955436025091858e+00
1.139458939528603443e+00,1.139458939528603443e+00
1.142962443032100817e+00,1.142962443032100817e+00
1.146465946535602409e+00,1.146465946535602409e+00
1.149969450039105556e+00,1.149969450039105556e+00
1.153472953542609369e+00,1.153472953542609369e+00
1.156976457046120954e+00,1.156976457046120954e+00
1.160479960549618328e+00,1.160479960549618328e+00
1.163983464053119921e+00,1.163983464053119921e+00
1.167486967556623068e+00,1.167486967556623068e+00
1.170990471060126881e+00,1.170990471060126881e+00
1.174493974563638465e+00,1.174493974563638465e+00
1.177997478067135839e+00,1.177997478067135839e+00
1.181500981570637432e+00,1.181500981570637432e+00
1.185004485074140579e+00,1.185004485074140579e+00
1.188507988577644392e+00,1.188507988577644392e+00
1.192011492081155977e+00,1.192011492081155977e+00
1.195514995584653350e+00,1.195514995584653350e+00
1.199018499088154943e+00,1.199018499088154943e+00
1.202522002591658090e+00,1.202522002591658090e+00
1.206025506095161681e+00,1.206025506095161681e+00
1.209529009598673710e+00,1.209529009598673710e+00
1.213032513102170862e+00,1.213032513102170862e+00
1.216536016605672454e+00,1.216536016605672454e+00
1.220039520109175601e+00,1.220039520109175601e+00
1.223543023612679193e+00,1.223543023612679193e+00
1.227046527116191221e+00,1.227046527116191221e+00
1.230550030619688373e+00,1.230550030619688373e+00
1.234053534123189966e+00,1.234053534123189966e+00
1.237557037626693113e+00,1.237557037626693113e+00
1.241060541130196704e+00,1.241060541130196704e+00
1.244564044633708733e+00,1.244564044633708733e+00
1.248067548137205884e+00,1.248067548137205884e+00
1.251571051640707477e+00,1.251571051640707477e+00
1.255074555144210624e+00,1.255074555144210624e+00
1.258578058647714215e+00,1.258578058647714215e+00
1.262081562151226244e+00,1.262081562151226244e+00
1.265585065654723396e+00,1.265585065654723396e+00
1.269088569158224988e+00,1.269088569158224988e+00
1.272592072661728135e+00,1.272592072661728135e+00
1.276095576165231726e+00,1.276095576165231726e+00
1.279599079668743755e+00,1.279599079668743755e+00
1.283102583172240907e+00,1.283102583172240907e+00
1.286606086675742500e+00,1.286606086675742500e+00
1.290109590179245647e+00,1.290109590179245647e+00
1.293613093682749238e+00,1.293613093682749238e+00
1.297116597186261266e+00,1.297116597186261266e+00
1.300620100689758196e+00,1.300620100689758196e+00
1.304123604193260011e+00,1.304123604193260011e+00
1.307627107696763158e+00,1.307627107696763158e+00
1.311130611200266749e+00,1.311130611200266749e+00
1.314634114703778778e+00,1.314634114703778778e+00
1.318137618207275708e+00,1.318137618207275708e+00
1.321641121710777522e+00,1.321641121710777522e+00
1.325144625214280669e+00,1.325144625214280669e+00
1.328648128717784260e+00,1.328648128717784260e+00
1.332151632221296289e+00,1.332151632221296289e+00
1.335655135724793219e+00,1.335655135724793219e+00
1.339158639228295034e+00,1.339158639228295034e+00
1.342662142731798181e+00,1.342662142731798181e+00
1.346165646235301772e+00,1.346165646235301772e+00
1.349669149738813800e+00,1.349669149738813800e+00
1.353172653242310730e+00,1.353172653242310730e+00
1.356676156745812545e+00,1.356676156745812545e+00
1.360179660249315692e+00,1.360179660249315692e+00
1.363683163752819283e+00,1.363683163752819283e+00
1.367186667256331312e+00,1.367186667256331312e+00
1.370690170759828241e+00,1.370690170759828241e+00
1.374193674263330056e+00,1.374193674263330056e+00
1.377697177766833203e+00,1.377697177766833203e+00
1.381200681270336794e+00,1.381200681270336794e+00
1.384704184773848823e+00,1.384704184773848823e+00
1.388207688277345753e+00,1.388207688277345753e+00
1.391711191780847567e+00,1.391711191780847567e+00
1.395214695284350714e+00,1.395214695284350714e+00
1.398718198787854305e+00,1.398718198787854305e+00
1.402221702291366334e+00,1.402221702291366334e+00
1.405725205794863264e+00,1.405725205794863264e+00
1.409228709298365079e+00,1.409228709298365079e+00
1.412732212801868226e+00,1.412732212801868226e+00
1.416235716305371817e+00,1.416235716305371817e+00
1.419739219808883846e+00,1.419739219808883846e+00
1.423242723312380775e+00,1.423242723312380775e+00
1.426746226815882590e+00,1.426746226815882590e+00
1.430249730319385737e+00,1.430249730319385737e+00
1.433753233822889328e+00,1.433753233822889328e+00
1.437256737326401357e+00,1.437256737326401357e+00
1.440760240829898287e+00,1.440760240829898287e+00
1.444263744333400101e+00,1.444263744333400101e+00
1.447767247836903248e+00,1.447767247836903248e+00
1.451270751340406839e+00,1.451270751340406839e+00
1.454774254843918868e+00,1.454774254843918868e+00
1.458277758347415798e+00,1.458277758347415798e+00
1.461781261850917613e+00,1.461781261850917613e+00
1.465284765354420760e+00,1.465284765354420760e+00
1.468788268857924351e+00,1.468788268857924351e+00
1.472291772361436379e+00,1.472291772361436379e+00
1.475795275864933309e+00,1.475795275864933309e+00
1.479298779368435124e+00,1.479298779368435124e+00
1.482802282871938271e+00,1.482802282871938271e+00
1.486305786375441862e+00,1.486305786375441862e+00
1.489809289878953891e+00,1.489809289878953891e+00
1.493312793382450820e+00,1.493312793382450820e+00
1.496816296885952635e+00,1.496816296885952635e+00
1.500319800389455782e+00,1.500319800389455782e+00
1.503823303892959373e+00,1.503823303892959373e+00
1.507326807396471402e+00,1.507326807396471402e+00
1.510830310899968332e+00,1.510830310899968332e+00
1.514333814403465484e+00,1.514333814403465484e+00
1.517837317906978178e+00,1.517837317906978178e+00
1.521340821410481547e+00,1.521340821410481547e+00
1.524844324913984250e+00,1.524844324913984250e+00
1.528347828417485843e+00,1.528347828417485843e+00
1.531851331920982995e+00,1.531851331920982995e+00
1.535354835424495690e+00,1.535354835424495690e+00
1.538858338927999059e+00,1.538858338927999059e+00
1.542361842431501762e+00,1.542361842431501762e+00
1.545865345935003354e+00,1.545865345935003354e+00
1.549368849438500506e+00,1.549368849438500506e+00
1.552872352942013201e+00,1.552872352942013201e+00
1.556375856445516570e+00,1.556375856445516570e+00
1.559879359949019273e+00,1.559879359949019273e+00
1.563382863452520866e+00,1.563382863452520866e+00
1.566886366956018017e+00,1.566886366956018017e+00
1.570389870459530712e+00,1.570389870459530712e+00
1.573893373963034081e+00,1.573893373963034081e+00
1.577396877466536784e+00,1.577396877466536784e+00
1.580900380970038377e+00,1.580900380970038377e+00
1.584403884473535529e+00,1.584403884473535529e+00
1.587907387977048224e+00,1.587907387977048224e+00
1.591410891480551593e+00,1.591410891480551593e+00
1.594914394984054296e+00,1.594914394984054296e+00
1.598417898487555888e+00,1.598417898487555888e+00
1.601921401991053040e+00,1.601921401991053040e+00
1.605424905494565735e+00,1.605424905494565735e+00
1.608928408998069104e+00,1.608928408998069104e+00
1.612431912501571807e+00,1.612431912501571807e+00
1.615935416005073400e+00,1.615935416005073400e+00
1.619438919508570551e+00,1.619438919508570551e+00
1.622942423012083246e+00,1.622942423012083246e+00
1.626445926515586615e+00,1.626445926515586615e+00
1.629949430019089318e+00,1.629949430019089318e+00
1.633452933522590911e+00,1.633452933522590911e+00
1.636956437026088063e+00,1.636956437026088063e+00
1.640459940529600757e+00,1.640459940529600757e+00
1.643963444033104127e+00,1.643963444033104127e+00
1.647466947536606829e+00,1.647466947536606829e+00
1.650970451040108422e+00,1.650970451040108422e+00
1.654473954543605574e+00,1.654473954543605574e+00
1.657977458047118269e+00,1.657977458047118269e+00
1.661480961550621638e+00,1.661480961550621638e+00
1.664984465054124341e+00,1.664984465054124341e+00
1.668487968557625933e+00,1.668487968557625933e+00
1.671991472061123085e+00,1.671991472061123085e+00
1.675494975564635780e+00,1.675494975564635780e+00
1.678998479068139149e+00,1.678998479068139149e+00
1.682501982571641852e+00,1.682501982571641852e+00
1.686005486075143445e+00,1.686005486075143445e+00
1.689508989578640596e+00,1.689508989578640596e+00
1.693012493082153291e+00,1.693012493082153291e+00
1.696515996585656660e+00,1.696515996585656660e+00
1.700019500089159363e+00,1.700019500089159363e+00
1.703523003592660956e+00,1.703523003592660956e+00
1.707026507096158108e+00,1.707026507096158108e+00
1.710530010599670803e+00,1.710530010599670803e+00
1.714033514103174172e+00,1.714033514103174172e+00
1.717537017606676875e+00,1.717537017606676875e+00
1.721040521110178467e+00,1.721040521110178467e+00
1.724544024613675619e+00,1.724544024613675619e+00
1.728047528117188314e+00,1.728047528117188314e+00
1.731551031620691683e+00,1.731551031620691683e+00
1.735054535124194386e+00,1.735054535124194386e+00
1.738558038627704860e+00,1.738558038627704860e+00
1.742061542131201790e+00,1.742061542131201790e+00
1.745565045634697166e+00,1.745565045634697166e+00
1.749068549138200979e+00,1.749068549138200979e+00
1.752572052641711897e+00,1.752572052641711897e+00
1.756075556145205496e+00,1.756075556145205496e+00
1.759579059648702204e+00,1.759579059648702204e+00
1.763082563152231774e+00,1.763082563152231774e+00
1.766586066655735365e+00,1.766586066655735365e+00
1.770089570159229408e+00,1.770089570159229408e+00
1.773593073662739883e+00,1.773593073662739883e+00
1.777096577166226377e+00,1.777096577166226377e+00
1.780600080669732854e+00,1.780600080669732854e+00
1.784103584173246215e+00,1.784103584173246215e+00
1.787607087676746920e+00,1.787607087676746920e+00
1.791110591180240519e+00,1.791110591180240519e+00
1.794614094683743888e+00,1.794614094683743888e+00
1.798117598187267241e+00,1.798117598187267241e+00
1.801621101690763727e+00,1.801621101690763727e+00
1.805124605194264653e+00,1.805124605194264653e+00
1.808628108697774906e+00,1.808628108697774906e+00
1.812131612201261399e+00,1.812131612201261399e+00
1.815635115704767877e+00,1.815635115704767877e+00
1.819138619208281238e+00,1.819138619208281238e+00
1.822642122711782164e+00,1.822642122711782164e+00
1.826145626215275541e+00,1.826145626215275541e+00
1.829649129718778910e+00,1.829649129718778910e+00
1.833152633222302264e+00,1.833152633222302264e+00
1.836656136725798749e+00,1.836656136725798749e+00
1.840159640229299676e+00,1.840159640229299676e+00
1.843663143732809928e+00,1.843663143732809928e+00
1.847166647236296422e+00,1.847166647236296422e+00
1.850670150739802899e+00,1.850670150739802899e+00
1.854173654243316260e+00,1.854173654243316260e+00
1.857677157746817187e+00,1.857677157746817187e+00
1.861180661250310564e+00,1.861180661250310564e+00
1.864684164753813933e+00,1.864684164753813933e+00
1.868187668257337286e+00,1.868187668257337286e+00
1.871691171760833772e+00,1.871691171760833772e+00
1.875194675264334698e+00,1.875194675264334698e+00
1.878698178767844951e+00,1.878698178767844951e+00
1.882201682271331444e+00,1.882201682271331444e+00
1.885705185774837922e+00,1.885705185774837922e+00
1.889208689278349063e+00,1.889208689278349063e+00
1.892712192781853098e+00,1.892712192781853098e+00
1.896215696285347585e+00,1.896215696285347585e+00
1.899719199788848956e+00,1.899719199788848956e+00
1.903222703292372309e+00,1.903222703292372309e+00
1.906726206795866574e+00,1.906726206795866574e+00
1.910229710299370609e+00,1.910229710299370609e+00
1.913733213802882638e+00,1.913733213802882638e+00
1.917236717306366467e+00,1.917236717306366467e+00
1.920740220809872945e+00,1.920740220809872945e+00
1.924243724313384085e+00,1.924243724313384085e+00
1.927747227816888120e+00,1.927747227816888120e+00
1.931250731320382608e+00,1.931250731320382608e+00
1.934754234823883978e+00,1.934754234823883978e+00
1.938257738327407331e+00,1.938257738327407331e+00
1.941761241830901596e+00,1.941761241830901596e+00
1.945264745334405632e+00,1.945264745334405632e+00
1.948768248837917660e+00,1.948768248837917660e+00
1.952271752341401490e+00,1.952271752341401490e+00
1.955775255844907967e+00,1.955775255844907967e+00
1.959278759348419108e+00,1.959278759348419108e+00
1.962782262851923143e+00,1.962782262851923143e+00
1.966285766355417630e+00,1.966285766355417630e+00
1.969789269858919001e+00,1.969789269858919001e+00
1.973292773362442354e+00,1.973292773362442354e+00
1.976796276865936619e+00,1.976796276865936619e+00
1.980299780369440654e+00,1.980299780369440654e+00
1.983803283872952683e+00,1.983803283872952683e+00
1.987306787376436512e+00,1.987306787376436512e+00
1.990810290879942990e+00,1.990810290879942990e+00
1.994313794383454130e+00,1.994313794383454130e+00
1.997817297886958166e+00,1.997817297886958166e+00
2.001320801390452431e+00,2.001320801390452431e+00
2.004824304893953801e+00,2.004824304893953801e+00
2.008327808397477376e+00,2.008327808397477376e+00
2.011831311900971642e+00,2.011831311900971642e+00
2.015334815404475677e+00,2.015334815404475677e+00
2.018838318907987706e+00,2.018838318907987706e+00
2.022341822411471313e+00,2.022341822411471313e+00
2.025845325914978012e+00,2.025845325914978012e+00
2.029348829418489153e+00,2.029348829418489153e+00
2.032852332921993188e+00,2.032852332921993188e+00
2.036355836425487453e+00,2.036355836425487453e+00
2.039859339928988824e+00,2.039859339928988824e+00
2.043362843432512399e+00,2.043362843432512399e+00
2.046866346936006664e+00,2.046866346936006664e+00
2.050369850439510699e+00,2.050369850439510699e+00
2.053873353943022728e+00,2.053873353943022728e+00
2.057376857446506335e+00,2.057376857446506335e+00
2.060880360950013035e+00,2.060880360950013035e+00
2.064383864453524176e+00,2.064383864453524176e+00
2.067887367957028211e+00,2.067887367957028211e+00
2.071390871460522476e+00,2.071390871460522476e+00
2.074894374964023847e+00,2.074894374964023847e+00
2.078397878467547422e+00,2.078397878467547422e+00
2.081901381971041687e+00,2.081901381971041687e+00
2.085404885474545722e+00,2.085404885474545722e+00
2.088908388978057751e+00,2.088908388978057751e+00
2.092411892481541358e+00,2.092411892481541358e+00
2.095915395985048058e+00,2.095915395985048058e+00
2.099418899488559198e+00,2.099418899488559198e+00
2.102922402992063233e+00,2.102922402992063233e+00
2.106425906495557498e+00,2.106425906495557498e+00
2.109929409999058869e+00,2.109929409999058869e+00
2.113432913502582444e+00,2.113432913502582444e+00
2.116936417006076709e+00,2.116936417006076709e+00
2.120439920509580745e+00,2.120439920509580745e+00
2.123943424013092773e+00,2.123943424013092773e+00
2.127446927516576380e+00,2.127446927516576380e+00
2.130950431020083080e+00,2.130950431020083080e+00
2.134453934523594221e+00,2.134453934523594221e+00
2.137957438027098256e+00,2.137957438027098256e+00
2.141460941530592521e+00,2.141460941530592521e+00
2.144964445034093892e+00,2.144964445034093892e+00
2.148467948537617467e+00,2.148467948537617467e+00
2.151971452041111732e+00,2.151971452041111732e+00
2.155474955544615767e+00,2.155474955544615767e+00
2.158978459048127796e+00,2.158978459048127796e+00
2.162481962551611403e+00,2.162481962551611403e+00
2.165985466055118103e+00,2.165985466055118103e+00
2.169488969558629243e+00,2.169488969558629243e+00
2.172992473062133278e+00,2.172992473062133278e+00
2.176495976565627544e+00,2.176495976565627544e+00
2.179999480069128914e+00,2.179999480069128914e+00
2.183502983572652489e+00,2.183502983572652489e+00
2.187006487076146755e+00,2.187006487076146755e+00
2.190509990579650790e+00,2.190509990579650790e+00
2.194013494083162819e+00,2.194013494083162819e+00
2.197516997586646426e+00,2.197516997586646426e+00
2.201020501090153125e+00,2.201020501090153125e+00
2.204524004593664266e+00,2.204524004593664266e+00
2.208027508097168301e+00,2.208027508097168301e+00
2.211531011600662566e+00,2.211531011600662566e+00
2.215034515104163937e+00,2.215034515104163937e+00
2.218538018607687512e+00,2.218538018607687512e+00
2.222041522111181777e+00,2.222041522111181777e+00
2.225545025614685812e+00,2.225545025614685812e+00
2.229048529118197841e+00,2.229048529118197841e+00
2.232552032621681448e+00,2.232552032621681448e+00
2.236055536125188148e+00,2.236055536125188148e+00
2.239559039628699288e+00,2.239559039628699288e+00
2.243062543132203324e+00,2.243062543132203324e+00
2.246566046635697589e+00,2.246566046635697589e+00
2.250069550139198959e+00,2.250069550139198959e+00
2.253573053642722535e+00,2.253573053642722535e+00
2.257076557146216800e+00,2.257076557146216800e+00
2.260580060649720835e+00,2.260580060649720835e+00
2.264083564153232864e+00,2.264083564153232864e+00
2.267587067656716471e+00,2.267587067656716471e+00
2.271090571160223170e+00,2.271090571160223170e+00
2.274594074663734311e+00,2.274594074663734311e+00
2.278097578167238346e+00,2.278097578167238346e+00
2.281601081670732611e+00,2.281601081670732611e+00
2.285104585174233982e+00,2.285104585174233982e+00
2.288608088677757557e+00,2.288608088677757557e+00
2.292111592181251822e+00,2.292111592181251822e+00
2.295615095684755858e+00,2.295615095684755858e+00
2.299118599188267886e+00,2.299118599188267886e+00
2.302622102691751493e+00,2.302622102691751493e+00
2.306125606195258193e+00,2.306125606195258193e+00
2.309629109698769334e+00,2.309629109698769334e+00
2.313132613202273369e+00,2.313132613202273369e+00
2.316636116705767634e+00,2.316636116705767634e+00
2.320139620209269005e+00,2.320139620209269005e+00
2.323643123712792580e+00,2.323643123712792580e+00
2.327146627216286845e+00,2.327146627216286845e+00
2.330650130719790880e+00,2.330650130719790880e+00
2.334153634223302909e+00,2.334153634223302909e+00
2.337657137726786516e+00,2.337657137726786516e+00
2.341160641230293216e+00,2.341160641230293216e+00
2.344664144733804356e+00,2.344664144733804356e+00
2.348167648237308391e+00,2.348167648237308391e+00
2.351671151740802657e+00,2.351671151740802657e+00
2.355174655244304027e+00,2.355174655244304027e+00
2.358678158747827602e+00,2.358678158747827602e+00
2.362181662251321868e+00,2.362181662251321868e+00
2.365685165754825903e+00,2.365685165754825903e+00
2.369188669258337931e+00,2.369188669258337931e+00
2.372692172761821539e+00,2.372692172761821539e+00
2.376195676265325574e+00,2.376195676265325574e+00
2.379699179768840267e+00,2.379699179768840267e+00
2.383202683272345190e+00,2.383202683272345190e+00
2.386706186775837679e+00,2.386706186775837679e+00
2.390209690279339050e+00,2.390209690279339050e+00
2.393713193782859960e+00,2.393713193782859960e+00
2.397216697286357778e+00,2.397216697286357778e+00
2.400720200789862702e+00,2.400720200789862702e+00
2.404223704293372954e+00,2.404223704293372954e+00
2.407727207796856561e+00,2.407727207796856561e+00
2.411230711300360596e+00,2.411230711300360596e+00
2.414734214803875290e+00,2.414734214803875290e+00
2.418237718307380213e+00,2.418237718307380213e+00
2.421741221810872702e+00,2.421741221810872702e+00
2.425244725314374072e+00,2.425244725314374072e+00
2.428748228817894983e+00,2.428748228817894983e+00
2.432251732321392801e+00,2.432251732321392801e+00
2.435755235824897724e+00,2.435755235824897724e+00
2.439258739328407977e+00,2.439258739328407977e+00
2.442762242831891584e+00,2.442762242831891584e+00
2.446265746335395619e+00,2.446265746335395619e+00
2.449769249838910312e+00,2.449769249838910312e+00
2.453272753342415236e+00,2.453272753342415236e+00
2.456776256845907724e+00,2.456776256845907724e+00
2.460279760349409095e+00,2.460279760349409095e+00
2.463783263852930006e+00,2.463783263852930006e+00
2.467286767356427823e+00,2.467286767356427823e+00
2.470790270859932747e+00,2.470790270859932747e+00
2.474293774363442999e+00,2.474293774363442999e+00
2.477797277866926606e+00,2.477797277866926606e+00
2.481300781370430641e+00,2.481300781370430641e+00
2.484804284873945335e+00,2.484804284873945335e+00
2.488307788377450258e+00,2.488307788377450258e+00
2.491811291880942747e+00,2.491811291880942747e+00
2.495314795384444118e+00,2.495314795384444118e+00
2.498818298887965028e+00,2.498818298887965028e+00
2.502321802391462846e+00,2.502321802391462846e+00
2.505825305894958888e+00,2.505825305894958888e+00
2.509328809398478022e+00,2.509328809398478022e+00
2.512832312901980281e+00,2.512832312901980281e+00
2.516335816405465664e+00,2.516335816405465664e+00
2.519839319908970587e+00,2.519839319908970587e+00
2.523342823412476399e+00,2.523342823412476399e+00
2.526846326915978658e+00,2.526846326915978658e+00
2.530349830419497792e+00,2.530349830419497792e+00
2.533853333923000051e+00,2.533853333923000051e+00
2.537356837426488099e+00,2.537356837426488099e+00
2.540860340929993910e+00,2.540860340929993910e+00
2.544363844433513044e+00,2.544363844433513044e+00
2.547867347937015303e+00,2.547867347937015303e+00
2.551370851440500687e+00,2.551370851440500687e+00
2.554874354944005610e+00,2.554874354944005610e+00
2.558377858447511422e+00,2.558377858447511422e+00
2.561881361951013680e+00,2.561881361951013680e+00
2.565384865454532815e+00,2.565384865454532815e+00
2.568888368958035073e+00,2.568888368958035073e+00
2.572391872461523121e+00,2.572391872461523121e+00
2.575895375965028933e+00,2.575895375965028933e+00
2.579398879468548067e+00,2.579398879468548067e+00
2.582902382972050326e+00,2.582902382972050326e+00
2.586405886475535709e+00,2.586405886475535709e+00
2.589909389979040633e+00,2.589909389979040633e+00
2.593412893482546444e+00,2.593412893482546444e+00
2.596916396986048703e+00,2.596916396986048703e+00
2.600419900489567837e+00,2.600419900489567837e+00
2.603923403993070096e+00,2.603923403993070096e+00
2.607426907496558144e+00,2.607426907496558144e+00
2.610930411000063955e+00,2.610930411000063955e+00
2.614433914503583090e+00,2.614433914503583090e+00
2.617937418007085348e+00,2.617937418007085348e+00
2.621440921510570732e+00,2.621440921510570732e+00
2.624944425014075655e+00,2.624944425014075655e+00
2.628447928517581467e+00,2.628447928517581467e+00
2.631951432021083725e+00,2.631951432021083725e+00
2.635454935524602860e+00,2.635454935524602860e+00
2.638958439028105118e+00,2.638958439028105118e+00
2.642461942531593166e+00,2.642461942531593166e+00
2.645965446035098978e+00,2.645965446035098978e+00
2.649468949538618112e+00,2.649468949538618112e+00
2.652972453042120371e+00,2.652972453042120371e+00
2.656475956545605754e+00,2.656475956545605754e+00
2.659979460049110678e+00,2.659979460049110678e+00
2.663482963552616489e+00,2.663482963552616489e+00
2.666986467056118748e+00,2.666986467056118748e+00
2.670489970559637882e+00,2.670489970559637882e+00
2.673993474063140141e+00,2.673993474063140141e+00
2.677496977566628189e+00,2.677496977566628189e+00
2.681000481070134001e+00,2.681000481070134001e+00
2.684503984573653135e+00,2.684503984573653135e+00
2.688007488077155394e+00,2.688007488077155394e+00
2.691510991580640777e+00,2.691510991580640777e+00
2.695014495084145700e+00,2.695014495084145700e+00
2.698517998587651512e+00,2.698517998587651512e+00
2.702021502091153771e+00,2.702021502091153771e+00
2.705525005594672905e+00,2.705525005594672905e+00
2.709028509098175164e+00,2.709028509098175164e+00
2.712532012601663212e+00,2.712532012601663212e+00
2.716035516105169023e+00,2.716035516105169023e+00
2.719539019608688157e+00,2.719539019608688157e+00
2.723042523112190416e+00,2.723042523112190416e+00
2.726546026615675800e+00,2.726546026615675800e+00
2.730049530119180723e+00,2.730049530119180723e+00
2.733553033622686534e+00,2.733553033622686534e+00
2.737056537126188793e+00,2.737056537126188793e+00
2.740560040629707927e+00,2.740560040629707927e+00
2.744063544133210186e+00,2.744063544133210186e+00
2.747567047636698234e+00,2.747567047636698234e+00
2.751070551140204046e+00,2.751070551140204046e+00
2.754574054643723180e+00,2.754574054643723180e+00
2.758077558147225439e+00,2.758077558147225439e+00
2.761581061650710822e+00,2.761581061650710822e+00
2.765084565154215746e+00,2.765084565154215746e+00
2.768588068657721557e+00,2.768588068657721557e+00
2.772091572161223816e+00,2.772091572161223816e+00
2.775595075664742950e+00,2.775595075664742950e+00
2.779098579168245209e+00,2.779098579168245209e+00
2.782602082671733257e+00,2.782602082671733257e+00
2.786105586175239068e+00,2.786105586175239068e+00
2.789609089678758203e+00,2.789609089678758203e+00
2.793112593182260461e+00,2.793112593182260461e+00
2.796616096685745845e+00,2.796616096685745845e+00
2.800119600189250768e+00,2.800119600189250768e+00
2.803623103692756580e+00,2.803623103692756580e+00
2.807126607196258838e+00,2.807126607196258838e+00
2.810630110699777973e+00,2.810630110699777973e+00
2.814133614203280231e+00,2.814133614203280231e+00
2.817637117706768279e+00,2.817637117706768279e+00
2.821140621210274091e+00,2.821140621210274091e+00
2.824644124713793225e+00,2.824644124713793225e+00
2.828147628217295484e+00,2.828147628217295484e+00
2.831651131720780867e+00,2.831651131720780867e+00
2.835154635224285791e+00,2.835154635224285791e+00
2.838658138727791602e+00,2.838658138727791602e+00
2.842161642231293861e+00,2.842161642231293861e+00
2.845665145734812995e+00,2.845665145734812995e+00
2.849168649238315254e+00,2.849168649238315254e+00
2.852672152741803302e+00,2.852672152741803302e+00
2.856175656245309114e+00,2.856175656245309114e+00
2.859679159748828248e+00,2.859679159748828248e+00
2.863182663252330507e+00,2.863182663252330507e+00
2.866686166755815890e+00,2.866686166755815890e+00
2.870189670259320813e+00,2.870189670259320813e+00
2.873693173762826625e+00,2.873693173762826625e+00
2.877196677266328884e+00,2.877196677266328884e+00
2.880700180769848018e+00,2.880700180769848018e+00
2.884203684273350277e+00,2.884203684273350277e+00
2.887707187776838325e+00,2.887707187776838325e+00
2.891210691280344136e+00,2.891210691280344136e+00
2.894714194783863270e+00,2.894714194783863270e+00
2.898217698287365529e+00,2.898217698287365529e+00
2.901721201790850913e+00,2.901721201790850913e+00
2.905224705294355836e+00,2.905224705294355836e+00
2.908728208797861647e+00,2.908728208797861647e+00
2.912231712301363906e+00,2.912231712301363906e+00
2.915735215804883040e+00,2.915735215804883040e+00
2.919238719308385299e+00,2.919238719308385299e+00
2.922742222811873347e+00,2.922742222811873347e+00
2.926245726315379159e+00,2.926245726315379159e+00
2.929749229818898293e+00,2.929749229818898293e+00
2.933252733322400552e+00,2.933252733322400552e+00
2.936756236825885935e+00,2.936756236825885935e+00
2.940259740329390858e+00,2.940259740329390858e+00
2.943763243832896670e+00,2.943763243832896670e+00
2.947266747336398929e+00,2.947266747336398929e+00
2.950770250839918063e+00,2.950770250839918063e+00
2.954273754343420322e+00,2.954273754343420322e+00
2.957777257846908370e+00,2.957777257846908370e+00
2.961280761350414181e+00,2.961280761350414181e+00
2.964784264853933315e+00,2.964784264853933315e+00
2.968287768357435574e+00,2.968287768357435574e+00
2.971791271860920958e+00,2.971791271860920958e+00
2.975294775364425881e+00,2.975294775364425881e+00
2.978798278867931693e+00,2.978798278867931693e+00
2.982301782371433951e+00,2.982301782371433951e+00
2.985805285874953086e+00,2.985805285874953086e+00
2.989308789378455344e+00,2.989308789378455344e+00
2.992812292881943392e+00,2.992812292881943392e+00
2.996315796385449204e+00,2.996315796385449204e+00
2.999819299888968338e+00,2.999819299888968338e+00
3.003322803392470597e+00,3.003322803392470597e+00
3.006826306895955980e+00,3.006826306895955980e+00
3.010329810399460904e+00,3.010329810399460904e+00
3.013833313902966715e+00,3.013833313902966715e+00
3.017336817406468974e+00,3.017336817406468974e+00
3.020840320909988108e+00,3.020840320909988108e+00
3.024343824413490367e+00,3.024343824413490367e+00
3.027847327916978415e+00,3.027847327916978415e+00
3.031350831420500214e+00,3.031350831420500214e+00
3.034854334924004249e+00,3.034854334924004249e+00
3.038357838427489632e+00,3.038357838427489632e+00
3.041861341930991003e+00,3.041861341930991003e+00
3.045364845434495926e+00,3.045364845434495926e+00
3.048868348938017725e+00,3.048868348938017725e+00
3.052371852441503997e+00,3.052371852441503997e+00
3.055875355945007144e+00,3.055875355945007144e+00
3.059378859448525390e+00,3.059378859448525390e+00
3.062882362952013438e+00,3.062882362952013438e+00
3.066385866455535236e+00,3.066385866455535236e+00
3.069889369959039271e+00,3.069889369959039271e+00
3.073392873462524655e+00,3.073392873462524655e+00
3.076896376966026025e+00,3.076896376966026025e+00
3.080399880469530949e+00,3.080399880469530949e+00
3.083903383973052748e+00,3.083903383973052748e+00
3.087406887476539019e+00,3.087406887476539019e+00
3.090910390980042166e+00,3.090910390980042166e+00
3.094413894483560412e+00,3.094413894483560412e+00
3.097917397987048460e+00,3.097917397987048460e+00
3.101420901490570259e+00,3.101420901490570259e+00
3.104924404994074294e+00,3.104924404994074294e+00
3.108427908497559677e+00,3.108427908497559677e+00
3.111931412001061048e+00,3.111931412001061048e+00
3.115434915504565971e+00,3.115434915504565971e+00
3.118938419008087770e+00,3.118938419008087770e+00
3.122441922511574042e+00,3.122441922511574042e+00
3.125945426015077189e+00,3.125945426015077189e+00
3.129448929518595435e+00,3.129448929518595435e+00
3.132952433022083483e+00,3.132952433022083483e+00
3.136455936525605281e+00,3.136455936525605281e+00
3.139959440029109317e+00,3.139959440029109317e+00
3.143462943532594700e+00,3.143462943532594700e+00
3.146966447036096071e+00,3.146966447036096071e+00
3.150469950539600994e+00,3.150469950539600994e+00
3.153973454043122793e+00,3.153973454043122793e+00
3.157476957546609064e+00,3.157476957546609064e+00
3.160980461050112211e+00,3.160980461050112211e+00
3.164483964553630457e+00,3.164483964553630457e+00
3.167987468057118505e+00,3.167987468057118505e+00
3.171490971560640304e+00,3.171490971560640304e+00
3.174994475064144339e+00,3.174994475064144339e+00
3.178497978567629723e+00,3.178497978567629723e+00
3.182001482071131093e+00,3.182001482071131093e+00
3.185504985574636017e+00,3.185504985574636017e+00
3.189008489078157815e+00,3.189008489078157815e+00
3.192511992581644087e+00,3.192511992581644087e+00
3.196015496085147234e+00,3.196015496085147234e+00
3.199518999588665480e+00,3.199518999588665480e+00
3.203022503092153528e+00,3.203022503092153528e+00
3.206526006595675327e+00,3.206526006595675327e+00
3.210029510099179362e+00,3.210029510099179362e+00
3.213533013602664745e+00,3.213533013602664745e+00
3.217036517106166116e+00,3.217036517106166116e+00
3.220540020609671039e+00,3.220540020609671039e+00
3.224043524113192838e+00,3.224043524113192838e+00
3.227547027616679109e+00,3.227547027616679109e+00
3.231050531120182256e+00,3.231050531120182256e+00
3.234554034623700502e+00,3.234554034623700502e+00
3.238057538127188550e+00,3.238057538127188550e+00
3.241561041630710349e+00,3.241561041630710349e+00
3.245064545134214384e+00,3.245064545134214384e+00
3.248568048637699768e+00,3.248568048637699768e+00
3.252071552141201138e+00,3.252071552141201138e+00
3.255575055644704285e+00,3.255575055644704285e+00
3.259078559148228749e+00,3.259078559148228749e+00
3.262582062651716797e+00,3.262582062651716797e+00
3.266085566155217279e+00,3.266085566155217279e+00
3.269589069658735525e+00,3.269589069658735525e+00
3.273092573162221797e+00,3.273092573162221797e+00
3.276596076665746260e+00,3.276596076665746260e+00
3.280099580169251183e+00,3.280099580169251183e+00
3.283603083672734790e+00,3.283603083672734790e+00
3.287106587176236161e+00,3.287106587176236161e+00
3.290610090679739308e+00,3.290610090679739308e+00
3.294113594183263771e+00,3.294113594183263771e+00
3.297617097686751819e+00,3.297617097686751819e+00
3.301120601190252302e+00,3.301120601190252302e+00
3.304624104693770548e+00,3.304624104693770548e+00
3.308127608197256819e+00,3.308127608197256819e+00
3.311631111700781283e+00,3.311631111700781283e+00
3.315134615204286206e+00,3.315134615204286206e+00
3.318638118707769813e+00,3.318638118707769813e+00
3.322141622211271184e+00,3.322141622211271184e+00
3.325645125714774331e+00,3.325645125714774331e+00
3.329148629218298794e+00,3.329148629218298794e+00
3.332652132721786842e+00,3.332652132721786842e+00
3.336155636225287324e+00,3.336155636225287324e+00
3.339659139728805570e+00,3.339659139728805570e+00
3.343162643232291842e+00,3.343162643232291842e+00
3.346666146735816305e+00,3.346666146735816305e+00
3.350169650239321228e+00,3.350169650239321228e+00
3.353673153742804836e+00,3.353673153742804836e+00
3.357176657246306206e+00,3.357176657246306206e+00
3.360680160749809353e+00,3.360680160749809353e+00
3.364183664253333816e+00,3.364183664253333816e+00
3.367687167756821864e+00,3.367687167756821864e+00
3.371190671260322347e+00,3.371190671260322347e+00
3.374694174763840593e+00,3.374694174763840593e+00
3.378197678267326864e+00,3.378197678267326864e+00
3.381701181770851328e+00,3.381701181770851328e+00
3.385204685274356251e+00,3.385204685274356251e+00
3.388708188777839858e+00,3.388708188777839858e+00
3.392211692281341229e+00,3.392211692281341229e+00
3.395715195784844376e+00,3.395715195784844376e+00
3.399218699288368839e+00,3.399218699288368839e+00
3.402722202791856887e+00,3.402722202791856887e+00
3.406225706295357369e+00,3.406225706295357369e+00
3.409729209798875615e+00,3.409729209798875615e+00
3.413232713302361887e+00,3.413232713302361887e+00
3.416736216805886350e+00,3.416736216805886350e+00
3.420239720309391274e+00,3.420239720309391274e+00
3.423743223812874881e+00,3.423743223812874881e+00
3.427246727316376251e+00,3.427246727316376251e+00
3.430750230819879398e+00,3.430750230819879398e+00
3.434253734323403862e+00,3.434253734323403862e+00
3.437757237826891910e+00,3.437757237826891910e+00
3.441260741330392392e+00,3.441260741330392392e+00
3.444764244833910638e+00,3.444764244833910638e+00
3.448267748337396910e+00,3.448267748337396910e+00
3.451771251840921373e+00,3.451771251840921373e+00
3.455274755344426296e+00,3.455274755344426296e+00
3.458778258847909903e+00,3.458778258847909903e+00
3.462281762351411274e+00,3.462281762351411274e+00
3.465785265854914421e+00,3.465785265854914421e+00
3.469288769358438884e+00,3.469288769358438884e+00
3.472792272861926932e+00,3.472792272861926932e+00
3.476295776365427415e+00,3.476295776365427415e+00
3.479799279868945661e+00,3.479799279868945661e+00
3.483302783372431932e+00,3.483302783372431932e+00
3.486806286875956395e+00,3.486806286875956395e+00
3.490309790379461319e+00,3.490309790379461319e+00
3.493813293882944926e+00,3.493813293882944926e+00
3.497316797386446297e+00,3.497316797386446297e+00
3.500820300889949444e+00,3.500820300889949444e+00
3.504323804393473907e+00,3.504323804393473907e+00
3.507827307896961955e+00,3.507827307896961955e+00
3.511330811400462437e+00,3.511330811400462437e+00
3.514834314903980683e+00,3.514834314903980683e+00
3.518337818407466955e+00,3.518337818407466955e+00
3.521841321910991418e+00,3.521841321910991418e+00
3.525344825414496341e+00,3.525344825414496341e+00
3.528848328917979948e+00,3.528848328917979948e+00
3.532351832421481319e+00,3.532351832421481319e+00
3.535855335924984466e+00,3.535855335924984466e+00
3.539358839428508929e+00,3.539358839428508929e+00
3.542862342931996977e+00,3.542862342931996977e+00
3.546365846435497460e+00,3.546365846435497460e+00
3.549869349939015706e+00,3.549869349939015706e+00
3.553372853442501977e+00,3.553372853442501977e+00
3.556876356946026441e+00,3.556876356946026441e+00
3.560379860449531364e+00,3.560379860449531364e+00
3.563883363953014971e+00,3.563883363953014971e+00
3.567386867456516342e+00,3.567386867456516342e+00
3.570890370960019489e+00,3.570890370960019489e+00
3.574393874463543952e+00,3.574393874463543952e+00
3.577897377967032000e+00,3.577897377967032000e+00
3.581400881470532482e+00,3.581400881470532482e+00
3.584904384974050728e+00,3.584904384974050728e+00
3.588407888477537000e+00,3.588407888477537000e+00
3.591911391981061463e+00,3.591911391981061463e+00
3.595414895484566387e+00,3.595414895484566387e+00
3.598918398988067757e+00,3.598918398988067757e+00
3.602421902491568240e+00,3.602421902491568240e+00
3.605925405995054511e+00,3.605925405995054511e+00
3.609428909498544336e+00,3.609428909498544336e+00
3.612932413002049703e+00,3.612932413002049703e+00
3.616435916505585269e+00,3.616435916505585269e+00
3.619939420009085751e+00,3.619939420009085751e+00
3.623442923512572023e+00,3.623442923512572023e+00
3.626946427016096486e+00,3.626946427016096486e+00
3.630449930519601409e+00,3.630449930519601409e+00
3.633953434023067697e+00,3.633953434023067697e+00
3.637456937526569067e+00,3.637456937526569067e+00
3.640960441030089534e+00,3.640960441030089534e+00
3.644463944533648192e+00,3.644463944533648192e+00
3.647967448037118920e+00,3.647967448037118920e+00
3.651470951540585208e+00,3.651470951540585208e+00
3.654974455044120774e+00,3.654974455044120774e+00
3.658477958547607045e+00,3.658477958547607045e+00
3.661981462051131508e+00,3.661981462051131508e+00
3.665484965554636432e+00,3.665484965554636432e+00
3.668988469058137802e+00,3.668988469058137802e+00
3.672491972561638285e+00,3.672491972561638285e+00
3.675995476065124556e+00,3.675995476065124556e+00
3.679498979568614381e+00,3.679498979568614381e+00
3.683002483072119748e+00,3.683002483072119748e+00
3.686505986575655314e+00,3.686505986575655314e+00
3.690009490079155796e+00,3.690009490079155796e+00
3.693512993582642068e+00,3.693512993582642068e+00
3.697016497086166531e+00,3.697016497086166531e+00
3.700520000589671454e+00,3.700520000589671454e+00
3.704023504093137742e+00,3.704023504093137742e+00
3.707527007596639113e+00,3.707527007596639113e+00
3.711030511100159579e+00,3.711030511100159579e+00
3.714534014603718237e+00,3.714534014603718237e+00
3.718037518107188966e+00,3.718037518107188966e+00
3.721541021610655253e+00,3.721541021610655253e+00
3.725044525114190819e+00,3.725044525114190819e+00
3.728548028617677090e+00,3.728548028617677090e+00
3.732051532121201554e+00,3.732051532121201554e+00
3.735555035624706477e+00,3.735555035624706477e+00
3.739058539128207848e+00,3.739058539128207848e+00
3.742562042631708330e+00,3.742562042631708330e+00
3.746065546135194602e+00,3.746065546135194602e+00
3.749569049638684426e+00,3.749569049638684426e+00
3.753072553142189793e+00,3.753072553142189793e+00
3.756576056645725359e+00,3.756576056645725359e+00
3.760079560149225841e+00,3.760079560149225841e+00
3.763583063652712113e+00,3.763583063652712113e+00
3.767086567156236576e+00,3.767086567156236576e+00
3.770590070659741500e+00,3.770590070659741500e+00
3.774093574163207787e+00,3.774093574163207787e+00
3.777597077666709158e+00,3.777597077666709158e+00
3.781100581170229624e+00,3.781100581170229624e+00
3.784604084673788282e+00,3.784604084673788282e+00
3.788107588177259011e+00,3.788107588177259011e+00
3.791611091680725298e+00,3.791611091680725298e+00
3.795114595184260864e+00,3.795114595184260864e+00
3.798618098687747136e+00,3.798618098687747136e+00
3.802121602191271599e+00,3.802121602191271599e+00
3.805625105694776522e+00,3.805625105694776522e+00
3.809128609198277893e+00,3.809128609198277893e+00
3.812632112701778375e+00,3.812632112701778375e+00
3.816135616205264647e+00,3.816135616205264647e+00
3.819639119708754471e+00,3.819639119708754471e+00
3.823142623212259839e+00,3.823142623212259839e+00
3.826646126715795404e+00,3.826646126715795404e+00
3.830149630219295886e+00,3.830149630219295886e+00
3.833653133722782158e+00,3.833653133722782158e+00
3.837156637226306621e+00,3.837156637226306621e+00
3.840660140729811545e+00,3.840660140729811545e+00
3.844163644233277832e+00,3.844163644233277832e+00
3.847667147736779203e+00,3.847667147736779203e+00
3.851170651240299669e+00,3.851170651240299669e+00
3.854674154743858328e+00,3.854674154743858328e+00
3.858177658247329056e+00,3.858177658247329056e+00
3.861681161750795344e+00,3.861681161750795344e+00
3.865184665254330909e+00,3.865184665254330909e+00
3.868688168757817181e+00,3.868688168757817181e+00
3.872191672261341644e+00,3.872191672261341644e+00
3.875695175764846567e+00,3.875695175764846567e+00
3.879198679268347938e+00,3.879198679268347938e+00
3.882702182771848420e+00,3.882702182771848420e+00
3.886205686275334692e+00,3.886205686275334692e+00
3.889709189778824516e+00,3.889709189778824516e+00
3.893212693282329884e+00,3.893212693282329884e+00
3.896716196785865449e+00,3.896716196785865449e+00
3.900219700289365932e+00,3.900219700289365932e+00
3.903723203792852203e+00,3.903723203792852203e+00
3.907226707296376667e+00,3.907226707296376667e+00
3.910730210799879814e+00,3.910730210799879814e+00
3.914233714303348766e+00,3.914233714303348766e+00
3.917737217806851469e+00,3.917737217806851469e+00
3.921240721310369715e+00,3.921240721310369715e+00
3.924744224813928373e+00,3.924744224813928373e+00
3.928247728317397325e+00,3.928247728317397325e+00
3.931751231820866277e+00,3.931751231820866277e+00
3.935254735324403619e+00,3.935254735324403619e+00
3.938758238827887226e+00,3.938758238827887226e+00
3.942261742331411689e+00,3.942261742331411689e+00
3.945765245834879753e+00,3.945765245834879753e+00
3.949268749338418871e+00,3.949268749338418871e+00
3.952772252841955325e+00,3.952772252841955325e+00
3.956275756345404737e+00,3.956275756345404737e+00
3.959779259848894561e+00,3.959779259848894561e+00
3.963282763352397264e+00,3.963282763352397264e+00
3.966786266855936383e+00,3.966786266855936383e+00
3.970289770359438641e+00,3.970289770359438641e+00
3.973793273862922248e+00,3.973793273862922248e+00
3.977296777366446712e+00,3.977296777366446712e+00
3.980800280869949859e+00,3.980800280869949859e+00
3.984303784373418811e+00,3.984303784373418811e+00
3.987807287876921514e+00,3.987807287876921514e+00
3.991310791380439760e+00,3.991310791380439760e+00
3.994814294883998418e+00,3.994814294883998418e+00
3.998317798387467370e+00,3.998317798387467370e+00
4.001821301890936766e+00,4.001821301890936766e+00
4.005324805394473664e+00,4.005324805394473664e+00
4.008828308897977699e+00,4.008828308897977699e+00
