5.102168589854894076e-01,2.107458767447750958e+00
5.136788301928181255e-01,2.110936108497768693e+00
5.171973333198036649e-01,2.114468607259814448e+00
5.207053201995233138e-01,2.118408168108395273e+00
5.241861167006183209e-01,2.121451618726016619e+00
5.277061964043272546e-01,2.124999914624501329e+00
5.312101303149261433e-01,2.128401190710524915e+00
5.347150913485037016e-01,2.131980153894664554e+00
5.383205685573320132e-01,2.135532053607687164e+00
5.417301241960889024e-01,2.138939346744486159e+00
5.455535648762095402e-01,2.142461512591116168e+00
5.487165353982705884e-01,2.146014299054759711e+00
5.522587712819451156e-01,2.149505158025345253e+00
5.557435635692880016e-01,2.152986383049731778e+00
5.591502582559645385e-01,2.156525425542090701e+00
5.627296736318643244e-01,2.160023434583648427e+00
5.662420784800139550e-01,2.163493678280480115e+00
5.697437351323904053e-01,2.167057990208649088e+00
5.732047084302260842e-01,2.170452399194250592e+00
5.767520186034685858e-01,2.173998401011894011e+00
5.802158393011764836e-01,2.177685384423590165e+00
5.837835414051526506e-01,2.181079364284683297e+00
5.874686163707840691e-01,2.184558736270043156e+00
5.907663217776927267e-01,2.188040205229182966e+00
5.942670150642703764e-01,2.191681336788081857e+00
5.978018238628372005e-01,2.195057499895799680e+00
6.011617464972073277e-01,2.198536263576709615e+00
6.047711091360384872e-01,2.202072372972544656e+00
6.082818111776366887e-01,2.205593886637086776e+00
6.117777806445944266e-01,2.208115778393533013e+00
6.152817776539394323e-01,2.212548557121009285e+00
6.187621195150336817e-01,2.215989157079233607e+00
6.222741274577691106e-01,2.219580992971549094e+00
6.258073247866025035e-01,2.223124824597848104e+00
6.292919078886728412e-01,2.226702790686704070e+00
6.328256851744235023e-01,2.230018601624437657e+00
6.363160306625409435e-01,2.233538769807553948e+00
6.399763039701487077e-01,2.237067437037671969e+00
6.433106666351426917e-01,2.240649395449505477e+00
6.468128067516120128e-01,2.244083481195647600e+00
6.503147732305993856e-01,2.247645959268955274e+00
6.538072837682347149e-01,2.251124447428159314e+00
6.573336533817010219e-01,2.254571682909152219e+00
6.608449850243131030e-01,2.258090726425433292e+00
6.643134954411267223e-01,2.261707579169669025e+00
6.677939994618494746e-01,2.265129465392876629e+00
6.713372613795884902e-01,2.268625820078920441e+00
6.748319857959487189e-01,2.272116725447532737e+00
6.783561816488503649e-01,2.275828305136965657e+00
6.818668142853790970e-01,2.279144948291921935e+00
6.853709570739815460e-01,2.282557024000317458e+00
6.888778211500334869e-01,2.286148184786472193e+00
6.923304121704851877e-01,2.289816443547012970e+00
6.958728884809941562e-01,2.293155033488401884e+00
6.993997136041613105e-01,2.296647620750631447e+00
7.028650486144498721e-01,2.300144670001778024e+00
7.064445349228622995e-01,2.303601488404686926e+00
7.098769280056568265e-01,2.307127733701787253e+00
7.133909026761244832e-01,2.310678882188499372e+00
7.168926303190881200e-01,2.314169256415084863e+00
7.203609363371141772e-01,2.317668167834777471e+00
7.238889144661561081e-01,2.321202715604171019e+00
7.274170348770128136e-01,2.324701298045249054e+00
7.309427599993886249e-01,2.328253229347567732e+00
7.344095815499376290e-01,2.331621553175221795e+00
7.378891170888124407e-01,2.335170989838364353e+00
7.414156219276790694e-01,2.338713196775573877e+00
7.449032309721520528e-01,2.342218152506489126e+00
7.483890800599557469e-01,2.346613442984127218e+00
7.523572137547901439e-01,2.349265058726429878e+00
7.554758993167088876e-01,2.352779096447394913e+00
7.589404182460275372e-01,2.356222995937423903e+00
7.624280249052197700e-01,2.359747183270574311e+00
7.659519398684014879e-01,2.363224518521977124e+00
7.694453320459050394e-01,2.366775898257028388e+00
7.729739335730140271e-01,2.370258775934500406e+00
7.764341343163956299e-01,2.373761118290623529e+00
7.799489756383488626e-01,2.377225631799018579e+00
7.834600204291036762e-01,2.380765633575802731e+00
7.869551362166670172e-01,2.384300096493506604e+00
7.904745391572828295e-01,2.387629548848906769e+00
7.939845218544434591e-01,2.391202420686492580e+00
7.974584313475826525e-01,2.394806460151577276e+00
8.009658319261099280e-01,2.398261039869417743e+00
8.044801936240997264e-01,2.401768483169740342e+00
8.079968451316092981e-01,2.404844535762713953e+00
8.114770899514166524e-01,2.408755940992016509e+00
8.149968822883671971e-01,2.412269505392731439e+00
8.185334238785287875e-01,2.415784239599449990e+00
8.219926302879003721e-01,2.419236307277412568e+00
8.254735091485104759e-01,2.422860262832201350e+00
8.289870211259375843e-01,2.426206518993374139e+00
8.325501641384085438e-01,2.429841793913258385e+00
8.366752087715112474e-01,2.433307760726340696e+00
8.395137600822331070e-01,2.436315675413371018e+00
8.429615285119509416e-01,2.440345893737852823e+00
8.465288024221035990e-01,2.443865719472975151e+00
8.501908016667960588e-01,2.447302806749875437e+00
8.535010094732810026e-01,2.450623362580054199e+00
8.570403696523754000e-01,2.454184488509491224e+00
8.605478678363760459e-01,2.452662795244775484e+00
8.640480454224084284e-01,2.461353688842397691e+00
8.675701934182028507e-01,2.464866029001426373e+00
8.710568013271192678e-01,2.468348294399402398e+00
8.744908741902913674e-01,2.471807520297606864e+00
8.780177282565495567e-01,2.475273316973196636e+00
8.815577531930949284e-01,2.478934913562044429e+00
8.851359846841243550e-01,2.482301566696718087e+00
8.886797024407979695e-01,2.485754808918265724e+00
8.920631157198700700e-01,2.489383332278780614e+00
8.955078352288436960e-01,2.492781852540620235e+00
8.990924822760422153e-01,2.496290849904422959e+00
9.025881836044776785e-01,2.499899363756550308e+00
9.060620984526347454e-01,2.503387249844977624e+00
9.093275876665821711e-01,2.507157303684585337e+00
9.131288084441617769e-01,2.510237202326893069e+00
9.166522053942540715e-01,2.513877747777589100e+00
9.201126178289084079e-01,2.517443275201295627e+00
9.256589881281174215e-01,2.520924205290508979e+00
9.271146182607460373e-01,2.524389533038216449e+00
9.306206252143134350e-01,2.527891070912418492e+00
9.340532855881611418e-01,2.531179764274930299e+00
9.376206225246526138e-01,2.534900559069492409e+00
9.411326996654043597e-01,2.538511796817268795e+00
9.446233520794676819e-01,2.541943678829243325e+00
9.481434255036185199e-01,2.545269750973745193e+00
9.516209204438083047e-01,2.548911916520236964e+00
9.551252347506645757e-01,2.552458509379594176e+00
9.586253143351419759e-01,2.555918103191404001e+00
9.622308378238640936e-01,2.559368529941208337e+00
9.656595201138685747e-01,2.562925871322006888e+00
9.688925515397941446e-01,2.566436865124260613e+00
9.726561363746610844e-01,2.569759496229682583e+00
9.761195632257895216e-01,2.572752380495385793e+00
9.796572129916812921e-01,2.576970288117964358e+00
9.831905708668264854e-01,2.580489552035906797e+00
9.866738409865405401e-01,2.584213853831533569e+00
9.901782002796789550e-01,2.587573077512515418e+00
9.936306272538918405e-01,2.588973030390030239e+00
9.971896731830457439e-01,2.594261727327582534e+00
1.000688865332777233e+00,2.598167954786166689e+00
1.004176034376518478e+00,2.600135030022887150e+00
1.007764741367896955e+00,2.604976081002774002e+00
1.011179150901913903e+00,2.608564690324977065e+00
1.014730929226376865e+00,2.612020328480886278e+00
1.018197817004804717e+00,2.615566337955388398e+00
1.021688469929400656e+00,2.619183075551511752e+00
1.025201250049827095e+00,2.622496808516228572e+00
1.028704310937593291e+00,2.625933008489333975e+00
1.032203698027455818e+00,2.629497712551251087e+00
1.035710873089974449e+00,2.633039534327565434e+00
1.039038168345700619e+00,2.636520603463097689e+00
1.042643066911306038e+00,2.639998548498120101e+00
1.046193314765536231e+00,2.643169430253430541e+00
1.049689675127081889e+00,2.646954366701180561e+00
1.053243489413276279e+00,2.650529819266160381e+00
1.056752837410682266e+00,2.654031580567994375e+00
1.060222617822897950e+00,2.657314587039388165e+00
1.063740947639268519e+00,2.660987958017990707e+00
1.067238530138034713e+00,2.664508775925309880e+00
1.070745780602108788e+00,2.667988699409204134e+00
1.074238504269648065e+00,2.671545538067523928e+00
1.077750741836167148e+00,2.674942329741952562e+00
1.081263367203762815e+00,2.678574956969463017e+00
1.084798781285191360e+00,2.682124176434416363e+00
1.088295277317197662e+00,2.685676804414589114e+00
1.091914485066645568e+00,2.689135679537791646e+00
1.095260142475721343e+00,2.692544663910908742e+00
1.098757198815588865e+00,2.697990416940936775e+00
1.102284421638145107e+00,2.699695094051229649e+00
1.105788856510194318e+00,2.702929471786173821e+00
1.109298868241336278e+00,2.706287648471692897e+00
1.112744046792450092e+00,2.709973340471308667e+00
1.116300663611757393e+00,2.714050219288216326e+00
1.119890247258585880e+00,2.717305439411868306e+00
1.123313860872839243e+00,2.720586441562499402e+00
1.126820582552385597e+00,2.724310304895037227e+00
1.130281221892941668e+00,2.727713739186679920e+00
1.133808184547729692e+00,2.731653452962281126e+00
1.138044077728621595e+00,2.734556994336180935e+00
1.140776391616312280e+00,2.738144565213332271e+00
1.144312047063083426e+00,2.741621178188614838e+00
1.147807856075916400e+00,2.745200099197635968e+00
1.151327535697588056e+00,2.748553447517356751e+00
1.154835036828246508e+00,2.751894818733173764e+00
1.158326645567695046e+00,2.755409446013459718e+00
1.161837868398665430e+00,2.759095665313004986e+00
1.165355581786386763e+00,2.762605538963298191e+00
1.168818036890724166e+00,2.766143131317623904e+00
1.172335211424256673e+00,2.769180907026345118e+00
1.175864775781535698e+00,2.773936179349734577e+00
1.179385220085126029e+00,2.776693337606864986e+00
1.182845705313127382e+00,2.780255092895933977e+00
1.186345684084108676e+00,2.783641385031857318e+00
1.189856610199754972e+00,2.787205901529572039e+00
1.193387132162210484e+00,2.790699869021135981e+00
1.196904088659915599e+00,2.794200323740970937e+00
1.200368128728359185e+00,2.797587158114775541e+00
1.203880946304644706e+00,2.801228164918286190e+00
1.207339335471462993e+00,2.804623361517526448e+00
1.210897091748512233e+00,2.808233639257172065e+00
1.214383941092146646e+00,2.811607309067511551e+00
1.217889393746779403e+00,2.815124315201122052e+00
1.221386217419219378e+00,2.818791821946615705e+00
1.224900564759461297e+00,2.822143537364400601e+00
1.228378905417568889e+00,2.825745531966076918e+00
1.231909648495859377e+00,2.829137068673537314e+00
1.235409246839453745e+00,2.831921978536213302e+00
1.238921867152311895e+00,2.836251669178332158e+00
1.242410417720206883e+00,2.839861477143864832e+00
1.245911423071733859e+00,2.843283806811137460e+00
1.249420869325186700e+00,2.846734602859302576e+00
1.252914393950553817e+00,2.850285575847634867e+00
1.256407236192185195e+00,2.853717555985572751e+00
1.259945746885552609e+00,2.857350970383010669e+00
1.263450344021656235e+00,2.860875867262255845e+00
1.266936090871225495e+00,2.864276210366841546e+00
1.270453141312653411e+00,2.867925759633557448e+00
1.273989987444137384e+00,2.871190516443366647e+00
1.277447697506656654e+00,2.874741717136644503e+00
1.280950804103996976e+00,2.878146881693301573e+00
1.284563589987637755e+00,2.881834509708629533e+00
1.288103112073644585e+00,2.885378804170123601e+00
1.291462941384138752e+00,2.888840261078773786e+00
1.294954515958468555e+00,2.892365456126401391e+00
1.298469485889658381e+00,2.895824266114274792e+00
1.302423539865542601e+00,2.899307760806256518e+00
1.305497711968654162e+00,2.902934668552425990e+00
1.308970513709966976e+00,2.906335095808049829e+00
1.312476747469489391e+00,2.909900515827005485e+00
1.315976468973773184e+00,2.913294464448762611e+00
1.319519184301226833e+00,2.916727206630746139e+00
1.323011340068565467e+00,2.920231174862194301e+00
1.326543355272262747e+00,2.923847293195382058e+00
1.329997556224495892e+00,2.927150982440246629e+00
1.332299874029945208e+00,2.930696006712813606e+00
1.337023439537053493e+00,2.934322934009244044e+00
1.340516688129713252e+00,2.938398791742007354e+00
1.344024765431332646e+00,2.941315139151188696e+00
1.347534296718667424e+00,2.944708580013855936e+00
1.351030875447063906e+00,2.948181224346235751e+00
1.354525967146990029e+00,2.951701796633312114e+00
1.358039288782992404e+00,2.955317869128665897e+00
1.361568145081772041e+00,2.957667212842408411e+00
1.365035070786636995e+00,2.962359884454071057e+00
1.368571395335800744e+00,2.965906186285990564e+00
1.372053355396396945e+00,2.970300404365260327e+00
1.375542556122963944e+00,2.972874576495324384e+00
1.379043169224405618e+00,2.976167285136005702e+00
1.382564240982500969e+00,2.979704213149875436e+00
1.386068223446855763e+00,2.983211323563086381e+00
1.389089308549505519e+00,2.986857089406574239e+00
1.393091420421316950e+00,2.990267124681928124e+00
1.396539754794687394e+00,2.993855941933040832e+00
1.400068866291756198e+00,2.997354608125865738e+00
1.403577888877141744e+00,3.000866108057199000e+00
1.407078929669253853e+00,3.004315563344470696e+00
1.410595812221593581e+00,3.007787587657619888e+00
1.414081969817736484e+00,3.012446360371153098e+00
1.417583004731797658e+00,3.014894582172225945e+00
1.421100019932197478e+00,3.018416197668890355e+00
1.424598736907556784e+00,3.021886710387781783e+00
1.428114360161634400e+00,3.025251625424071555e+00
1.431603292572098951e+00,3.028947225153356904e+00
1.435103010156250747e+00,3.032379310728692268e+00
1.438607487945017693e+00,3.035943492388563314e+00
1.442119015049818209e+00,3.039288526685914427e+00
1.445620674850787379e+00,3.042985398569394206e+00
1.449116504990920928e+00,3.046508364565221783e+00
1.452633290454916404e+00,3.049854661153339030e+00
1.456131845789158996e+00,3.053305059361014706e+00
1.459633917721141705e+00,3.056929012327445072e+00
1.463164493424985224e+00,3.060820777623816547e+00
1.466634483870111305e+00,3.063738635823052725e+00
1.470144924905147477e+00,3.067548717044433104e+00
1.473650530216183974e+00,3.071714838440559703e+00
1.477181103906696436e+00,3.074729064088249864e+00
1.480655048055305345e+00,3.077913800273244682e+00
1.484169245912736024e+00,3.081445666140349537e+00
1.487676569096074042e+00,3.085259176802852110e+00
1.491184130111488093e+00,3.088535614554635877e+00
1.494666570450100540e+00,3.091968073468750688e+00
1.498178208558420987e+00,3.095571556755525755e+00
1.501672796905689555e+00,3.098928896720010151e+00
1.505183824383189872e+00,3.102591461021506625e+00
1.508683155455787794e+00,3.106113572307379833e+00
1.512188030256892635e+00,3.109463631372143766e+00
1.515688726205662196e+00,3.112957498506342624e+00
1.519200723632302852e+00,3.116512412116952291e+00
1.521907434622852939e+00,3.119776298276675242e+00
1.526200893170989836e+00,3.123367124520059157e+00
1.529707900391221287e+00,3.127022748669419094e+00
1.533204747079282670e+00,3.129609872728141617e+00
1.536713356794339624e+00,3.134003813240770597e+00
1.540216882441091339e+00,3.137858999351622380e+00
1.543722524472880497e+00,3.141202339775245100e+00
1.547223959420435335e+00,3.144747183591329431e+00
1.550727634525123300e+00,3.148300587583307220e+00
1.554227687659303525e+00,3.151422251524828688e+00
1.557733316616948249e+00,3.154971740032040728e+00
1.561236829512397062e+00,3.158198481107426403e+00
1.564740911984688232e+00,3.161850076530511977e+00
1.568238162600758212e+00,3.165392986533698050e+00
1.571746671539659745e+00,3.169051693075051190e+00
1.575250647758016376e+00,3.172586842607120872e+00
1.578754219736858921e+00,3.176042415174183731e+00
1.582256277763917307e+00,3.179667576676818541e+00
1.585762165504831511e+00,3.182940775445357140e+00
1.589263298787773060e+00,3.186415223571218647e+00
1.592768836500181306e+00,3.190251537424894757e+00
1.596272027935423665e+00,3.193765420924279397e+00
1.599775546491766454e+00,3.196982884893180277e+00
1.603279075522332064e+00,3.201860547498134757e+00
1.606782933399130364e+00,3.204131424626301516e+00
1.610286184922903097e+00,3.207469869431592180e+00
1.613789627150545858e+00,3.210926736816710481e+00
1.617292853581948409e+00,3.214584534877829469e+00
1.620798585543786308e+00,3.218015863528897569e+00
1.624300015455109936e+00,3.221545398209356925e+00
1.627801310817313496e+00,3.225091630578050150e+00
1.631307735415468363e+00,3.897643063518684059e+00
1.634813819204849139e+00,3.232226362110611539e+00
1.638312196630969275e+00,3.235751070060550738e+00
1.641819050829207427e+00,3.239215346752482461e+00
1.645322053420978925e+00,3.242787393778896465e+00
1.648826470527868571e+00,3.249012723263593472e+00
1.652325762617715688e+00,3.249614175260536975e+00
1.655829629567822980e+00,3.253158522633870398e+00
1.659318595246642936e+00,3.257088104334338041e+00
1.662837480561915049e+00,3.259450421767550843e+00
1.666349089670425165e+00,3.264454427478916010e+00
1.669840778262007497e+00,3.266833739095906353e+00
1.673349077972345000e+00,3.270715479402613646e+00
1.676853694761946345e+00,3.274128271404502577e+00
1.680357282087553861e+00,3.277732409895502741e+00
1.683848556510998185e+00,3.281084646373623848e+00
1.687362858005527322e+00,3.294833653394544370e+00
1.690870838684112476e+00,3.287811378180243160e+00
1.694370394443636130e+00,3.291181503975561640e+00
1.697882704568334233e+00,3.295059500097589300e+00
1.701380872571394143e+00,3.298520308580708438e+00
1.704897725656600471e+00,3.302217458460767752e+00
1.708400875609613623e+00,3.305541437519546655e+00
1.711883357083843427e+00,3.309686213711350966e+00
1.715340892652148952e+00,3.313299673367581910e+00
1.718848520465164897e+00,3.316097456572502544e+00
1.722395273710652264e+00,3.319616834595223942e+00
1.725914544686338647e+00,3.323055602495852412e+00
1.729399850459631072e+00,3.327068910459909823e+00
1.732915313414568947e+00,3.330264530865597372e+00
1.736410099526801476e+00,3.333656467858783223e+00
1.739914942019726851e+00,3.336845719533761745e+00
1.743415087526377638e+00,3.342162034523624037e+00
1.746927883249469460e+00,3.344238100473695852e+00
1.750431901208174823e+00,3.347896553444079437e+00
1.753925171368174052e+00,3.351188714415187064e+00
1.757432772666963405e+00,3.354848796069884287e+00
1.760929156041965316e+00,3.358424023805432590e+00
1.764459627248919693e+00,3.361792985344897566e+00
1.767930249497495332e+00,3.365342816187380848e+00
1.771454494510035893e+00,3.368666046855842922e+00
1.774937525005563677e+00,3.373076998796213921e+00
1.778416593731201090e+00,3.375181016154217950e+00
1.781975089721484329e+00,3.379130034282133543e+00
1.785466735032229302e+00,3.382960012930904092e+00
1.788966334185470020e+00,3.386599932132257074e+00
1.792466947377953090e+00,3.389812182632638837e+00
1.795952890594042506e+00,3.393108596283402001e+00
1.799479130451697051e+00,3.396740066340782072e+00
1.802975886342816914e+00,3.400220187202411815e+00
1.806501687359216124e+00,3.403383596437417502e+00
1.809995122089489872e+00,3.407549741391944664e+00
1.813488401319206744e+00,3.410829354504758548e+00
1.816874998202202551e+00,3.414214675407633237e+00
1.820524989137094707e+00,3.417657319462685805e+00
1.823986710216424889e+00,3.421495514395785698e+00
1.827522396796776860e+00,3.424761595236318179e+00
1.830968498141575473e+00,3.428413004557127053e+00
1.834516946935662141e+00,3.431796500332139566e+00
1.838007083689003451e+00,3.435269908046055143e+00
1.841469336108436217e+00,3.438595145395208164e+00
1.845005799777635902e+00,3.442229539387053450e+00
1.848523601116518256e+00,3.445651836115351863e+00
1.852057248275106094e+00,3.449417151366374945e+00
1.855537758625809275e+00,3.453585030580068604e+00
1.858990388355042045e+00,3.456348102714019710e+00
1.862539879893911676e+00,3.460061042327711611e+00
1.866039954567683345e+00,3.463439127792532268e+00
1.869524913212051720e+00,3.467953955826205359e+00
1.873032140593114736e+00,3.470721893935680313e+00
1.876558728454831737e+00,3.473895325245354826e+00
1.880056182475623006e+00,3.477216892335740717e+00
1.891480279102484507e+00,3.487325928474178660e+00
1.887055786206335739e+00,3.484168734695219705e+00
1.890553741796371146e+00,3.489340367679242050e+00
1.894057047556193751e+00,3.491379466070644533e+00
1.897566757264689929e+00,3.494948929897475409e+00
1.901005313560767851e+00,3.498955671638220188e+00
1.904651957287413211e+00,3.501181247201381019e+00
1.908082279875102261e+00,3.509374125474230333e+00
1.911585820511121359e+00,3.509317959773970763e+00
1.915481736810092706e+00,3.512416304629819130e+00
1.918396754947918170e+00,3.515033253180427586e+00
1.922157105039869140e+00,3.513028939675738371e+00
1.925689563660454073e+00,3.522853492561917044e+00
1.929118654006418243e+00,3.526257903615190870e+00
1.932602413705040822e+00,3.535540863125543609e+00
1.936064086012002194e+00,3.532903539943898608e+00
1.939847189937774274e+00,3.536971900499085386e+00
1.943134300014391913e+00,3.540490509302451905e+00
1.946616470231966378e+00,3.543924030102048484e+00
1.950110200883270473e+00,3.548211256798945001e+00
1.950982159031519503e+00,3.551577886266328754e+00
1.953845091853094962e+00,3.554312725144112228e+00
1.960649463432051931e+00,3.558507959956840772e+00
1.964151910694424963e+00,3.561544529619818711e+00
1.967656088669024861e+00,3.567127575861634980e+00
1.970601905440790169e+00,3.567530217035339568e+00
1.974714055599764428e+00,3.569268750159922732e+00
1.978196202559576511e+00,3.575286094272102311e+00
1.981662972865258388e+00,3.578993603074442476e+00
1.985188893089245177e+00,3.582726376406326629e+00
1.988667977891399152e+00,3.588299599392229311e+00
1.992107767533866980e+00,3.589356290066327837e+00
1.995175386179563803e+00,3.592802062657382223e+00
1.999159329565629806e+00,3.589395586983494368e+00
2.002686150276488775e+00,3.599771508056732294e+00
2.006163199276813636e+00,3.603583644668862718e+00
2.009661016854711768e+00,3.606746022111186889e+00
2.012864835157169630e+00,3.609961638047248123e+00
2.016694115421604927e+00,3.613494826061553589e+00
2.020185341412221280e+00,3.649241597057404363e+00
2.023694793925993274e+00,3.621936374636853806e+00
2.027209922290595934e+00,3.624585532288804757e+00
2.030691533044960195e+00,3.628630206862839991e+00
2.034248491561617911e+00,3.631394054953347883e+00
2.037676285897989104e+00,3.634698223858919164e+00
2.041230100638568246e+00,3.638223507768158171e+00
2.044787851917256205e+00,3.641816967368408875e+00
2.048164724041267704e+00,3.645750619766893408e+00
2.052654930954960211e+00,3.648828096020212186e+00
2.055228863996424238e+00,3.688339713913424411e+00
2.058765626058574938e+00,3.655861249824893910e+00
2.062251483798921647e+00,3.659446692033549553e+00
2.065756863318916281e+00,3.662965790942829258e+00
2.069209241729207172e+00,3.666535252712693982e+00
2.072762944089033610e+00,3.669925542564945964e+00
2.076293598298777798e+00,3.673512886591035809e+00
2.079750742783014417e+00,3.677663097142099602e+00
2.083126256375482654e+00,3.679287622616688402e+00
2.086745415959536221e+00,3.683848894390563622e+00
2.090255423914562982e+00,3.687619392784442063e+00
2.093761156488350039e+00,3.690969592525072507e+00
2.097237930248548210e+00,3.694543495034073644e+00
2.100782941580767726e+00,3.698074489193424519e+00
2.104325642448304112e+00,3.701352966961380275e+00
2.107722782269908723e+00,3.704914140793657218e+00
2.114025249148467012e+00,3.708582581673357303e+00
2.114839792908663529e+00,3.711909624865061375e+00
2.118267599609299445e+00,3.715827162765736880e+00
2.121808901592794783e+00,3.719625414001916042e+00
2.125268849316994668e+00,3.722447549273867118e+00
2.128814732048077918e+00,3.726344217476203369e+00
2.132340286587147027e+00,3.729583417336237439e+00
2.135821075495169197e+00,3.733394431226410681e+00
2.139357453650189811e+00,3.736466775328630696e+00
2.142829197635480298e+00,3.739958337694143431e+00
2.146304404563721846e+00,3.743357198042263967e+00
2.149882558579768954e+00,3.747228130895678078e+00
2.153374969903458336e+00,3.751058974492562648e+00
2.157147506021019900e+00,3.755007973198816629e+00
2.160300085356101185e+00,3.757852946239785830e+00
2.163851474706140365e+00,3.761722997845364347e+00
2.167340265060212268e+00,3.767391836109096559e+00
2.170853363525378832e+00,3.767842971755202441e+00
2.174361287034161538e+00,3.771754329814096529e+00
2.175481089763692921e+00,3.773804693044933600e+00
2.181388968570477260e+00,3.778910647674211809e+00
2.184860405933926053e+00,3.782161246061417792e+00
2.188346200177252232e+00,3.785547748383171651e+00
2.192033355480081713e+00,3.787563094180320000e+00
2.195429449352238827e+00,3.792628238224724946e+00
2.198809883414602595e+00,3.795814110470392855e+00
2.202407218073629824e+00,3.799605931538482473e+00
2.205918416241843705e+00,3.803335834125556758e+00
2.209319545438882759e+00,3.813437234664146303e+00
2.212921504244997450e+00,3.810822479141159569e+00
2.216421077002648232e+00,3.813776961613211114e+00
2.219922993786821230e+00,3.814572769323322454e+00
2.223371803036642724e+00,3.822448636934887567e+00
2.226786842135963340e+00,3.824657975028762813e+00
2.230360547048745978e+00,3.837605674909029041e+00
2.233935921873738906e+00,3.832659457758995636e+00
2.237368555181260987e+00,3.834598195879187266e+00
2.240959941926373489e+00,3.838124554443213654e+00
2.244344108371051583e+00,3.841519167356045372e+00
2.247940352469000480e+00,3.845245660607182536e+00
2.251362616990346233e+00,3.849117269503503636e+00
2.254921070883210810e+00,3.852032321182451646e+00
2.258444255158416070e+00,3.852142964865325148e+00
2.261764664392801549e+00,3.859073876474603537e+00
2.265443046245649406e+00,3.862847887472398156e+00
2.268859008717092340e+00,3.865946367030946185e+00
2.271967752098621673e+00,3.869687903417070807e+00
2.275884382826352414e+00,3.872986230367607696e+00
2.279396331369791362e+00,3.876875751599288655e+00
2.282939325776659700e+00,3.879424073325460576e+00
2.286506740634742130e+00,3.887069893670612508e+00
2.290001354925362165e+00,3.887421350923193408e+00
2.294033209209077384e+00,3.891074190510621200e+00
2.297167809332090194e+00,3.895869956029428316e+00
2.300455645997475873e+00,3.897721064493530285e+00
2.304012069210439329e+00,3.901253236588323681e+00
2.307542974216264753e+00,3.904889434476614518e+00
2.310925924119782593e+00,3.908231232198587257e+00
2.314413082579933167e+00,3.911690377509596139e+00
2.318031150518674810e+00,3.915431899827482631e+00
2.321473186947970113e+00,3.918704162642391076e+00
2.325019137724781082e+00,3.922446954565606880e+00
2.328387758432699073e+00,3.925538632330238364e+00
2.332018509288573682e+00,3.928953137915241811e+00
2.335506783484387228e+00,3.932832767277092856e+00
2.338957621427378175e+00,3.935956899201884518e+00
2.342530768439328170e+00,3.939333131625541107e+00
2.345989695800596131e+00,3.942968270933310926e+00
2.350495888123679933e+00,3.946974681865689227e+00
2.353009407840622735e+00,3.950219995102131954e+00
2.356525196876156691e+00,3.953801869854614459e+00
2.360104870027792234e+00,3.957384197554566718e+00
2.363625400677329402e+00,3.961224392389552484e+00
2.367634065125283627e+00,3.964242343287199155e+00
2.370555487534469208e+00,3.967786945567740808e+00
2.374043752923405748e+00,3.971466401753606767e+00
2.377583008533910025e+00,3.974572666609073046e+00
2.380676990887074851e+00,3.971161417698168883e+00
2.384532877824606878e+00,3.981654183080791221e+00
2.388162015818750206e+00,3.984060048829266343e+00
2.391587310867237637e+00,3.988788974367196261e+00
2.394938180526044125e+00,3.992909610628571748e+00
2.398504969296038958e+00,3.994742032367684104e+00
2.402086631897716096e+00,3.999434978687923525e+00
2.405581347249413859e+00,4.003463190558132823e+00
2.409060743951702221e+00,4.005976604719614365e+00
2.423831488150257840e+00,4.009699192791980060e+00
2.416054502323957465e+00,4.013109317104647467e+00
2.419622390746797524e+00,4.019575705278202626e+00
2.423272374967202047e+00,4.020126670643059619e+00
2.426980969842295721e+00,4.023300314133037681e+00
2.430111505846049624e+00,4.027444933376063574e+00
2.433658637124239910e+00,4.037650026299746564e+00
2.437073928439805748e+00,4.034379975946293051e+00
2.440570136835877868e+00,4.037920127185198993e+00
2.444094930067358007e+00,4.041953002137218753e+00
2.447688104872978165e+00,4.060037721763000818e+00
2.451209122135739271e+00,4.049422579918423359e+00
2.454625437396291687e+00,4.051588549213583690e+00
2.458064021686388934e+00,4.055244337025146528e+00
2.461618726433619564e+00,4.059206040939183247e+00
2.464973162258482731e+00,4.062159626796281842e+00
2.468603515694324457e+00,4.065850563783285132e+00
2.472302517013961864e+00,4.069417948055609635e+00
2.475617563632024343e+00,4.073649889509852073e+00
2.479158276059640009e+00,4.077784538098852885e+00
2.482614589104251923e+00,4.079583502796644723e+00
2.486128078388645690e+00,4.083769502454017264e+00
2.489461929937140106e+00,4.093753457159158948e+00
2.493201073009844837e+00,4.087780924264442284e+00
2.496651526741174187e+00,4.093974501297424240e+00
2.500076950901561901e+00,4.096717472170895213e+00
2.503598105649251337e+00,4.101100427821906536e+00
2.507105882861889956e+00,4.106054211185567127e+00
2.510729601326933125e+00,4.107958126460693471e+00
2.513957734108743569e+00,4.111632228657996713e+00
2.517761676975817764e+00,4.114905992181646432e+00
2.521239476626200293e+00,4.117963674433513965e+00
2.524563769956757131e+00,4.122457846815279048e+00
2.528408099877510473e+00,4.125618178623041921e+00
2.531687387694630420e+00,4.123366542638110310e+00
2.535170910712681192e+00,4.131873327233353876e+00
2.538853841929815225e+00,4.135612805818925430e+00
2.542284846525998177e+00,4.140071060371641742e+00
2.545558577201949113e+00,4.142633914357807257e+00
2.549620944287480206e+00,4.146487394252361902e+00
2.552769825973780549e+00,4.151677366659639823e+00
2.556191861580096258e+00,4.153980291264092628e+00
2.559649147046488160e+00,4.157199231509411064e+00
2.563057322536421268e+00,4.160056459267537754e+00
2.566871796950810136e+00,4.164166399317984713e+00
2.570321631568994736e+00,4.168131839111864245e+00
2.573832480041271964e+00,4.169766407315719015e+00
2.577268708522334251e+00,4.173074074372080666e+00
2.580493676743179865e+00,4.177925960742868483e+00
2.584297613668090854e+00,4.181340536555495646e+00
2.587544503735256018e+00,4.188288969430063347e+00
2.591106370017586258e+00,4.188355752215552563e+00
2.594683427210320303e+00,4.191908292056180763e+00
2.598347501900148515e+00,4.195877398271393943e+00
2.599272021953833445e+00,4.199073624790944592e+00
2.605055437807080487e+00,4.197968784251755459e+00
2.608725967179974958e+00,4.206127997857641354e+00
2.612190980006803720e+00,4.205102490441459118e+00
2.615895729643151757e+00,4.213844851656154411e+00
2.619398501666211132e+00,4.216170430178372897e+00
2.622827867590563855e+00,4.220332528155327445e+00
2.625845870159682072e+00,4.223406850181921079e+00
2.629953835277939689e+00,4.227964652344620156e+00
2.633353046839613576e+00,4.230486211553784237e+00
2.636809197496188251e+00,4.233656836374257715e+00
2.640339828755797313e+00,4.237838387665958884e+00
2.643772231148698637e+00,4.240908293197363399e+00
2.647390901915843919e+00,4.244903204454284484e+00
2.650744061907739368e+00,4.248420019800631664e+00
2.654232223041127714e+00,4.249672250392813488e+00
2.658035886149584304e+00,4.226778896464347568e+00
2.661343016064384948e+00,4.258673688255646184e+00
2.664674315549940165e+00,4.261326506177976370e+00
2.668351528559901098e+00,4.265688851329969999e+00
2.671746548840241431e+00,4.270227334998486945e+00
2.675348436464934032e+00,4.272347467230130036e+00
2.678820807410901672e+00,4.271004274096351416e+00
2.682183511264093045e+00,4.279750457582204959e+00
2.685841519167896152e+00,4.283369963790305768e+00
2.689332166747880670e+00,4.289829804252685896e+00
2.692880637935323396e+00,4.290448601202332846e+00
2.696257404382732759e+00,4.292473533933089946e+00
2.699896520267075495e+00,4.297608183490519096e+00
2.703300570859979324e+00,4.300964981825880606e+00
2.706869953784285077e+00,4.303928690964423431e+00
2.710888466927285467e+00,4.307448738276567823e+00
2.713882501749872223e+00,4.310609866851833338e+00
2.717335059304110789e+00,4.313737252559038282e+00
2.720957224246142836e+00,4.317917221634823832e+00
2.723762701037056644e+00,4.321967353563442416e+00
2.727847158865109201e+00,4.325579908403098806e+00
2.731218643715795924e+00,4.329271413364103260e+00
2.734895858097224242e+00,4.332179179600895047e+00
2.738343277731813075e+00,4.336024290980349249e+00
2.741844539707049222e+00,4.339260866206594791e+00
2.745329413537000995e+00,4.342736633775694521e+00
2.748715502329947213e+00,4.330571443174265234e+00
2.752365027043420120e+00,4.350033534636658317e+00
2.755903055141676994e+00,4.353142651398348661e+00
2.759319563772333783e+00,4.360200221837047252e+00
2.762990548143406944e+00,4.360792020767948252e+00
2.766332054218243020e+00,4.363776895564673630e+00
2.769686956774485953e+00,4.370471124577737676e+00
2.773782270559272511e+00,4.371314014152334337e+00
2.776856891047795983e+00,4.373868457487382067e+00
2.780277656259971586e+00,4.397201255091493621e+00
2.783955697817281916e+00,4.381474698424293379e+00
2.787420466072103586e+00,4.384755256619228270e+00
2.790830347034303216e+00,4.387943815406240233e+00
2.794451894083327836e+00,4.391550202518685886e+00
2.798064183522607440e+00,4.395270474961211704e+00
2.801388739804582251e+00,4.396571559786047523e+00
2.805108524550146143e+00,4.402067418651905761e+00
2.806403003409330132e+00,4.406832407495693715e+00
2.811863016401553672e+00,4.409095282804019966e+00
2.815564244462905208e+00,4.412106570358623081e+00
2.818421309549094644e+00,4.416187396435788060e+00
2.822442467643616837e+00,4.419964163770276677e+00
2.826036763640315641e+00,4.423004134424743050e+00
2.829649313554727819e+00,4.427158513419072072e+00
2.833077957132009495e+00,4.430566790124366605e+00
2.836437249641002190e+00,4.433569935238684145e+00
2.840005714792344982e+00,4.438091284440448980e+00
2.843471575565623688e+00,4.451779256238567406e+00
2.846927996550947526e+00,4.444471983302610951e+00
2.850366071573534832e+00,4.447856331851474998e+00
2.854158681206044434e+00,4.451316982746764239e+00
2.857552439132355460e+00,4.453931060925575558e+00
2.861105727882354621e+00,4.458204821096413362e+00
2.864523911522663724e+00,4.462265687132783043e+00
2.867126253412500603e+00,4.465774159986529490e+00
2.871527694405044961e+00,4.477406095892533244e+00
2.874923509832120416e+00,4.466588820057653564e+00
2.878704866352451930e+00,4.475440813345154645e+00
2.881978129961178858e+00,4.479339280798457779e+00
2.885409390911154226e+00,4.482598098788641572e+00
2.889156654419116954e+00,4.485790374447828910e+00
2.892434653305049785e+00,4.489354167589872269e+00
2.897453624452295706e+00,4.493415389379722846e+00
2.899631897660337465e+00,4.489067446322893673e+00
2.897478165000896944e+00,4.500972517936041584e+00
2.906956141175832009e+00,4.503364886993426630e+00
2.910032940500463461e+00,4.507622776834312894e+00
2.913648673890462781e+00,4.511058208278103443e+00
2.917605600450837500e+00,4.514566201515054722e+00
2.918336646641859211e+00,4.517734193210426241e+00
2.924318377998611496e+00,4.521584142620027613e+00
2.929069129133845095e+00,4.524918701738834592e+00
2.931052761892658509e+00,4.528295797989618343e+00
2.934680108513362029e+00,4.529291453729101136e+00
2.938389717750883534e+00,4.535233115635179502e+00
2.941615707949503111e+00,4.538630674049221270e+00
2.945247703514614734e+00,4.545756954667520056e+00
2.948515815624740632e+00,4.544913156458158632e+00
2.952355285746103952e+00,4.549433355681370195e+00
2.955640963422497158e+00,4.552537691123481167e+00
2.959034932946487118e+00,4.557704150408972588e+00
2.963473173569091124e+00,4.560086281416181997e+00
2.966226445071212581e+00,4.562865172461335384e+00
2.969676505547490741e+00,4.567296566818394687e+00
2.973444010982030150e+00,4.571043993007386952e+00
2.976619140336900671e+00,4.573951145953609299e+00
2.980051470293806126e+00,4.575461785720976060e+00
2.983480812992048925e+00,4.581245606348693933e+00
2.987167704940881130e+00,4.584632598080078836e+00
2.990528749537284980e+00,4.588391798680046207e+00
2.994209610210549322e+00,4.591516294284604172e+00
3.000149882258679845e+00,4.594430353332288774e+00
2.999096979343533143e+00,4.600422277138576099e+00
3.004578727784004144e+00,4.585151518918779701e+00
3.008333622133506857e+00,4.606012310554007172e+00
3.011585381902947667e+00,4.608617819961973616e+00
3.015209492222743926e+00,4.613102012145288811e+00
3.018649041315680570e+00,4.615608017445469002e+00
3.022185036608775022e+00,4.617654437121349709e+00
3.025684063734124685e+00,4.622930958685976144e+00
3.030321427028758841e+00,4.626772252113875439e+00
3.026070193222398785e+00,4.630198586330632082e+00
3.036238262186789605e+00,4.633274190170865836e+00
3.039481525809103246e+00,4.637360389432037877e+00
3.043164044035330029e+00,4.641472272678224265e+00
3.046625709702711404e+00,4.644306219328390384e+00
3.050423891357953998e+00,4.647384737723786685e+00
3.053807904168172271e+00,4.651211483331709751e+00
3.057323002131455247e+00,4.654225701506595314e+00
3.060643213220158643e+00,4.665190295427966483e+00
3.064244478905714608e+00,4.659732589686114146e+00
3.067753969326740382e+00,4.664896512849721510e+00
3.071221400527796241e+00,4.668234313602649621e+00
3.074573627647704477e+00,4.671774340536736680e+00
3.078147363518671575e+00,4.674886230394569075e+00
3.083465236696522283e+00,4.673927559794806896e+00
3.085220914801391601e+00,4.682282534498276583e+00
3.088667461598273434e+00,4.685743579328510044e+00
3.092314399108943235e+00,4.690264334235833665e+00
3.095779315737115844e+00,4.693191592071213947e+00
3.099632330881465059e+00,4.696690064376437768e+00
3.102749664285417097e+00,4.699696912390991521e+00
3.106276029959880169e+00,4.703114375928953983e+00
3.110540449741211688e+00,4.707723797427132872e+00
3.112915585762293880e+00,4.709776797078973232e+00
3.116857372448591512e+00,4.715123037840271536e+00
3.120263032549600801e+00,4.717367096525573622e+00
3.123737817093378943e+00,4.720535225044600658e+00
3.127684509613822605e+00,4.724698934587141075e+00
3.130857626479502720e+00,4.728277722628022595e+00
3.134317835163594523e+00,4.730218055719140224e+00
3.137588503018823083e+00,4.734610882064723469e+00
3.133602791977224022e+00,4.739127460371874712e+00
3.144431502590751215e+00,4.739171571847392350e+00
3.148110882010098699e+00,4.745377377889242076e+00
3.151963328896752792e+00,4.749556486726341120e+00
3.155285025145356137e+00,4.752628196106212677e+00
3.158841878903876577e+00,4.756579007342265797e+00
3.162281621951746224e+00,4.759372154322136339e+00
3.165800793702325144e+00,4.770019696615965366e+00
3.169200821362232467e+00,4.766934229022715463e+00
3.172958030231730397e+00,4.769454800583360132e+00
3.176337094543522532e+00,4.773004016863461985e+00
3.179791765201851028e+00,4.777740636986601785e+00
3.183219668236488609e+00,4.780677152563829857e+00
3.187409248432301112e+00,4.780567705565011316e+00
3.190249292076797083e+00,4.787471118867379083e+00
3.193747093356374300e+00,4.791082149543511193e+00
3.197456846292721977e+00,4.795032111007217601e+00
3.200773206602771204e+00,4.798083683121209475e+00
3.204115710538845363e+00,4.802727521479356554e+00
3.207677447092076584e+00,4.804778945072560425e+00
3.211407235922503212e+00,4.808372122181619801e+00
3.214960393902265956e+00,4.812237292857370896e+00
3.218449837096478916e+00,4.816330542123595571e+00
3.221987019411655773e+00,4.820621849022623806e+00
3.227100900327381616e+00,4.822355157673889892e+00
3.228929659764116167e+00,4.827152665734025128e+00
3.232629091044494807e+00,4.829757494009840890e+00
3.239207027639798397e+00,4.832556142544296662e+00
3.239410466629929708e+00,4.837338782828215500e+00
3.243078689601556874e+00,4.840469330788494062e+00
3.245984634330070229e+00,4.842678090467809504e+00
3.243648850427557129e+00,4.846668836758643906e+00
3.253407960362096674e+00,4.850903970614823812e+00
3.256433929711281650e+00,4.852509317874548422e+00
3.260577874127860376e+00,4.857326819397866480e+00
3.263701267834262509e+00,4.860729225207159665e+00
3.267831633815574399e+00,4.874926373220160869e+00
3.269897522129671330e+00,4.868238822439677094e+00
3.274719909756774072e+00,4.871952483480630924e+00
3.278184222510460266e+00,4.874947350370094412e+00
3.281621734981525762e+00,4.879271705306712725e+00
3.284843445271269147e+00,4.881866460333652569e+00
3.287854794848682261e+00,4.885816709939671654e+00
3.165914378762805903e+00,4.893016183382237649e+00
3.295702693201532085e+00,4.894336819474750300e+00
3.298884461487475050e+00,4.900963019923113784e+00
3.302415270989397023e+00,4.899897606466334210e+00
3.306011179398334221e+00,4.902087779063153405e+00
3.309496033323974906e+00,4.906035419719469104e+00
3.312666818034926131e+00,4.910053603916730403e+00
3.316620214736985872e+00,4.912794642834052539e+00
3.319968849144092182e+00,4.916975998012613758e+00
3.323344266585306350e+00,4.920573108184333577e+00
3.326997131394358931e+00,4.925338665918283176e+00
3.330343330129275081e+00,4.928089775395891436e+00
3.333256669693873242e+00,4.930538230662737220e+00
3.337317760888886653e+00,4.934410034438210246e+00
3.340993528167440552e+00,4.938512843374563310e+00
3.344415511487990322e+00,4.941279661457008032e+00
3.348291381366983011e+00,4.945536756031700065e+00
3.351434368171767986e+00,4.948618012407917099e+00
3.355022071736344813e+00,4.952764214147043376e+00
3.358634288858086236e+00,4.955579021064328238e+00
3.360928077168696682e+00,4.958386749051127751e+00
3.363330533677251211e+00,4.969020226553654496e+00
3.367902158584581862e+00,4.965993959769961386e+00
3.372632766505085478e+00,4.969857640589572689e+00
3.376132814381251457e+00,4.970737059511647793e+00
3.379962813079798067e+00,4.976949664531762352e+00
3.383167935887347433e+00,4.980516977521739719e+00
3.386577973417592702e+00,4.984197601742243577e+00
3.390163437744377894e+00,4.989251293846290736e+00
3.393643512289526321e+00,4.990947446618028138e+00
3.396996448126980539e+00,4.994695790016584702e+00
3.400653308348263515e+00,4.996056032753888765e+00
3.403913191129479543e+00,5.001019017490773599e+00
3.407520942904834982e+00,5.005310809680977080e+00
3.409154334771598016e+00,5.008404625003891830e+00
3.414741963564828175e+00,5.011831746507880325e+00
3.417650330269671244e+00,5.015796191724323450e+00
3.421685633508104729e+00,5.018814852310454100e+00
3.424973578996085344e+00,5.023692134677348875e+00
3.428827442060210728e+00,5.046439662825812356e+00
3.431909246288211257e+00,5.028960057520503568e+00
3.435799831911101165e+00,5.032258735494687052e+00
3.439266899687246415e+00,5.036313456627937946e+00
3.442567322751872716e+00,5.043485456324109606e+00
3.446021511879968635e+00,5.044514757255482706e+00
3.445448269154748111e+00,5.046562782719069773e+00
3.453198660309150014e+00,5.050196310840815883e+00
3.457510258871721476e+00,5.054043497763648141e+00
3.460294967285696188e+00,5.059418160423687638e+00
3.463478305604065888e+00,5.061034036802398717e+00
3.467112110568886685e+00,5.063771088232977391e+00
3.470467902979592623e+00,5.066563940189380943e+00
3.474770263655586611e+00,5.204504944493100638e+00
3.477335900580917460e+00,5.081301227529216646e+00
3.481090989615699627e+00,5.077243759163859060e+00
3.484662272983409359e+00,5.081721787761754427e+00
3.498259725613630522e+00,5.085451078997906826e+00
3.491768817490106258e+00,5.101009022220424072e+00
3.495006437499059260e+00,5.092566394937246166e+00
3.498743767416907069e+00,5.096112880575896398e+00
3.502066119259441557e+00,5.098981652640777185e+00
3.505325566379606350e+00,5.104273462039294884e+00
3.510919282047541223e+00,5.105479595523993552e+00
3.511849582112393620e+00,5.111426742713448768e+00
3.516426237033708269e+00,5.105679770159342823e+00
3.519923205064858784e+00,5.120874301966900966e+00
3.522783260054647592e+00,5.119523697976452681e+00
3.526971082103201205e+00,5.123057340149903105e+00
3.530207068086943956e+00,5.127298873341261221e+00
3.533683399328491959e+00,5.128618744743532964e+00
3.537291554269606841e+00,5.133459672325792589e+00
3.540611236372817494e+00,5.145707441106502245e+00
3.544409904508107445e+00,5.141866849587532151e+00
3.547615751755329505e+00,5.143648788244851389e+00
3.551044752868403265e+00,5.148387075738595442e+00
3.553175378947446283e+00,5.151598950885519557e+00
3.558361536585596063e+00,5.155954295965234913e+00
3.570246946473834448e+00,5.158509936183179434e+00
3.565901527556778028e+00,5.163879279148984480e+00
3.568772814010245931e+00,5.166237161891151786e+00
3.572165544362038148e+00,5.168465586036802506e+00
3.578554698469932127e+00,5.173865867790184758e+00
3.580939609482334696e+00,5.190358327066364907e+00
3.582609968255254351e+00,5.179412393031645578e+00
3.586112303457669626e+00,5.181491300902926866e+00
3.589733856212524721e+00,5.185182906516064172e+00
3.593377948372711295e+00,5.194266395971235184e+00
3.596342554688654047e+00,5.193518191267442852e+00
3.599863430687499921e+00,5.197604903704807988e+00
3.604072495144326815e+00,5.201547824617830607e+00
3.607448573438871264e+00,5.205219022019758057e+00
3.611112460955013148e+00,5.208059902450031586e+00
3.614509168809235007e+00,5.213144805084923838e+00
3.618389041104971504e+00,5.215982579517315365e+00
3.621261469506118047e+00,5.221046783042698536e+00
3.624663000158160564e+00,5.221237603104437852e+00
3.628124995449802270e+00,5.221824764353149462e+00
3.631894825044359898e+00,5.228418390007677274e+00
3.633456105976897277e+00,5.231012837129226156e+00
3.639067872278142879e+00,5.234589863047333758e+00
3.642192059842495055e+00,5.237836836080413505e+00
3.644724197589563452e+00,5.254228998793629479e+00
3.649142014702852599e+00,5.245734642751732402e+00
3.652464152607979742e+00,5.250934521387226717e+00
3.650270518638381034e+00,5.251789694919772877e+00
3.658697175767128940e+00,5.256317947179124594e+00
3.663275418875707956e+00,5.260463697143155315e+00
3.666907356941648821e+00,5.277265532657171576e+00
3.670171259071557834e+00,5.267296978821263131e+00
3.673743017541069911e+00,5.271479860841600029e+00
3.677226225169856200e+00,5.276489000413401520e+00
3.680594808936167972e+00,5.277769038534440682e+00
3.684590442513502317e+00,5.280656687734525789e+00
3.687468456763701496e+00,5.284911851410734940e+00
3.690449970365981436e+00,5.286029147070891554e+00
3.715531608714094602e+00,5.292007557556015485e+00
3.698221712521071680e+00,5.294189270886420218e+00
3.699949805691926663e+00,5.308905982848689753e+00
3.704247781579899090e+00,5.301989809532460463e+00
3.705638756525675426e+00,5.305251106309706088e+00
3.712553125572833679e+00,5.309932102111033281e+00
3.712663157879397602e+00,5.313058943300804415e+00
3.719201084280721048e+00,5.316904757617871624e+00
3.723077714222810641e+00,5.324661964263643021e+00
3.726420476356723910e+00,5.324365140720799694e+00
3.731805359976672953e+00,5.326833582312933579e+00
3.733284541127072309e+00,5.331144479041681983e+00
3.737412646256436766e+00,5.333171452530809376e+00
3.739895691523492438e+00,5.337375700379239696e+00
3.743551214970529450e+00,5.341185738723172705e+00
3.746904062137756064e+00,5.345717322044415631e+00
3.750927252653976751e+00,5.348804129221592873e+00
3.754175428582448681e+00,5.359433512370292085e+00
3.757694132032930234e+00,5.354877270483102691e+00
3.762043762369647659e+00,5.359703243514343463e+00
3.764217623905782517e+00,5.362341499646463561e+00
3.769137513059369837e+00,5.365681247409381349e+00
3.772063471061790629e+00,5.368262269343633264e+00
3.775401229183372287e+00,5.377374802764990136e+00
3.779040593575080820e+00,5.380634368020742464e+00
3.782434760233967630e+00,5.380342775831232771e+00
3.785870658719163728e+00,5.383676134423516224e+00
3.789356156185509583e+00,5.386177147956777489e+00
3.792561344568509796e+00,5.405127659399036943e+00
3.796276354793045371e+00,5.408457270431377140e+00
3.800111294244934435e+00,5.397279459270151847e+00
3.803280814347333560e+00,5.396122218543056626e+00
3.807269891051375588e+00,5.404008623964417168e+00
3.813792200067458005e+00,5.406949483688679337e+00
3.814180786376241805e+00,5.410694939043315443e+00
3.818315420615503442e+00,5.416890791979530384e+00
3.820875599594412364e+00,5.416779571607073684e+00
3.823978958651355065e+00,5.423009550653120847e+00
3.828725006686723553e+00,5.425723593319104587e+00
3.831694557915709787e+00,5.428466708109279892e+00
3.835197023071989619e+00,5.435534993686983896e+00
3.839834874210604099e+00,5.435834597781931343e+00
3.841720119542642031e+00,5.440596868370535688e+00
3.845392659305782779e+00,5.443200003151621225e+00
3.849182096205147730e+00,5.446645602298891831e+00
3.852311950569899501e+00,5.449305871098400367e+00
3.856001773122495813e+00,5.452511814681316515e+00
3.859635489697841315e+00,5.457265974484512228e+00
3.862884542626220608e+00,5.459215657752430673e+00
3.866329308909590701e+00,5.463521141520311986e+00
3.870065790741624490e+00,5.474173370097032532e+00
3.873231273088292070e+00,5.473174084719037324e+00
3.877048382695667428e+00,5.507643614612666383e+00
3.879845744711596822e+00,5.478881801879365909e+00
3.884070914693760201e+00,5.477038140398706290e+00
3.887076457526583262e+00,5.489346536080446981e+00
3.890860704370264322e+00,5.488581386565164699e+00
3.895129674883041737e+00,5.489424870243007071e+00
3.897848095343050545e+00,5.496399052913565342e+00
3.901358184690606912e+00,5.498901255157695900e+00
3.905274162082491785e+00,5.502348822710442455e+00
3.908441800287342893e+00,5.509862850479912311e+00
3.911918988599867752e+00,5.510158702252523355e+00
3.915831061755382869e+00,5.515078537554201077e+00
3.918844253741585071e+00,5.515674577602462492e+00
3.918644595340495584e+00,5.520190928360896088e+00
3.926100074637171922e+00,5.523970023102169336e+00
3.929614626740606020e+00,5.527606785127726852e+00
3.933312402592948231e+00,5.530238558744559718e+00
3.934629362921041817e+00,5.536082307551168036e+00
3.940064372658372172e+00,5.537326578130784327e+00
3.943401124035921690e+00,5.542723656394485054e+00
3.947386282617830311e+00,5.544570770169844565e+00
3.951715379097989533e+00,5.547920344526965586e+00
3.954117982515992225e+00,5.551428321774155350e+00
3.957551603156969300e+00,5.554569894189770096e+00
3.961648612396996505e+00,5.558505485461017415e+00
3.964394074400699353e+00,5.562671315919251569e+00
3.968072306456477349e+00,5.566679591508064462e+00
3.971817536409073313e+00,5.568886865297398181e+00
3.975075307689541759e+00,5.571119264092450507e+00
3.978178681419776375e+00,5.575890353481540274e+00
3.982133250724881002e+00,5.579522291978292969e+00
3.985394117642424128e+00,5.581688358900026792e+00
3.988530053927187957e+00,5.586188131584841621e+00
3.991031717899764963e+00,5.592618853850654936e+00
3.996380090663950391e+00,5.593358237265940502e+00
3.999646264624640679e+00,5.595603193464432579e+00
4.003479272209150785e+00,5.601316198773305999e+00
4.006710714893963576e+00,5.604297817798062020e+00
4.010002967560377662e+00,5.607174098373367777e+00
