5.133010927495204045e-01,1.513301092749520294e+00
5.167763424476274903e-01,1.516776342447627490e+00
5.202513896211238276e-01,1.520251389621123828e+00
5.237262028935369962e-01,1.523726202893536996e+00
5.272007551790899305e-01,1.527200755179090041e+00
5.306750985020439737e-01,1.530675098502043863e+00
5.341492129856961757e-01,1.534149212985696176e+00
5.376230934854405730e-01,1.537623093485440684e+00
5.410967346633870356e-01,1.541096734663387036e+00
5.445701582026540866e-01,1.544570158202654087e+00
5.480433336405386990e-01,1.548043333640538588e+00
5.515163071268370798e-01,1.551516307126837191e+00
5.549890449201978493e-01,1.554989044920197738e+00
5.584615143662428061e-01,1.558461514366242806e+00
5.619337492308491555e-01,1.561933749230849156e+00
5.654058099686432026e-01,1.565405809968643203e+00
5.688776001914142011e-01,1.568877600191414201e+00
5.723491640188926866e-01,1.572349164018892687e+00
5.758205084054686118e-01,1.575820508405468612e+00
5.792916175890530095e-01,1.579291617589053009e+00
5.827624759728836645e-01,1.582762475972883554e+00
5.862331151608166646e-01,1.586233115160816665e+00
5.897035594033274153e-01,1.589703559403327304e+00
5.931737266143547460e-01,1.593173726614354635e+00
5.966436972070177092e-01,1.596643697207017709e+00
6.001133961281609475e-01,1.600113396128160836e+00
6.035828808720712368e-01,1.603582880872071126e+00
6.070521552068605109e-01,1.607052155206860622e+00
6.105211641990335725e-01,1.610521164199033572e+00
6.139899746738783914e-01,1.613989974673878391e+00
6.174585613827716646e-01,1.617458561382771665e+00
6.209268917323592651e-01,1.620926891732359376e+00
6.243950094192458611e-01,1.624395009419245861e+00
6.278629011077526689e-01,1.627862901107752780e+00
6.313305118743269828e-01,1.631330511874327094e+00
6.347979309686573313e-01,1.634797930968657331e+00
6.382651345527988740e-01,1.638265134552798763e+00
6.417321072823101158e-01,1.641732107282310116e+00
6.451988043206240420e-01,1.645198804320624042e+00
6.486653192043395633e-01,1.648665319204339674e+00
6.521316005359262258e-01,1.652131600535926115e+00
6.555975980313298868e-01,1.655597598031329998e+00
6.590634222921625263e-01,1.659063422292162526e+00
6.625289980364834630e-01,1.662528998036483463e+00
6.659943355628220596e-01,1.665994335562821949e+00
6.694594424928830279e-01,1.669459442492883028e+00
6.729243376501409246e-01,1.672924337650140814e+00
6.763890036864238509e-01,1.676389003686423962e+00
6.798534277183617691e-01,1.679853427718361658e+00
6.833176298491191458e-01,1.683317629849119257e+00
6.867815729167265903e-01,1.686781572916726590e+00
6.902453165564725879e-01,1.690245316556472588e+00
6.937088322486172354e-01,1.693708832248617124e+00
6.971720944803659892e-01,1.697172094480365878e+00
7.006351544163121892e-01,1.700635154416312300e+00
7.040979658314078238e-01,1.704097965831407713e+00
7.075605314700893489e-01,1.707560531470089238e+00
7.110229215903867139e-01,1.711022921590386714e+00
7.144850310428483287e-01,1.714485031042848329e+00
7.179469651249203999e-01,1.717946965124920400e+00
7.214086138909971968e-01,1.721408613890997197e+00
7.248700405929188184e-01,1.724870040592918929e+00
7.283312348218106136e-01,1.728331234821810725e+00
7.317922252912011372e-01,1.731792225291201248e+00
7.352529769258723258e-01,1.735252976925872215e+00
7.387135177432527788e-01,1.738713517743252890e+00
7.421737704786890433e-01,1.742173770478689043e+00
7.456338267671998032e-01,1.745633826767199803e+00
7.490936433861888899e-01,1.749093643386189001e+00
7.525532737753362067e-01,1.752553273775336207e+00
7.560126117436670734e-01,1.756012611743666962e+00
7.594717696993885658e-01,1.759471769699388677e+00
7.629306728928427761e-01,1.762930672892842665e+00
7.663893612182882675e-01,1.766389361218288379e+00
7.698478299816128301e-01,1.769847829981612719e+00
7.733060371883654360e-01,1.773306037188365547e+00
7.767640478436089735e-01,1.776764047843609085e+00
7.802218365791657728e-01,1.780221836579165773e+00
7.836793709236332672e-01,1.783679370923633378e+00
7.871366434749373919e-01,1.787136643474937392e+00
7.905937176053382531e-01,1.790593717605338142e+00
7.940505840216638411e-01,1.794050584021663841e+00
7.975071903450289268e-01,1.797507190345029038e+00
8.009635956929895828e-01,1.800963595692989472e+00
8.044197481480016565e-01,1.804419748148001545e+00
8.078756657109503747e-01,1.807875665710950486e+00
8.113313719464629870e-01,1.811331371946462987e+00
8.147868572042540336e-01,1.814786857204254034e+00
8.182421350451617448e-01,1.818242135045161856e+00
8.216971174742201400e-01,1.821697117474220029e+00
8.251519141880477859e-01,1.825151914188047897e+00
8.286064297291443337e-01,1.828606429729144445e+00
8.320607893591370763e-01,1.832060789359136965e+00
8.355148946718473635e-01,1.835514894671847363e+00
8.389687684367297393e-01,1.838968768436729739e+00
8.424223822069570877e-01,1.842422382206957199e+00
8.458758206653244072e-01,1.845875820665324518e+00
8.493289923162541388e-01,1.849328992316254139e+00
8.527819755430094961e-01,1.852781975543009496e+00
8.562347153071020456e-01,1.856234715307102157e+00
8.596871649176830443e-01,1.859687164917683155e+00
8.631394716691614954e-01,1.863139471669161384e+00
8.665915007883312482e-01,1.866591500788331359e+00
8.700432974789041873e-01,1.870043297478904076e+00
8.734949019718404317e-01,1.873494901971840321e+00
8.769462547005201225e-01,1.876946254700520011e+00
8.803973840725479727e-01,1.880397384072547862e+00
8.838482876145044020e-01,1.883848287614504402e+00
8.872989758431164553e-01,1.887298975843116455e+00
8.907494010683519869e-01,1.890749401068351876e+00
8.941996200253992111e-01,1.894199620025399211e+00
8.976496173658953248e-01,1.897649617365895214e+00
9.010993461241305624e-01,1.901099346124130562e+00
9.045488882276288001e-01,1.904548888227628911e+00
9.079981851592967557e-01,1.907998185159296867e+00
9.114472548077148240e-01,1.911447254807714824e+00
9.148961117060122605e-01,1.914896111706012150e+00
9.183447053143217742e-01,1.918344705314321885e+00
9.217931476219203279e-01,1.921793147621920328e+00
9.252412865670230913e-01,1.925241286567023202e+00
9.286892005571167896e-01,1.928689200557116790e+00
9.321368959235397655e-01,1.932136895923539655e+00
9.355843416532951817e-01,1.935584341653295182e+00
9.390316192020254915e-01,1.939031619202025603e+00
9.424786532558089291e-01,1.942478653255808929e+00
9.459254043947324941e-01,1.945925404394732494e+00
9.493719984148111246e-01,1.949371998414811014e+00
9.528183023966375620e-01,1.952818302396637673e+00
9.562644596099552086e-01,1.956264459609955209e+00
9.597102959963069724e-01,1.959710295996306861e+00
9.631559610203613842e-01,1.963155961020361495e+00
9.666013959124831745e-01,1.966601395912483063e+00
9.700465955301285081e-01,1.970046595530128508e+00
9.734915509006973888e-01,1.973491550900697389e+00
9.769363052670957392e-01,1.976936305267095850e+00
9.803807987980157623e-01,1.980380798798015762e+00
9.838250867382615228e-01,1.983825086738261412e+00
9.872691114641987120e-01,1.987269111464198712e+00
9.907129462775281503e-01,1.990712946277528150e+00
9.941565708265744927e-01,1.994156570826574493e+00
9.975999411443389198e-01,1.997599941144339031e+00
1.001043125283362700e+00,2.001043125283362478e+00
1.004486009215131759e+00,2.004486009215131759e+00
1.007928722079935557e+00,2.007928722079935557e+00
1.011371166100996533e+00,2.011371166100996533e+00
1.014813395342111457e+00,2.014813395342111235e+00
1.018255443418211170e+00,2.018255443418211392e+00
1.021697220914429938e+00,2.021697220914429938e+00
1.025138772756462036e+00,2.025138772756462036e+00
1.028580083862454364e+00,2.028580083862454586e+00
1.032021168227995167e+00,2.032021168227995389e+00
1.035462045648007257e+00,2.035462045648007035e+00
1.038902707616777610e+00,2.038902707616777832e+00
1.042343096030323490e+00,2.042343096030323490e+00
1.045783287221246027e+00,2.045783287221246027e+00
1.049223258560010308e+00,2.049223258560010308e+00
1.052662964062343498e+00,2.052662964062343498e+00
1.056102523899079992e+00,2.056102523899079770e+00
1.059541769273232514e+00,2.059541769273232514e+00
1.062980838549048457e+00,2.062980838549048457e+00
1.066419656581971243e+00,2.066419656581971243e+00
1.069858245929161011e+00,2.069858245929161011e+00
1.073296598456751738e+00,2.073296598456751738e+00
1.076734777843697310e+00,2.076734777843697088e+00
1.080172706259518112e+00,2.080172706259518112e+00
1.083610391397129780e+00,2.083610391397130002e+00
1.087047832626417021e+00,2.087047832626416799e+00
1.090485093154308638e+00,2.090485093154308416e+00
1.093922068691415728e+00,2.093922068691415728e+00
1.097358898317876363e+00,2.097358898317876363e+00
1.100795451570015349e+00,2.100795451570015349e+00
1.104231774306894120e+00,2.104231774306894120e+00
1.107667883992522473e+00,2.107667883992522473e+00
1.111103782651386096e+00,2.111103782651386318e+00
1.114539403254847016e+00,2.114539403254847016e+00
1.117974844038420068e+00,2.117974844038419846e+00
1.121410064992394373e+00,2.121410064992394595e+00
1.124844984094162559e+00,2.124844984094162559e+00
1.128279764992373924e+00,2.128279764992373924e+00
1.131714250552146472e+00,2.131714250552146694e+00
1.135148547451626078e+00,2.135148547451626300e+00
1.138582599637028903e+00,2.138582599637028903e+00
1.142016451846342706e+00,2.142016451846342484e+00
1.145450053427239157e+00,2.145450053427238934e+00
1.148883461274081030e+00,2.148883461274080808e+00
1.152316592462033107e+00,2.152316592462033107e+00
1.155749526983911313e+00,2.155749526983911313e+00
1.159182218048909752e+00,2.159182218048909974e+00
1.162614707368387457e+00,2.162614707368387457e+00
1.166046962034193779e+00,2.166046962034193779e+00
1.169479012959875996e+00,2.169479012959875774e+00
1.172910785714293747e+00,2.172910785714293525e+00
1.176342332862635898e+00,2.176342332862636120e+00
1.179773724182761496e+00,2.179773724182761718e+00
1.183204844875767714e+00,2.183204844875767492e+00
1.186635736976000555e+00,2.186635736976000555e+00
1.190066369681489711e+00,2.190066369681489711e+00
1.193496852594805757e+00,2.193496852594805979e+00
1.196927038036565749e+00,2.196927038036565527e+00
1.200357002336780665e+00,2.200357002336780887e+00
1.203786810386311856e+00,2.203786810386311856e+00
1.207216327739699224e+00,2.207216327739699224e+00
1.210645656252909541e+00,2.210645656252909319e+00
1.214074705590177494e+00,2.214074705590177494e+00
1.217503608916214564e+00,2.217503608916214564e+00
1.220932275453169291e+00,2.220932275453169069e+00
1.224360616411848790e+00,2.224360616411848568e+00
1.227788831121092716e+00,2.227788831121092716e+00
1.231216787372905408e+00,2.231216787372905408e+00
1.234644543391466565e+00,2.234644543391466343e+00
1.238072007025897925e+00,2.238072007025897925e+00
1.241499311831103736e+00,2.241499311831103736e+00
1.244926364022774123e+00,2.244926364022774123e+00
1.248353161320624460e+00,2.248353161320624238e+00
1.251779774421409863e+00,2.251779774421409641e+00
1.255206108874394433e+00,2.255206108874394211e+00
1.258632304577708361e+00,2.258632304577708361e+00
1.262058189104076744e+00,2.262058189104076966e+00
1.265483922696229779e+00,2.265483922696229779e+00
1.268909411476191851e+00,2.268909411476191629e+00
1.272334642907062108e+00,2.272334642907062108e+00
1.275759657890165766e+00,2.275759657890165766e+00
1.279184457131558705e+00,2.279184457131558705e+00
1.282609048691493614e+00,2.282609048691493392e+00
1.286033373354237508e+00,2.286033373354237508e+00
1.289457505357064937e+00,2.289457505357065159e+00
1.292881372174499832e+00,2.292881372174499610e+00
1.296305110583113152e+00,2.296305110583113152e+00
1.299728484434856002e+00,2.299728484434855780e+00
1.303151734467467904e+00,2.303151734467467904e+00
1.306574742091846542e+00,2.306574742091846542e+00
1.309997507217331547e+00,2.309997507217331325e+00
1.313420078200924213e+00,2.313420078200924213e+00
1.316842364547023747e+00,2.316842364547023969e+00
1.320264463476020778e+00,2.320264463476021000e+00
1.323686311674778349e+00,2.323686311674778349e+00
1.327107992743112641e+00,2.327107992743112419e+00
1.330529345323129276e+00,2.330529345323129498e+00
1.333950569941637854e+00,2.333950569941637632e+00
1.337371565448773225e+00,2.337371565448773225e+00
1.340792296908573045e+00,2.340792296908572823e+00
1.344212837359479940e+00,2.344212837359480162e+00
1.347633112673634059e+00,2.347633112673634059e+00
1.351053143347892282e+00,2.351053143347892060e+00
1.354472988218944796e+00,2.354472988218944796e+00
1.357892599467236172e+00,2.357892599467236394e+00
1.361312011038594560e+00,2.361312011038594783e+00
1.364731164084734161e+00,2.364731164084734161e+00
1.368150126296340918e+00,2.368150126296340918e+00
1.371568889919841938e+00,2.371568889919841716e+00
1.374987400271574289e+00,2.374987400271574067e+00
1.378405653428954825e+00,2.378405653428954825e+00
1.381823696163032578e+00,2.381823696163032800e+00
1.385241478408842264e+00,2.385241478408842042e+00
1.388659067778581946e+00,2.388659067778581946e+00
1.392076473481044685e+00,2.392076473481044907e+00
1.395493580329316474e+00,2.395493580329316252e+00
1.398910505648552904e+00,2.398910505648553126e+00
1.402327231004053099e+00,2.402327231004052877e+00
1.405743635419783200e+00,2.405743635419783200e+00
1.409159915437891097e+00,2.409159915437891097e+00
1.412575972871395136e+00,2.412575972871395358e+00
1.415991725489942121e+00,2.415991725489941899e+00
1.419407328292842552e+00,2.419407328292842330e+00
1.422822690885996666e+00,2.422822690885996444e+00
1.426237818410844183e+00,2.426237818410844405e+00
1.429652689688808431e+00,2.429652689688808209e+00
1.433067390379494155e+00,2.433067390379494377e+00
1.436481853299193423e+00,2.436481853299193645e+00
1.439896056649106804e+00,2.439896056649106804e+00
1.443310076356744132e+00,2.443310076356744354e+00
1.446723845873939762e+00,2.446723845873939762e+00
1.450137371289583532e+00,2.450137371289583754e+00
1.453550733736036715e+00,2.453550733736036715e+00
1.456963848472228262e+00,2.456963848472228484e+00
1.460376724905097623e+00,2.460376724905097845e+00
1.463789360560608710e+00,2.463789360560608710e+00
1.467201791194167049e+00,2.467201791194167271e+00
1.470614021983522424e+00,2.470614021983522424e+00
1.474026023367427163e+00,2.474026023367427385e+00
1.477437806316093560e+00,2.477437806316093560e+00
1.480849303374440762e+00,2.480849303374440762e+00
1.484260657239749648e+00,2.484260657239749648e+00
1.487671711262390506e+00,2.487671711262390506e+00
1.491082614504957382e+00,2.491082614504957604e+00
1.494493222873551685e+00,2.494493222873551908e+00
1.497903672342830728e+00,2.497903672342830728e+00
1.501313885304179863e+00,2.501313885304179863e+00
1.504723802265654387e+00,2.504723802265654165e+00
1.508133591228537185e+00,2.508133591228537185e+00
1.511543055959641890e+00,2.511543055959641890e+00
1.514952389643186903e+00,2.514952389643187125e+00
1.518361434466013904e+00,2.518361434466013904e+00
1.521770354752192134e+00,2.521770354752192134e+00
1.525179014234916419e+00,2.525179014234916419e+00
1.528587375453418939e+00,2.528587375453418939e+00
1.531995533040934943e+00,2.531995533040935165e+00
1.535403511020864364e+00,2.535403511020864364e+00
1.538811231763124177e+00,2.538811231763124177e+00
1.542218718569531077e+00,2.542218718569531077e+00
1.545626032628065971e+00,2.545626032628065971e+00
1.549033112983035698e+00,2.549033112983035920e+00
1.552439975418147267e+00,2.552439975418147267e+00
1.555846554959195105e+00,2.555846554959194883e+00
1.559252978033818238e+00,2.559252978033818238e+00
1.562659098174382200e+00,2.562659098174382422e+00
1.566065047263990762e+00,2.566065047263990984e+00
1.569470789886403761e+00,2.569470789886403761e+00
1.572876306162652504e+00,2.572876306162652504e+00
1.576281561760540351e+00,2.576281561760540129e+00
1.579686577107248580e+00,2.579686577107248802e+00
1.583091485877079263e+00,2.583091485877079485e+00
1.586496090736379649e+00,2.586496090736379649e+00
1.589900516091813154e+00,2.589900516091812932e+00
1.593304548363399631e+00,2.593304548363399853e+00
1.596708580926010645e+00,2.596708580926010868e+00
1.600112296731256212e+00,2.600112296731256212e+00
1.603515730876073686e+00,2.603515730876073686e+00
1.606918993036184018e+00,2.606918993036184240e+00
1.610322032211427778e+00,2.610322032211427778e+00
1.613724901327744821e+00,2.613724901327744821e+00
1.617127467035654798e+00,2.617127467035654576e+00
1.620529902427858326e+00,2.620529902427858104e+00
1.623932045799284518e+00,2.623932045799284296e+00
1.627333940901917186e+00,2.627333940901917408e+00
1.630735671716950330e+00,2.630735671716950108e+00
1.634137177717303269e+00,2.634137177717303047e+00
1.637538459210682307e+00,2.637538459210682085e+00
1.640939502639232828e+00,2.640939502639232828e+00
1.644340253293686827e+00,2.644340253293687049e+00
1.647740844607717081e+00,2.647740844607716859e+00
1.651141242743081383e+00,2.651141242743081605e+00
1.654541374181760061e+00,2.654541374181760283e+00
1.657941349246254248e+00,2.657941349246254248e+00
1.661340968578706612e+00,2.661340968578706612e+00
1.664740494907732460e+00,2.664740494907732682e+00
1.668139749449237152e+00,2.668139749449236930e+00
1.671538837832542646e+00,2.671538837832542868e+00
1.674937616375360649e+00,2.674937616375360427e+00
1.678336161704631957e+00,2.678336161704631735e+00
1.681734574586402298e+00,2.681734574586402076e+00
1.685132686621662712e+00,2.685132686621662934e+00
1.688530635485139930e+00,2.688530635485140152e+00
1.691928300438609201e+00,2.691928300438608979e+00
1.695325812625441131e+00,2.695325812625441131e+00
1.698723090913494493e+00,2.698723090913494715e+00
1.702120163109994921e+00,2.702120163109994699e+00
1.705516911840276206e+00,2.705516911840276428e+00
1.708913486439013418e+00,2.708913486439013418e+00
1.712309897022823213e+00,2.712309897022823435e+00
1.715706019530730986e+00,2.715706019530730764e+00
1.719101886731601914e+00,2.719101886731602136e+00
1.722497635869389532e+00,2.722497635869389754e+00
1.725893116930351079e+00,2.725893116930350857e+00
1.729288381643386829e+00,2.729288381643386607e+00
1.732683421851253236e+00,2.732683421851253236e+00
1.736078184752838149e+00,2.736078184752837927e+00
1.739472818745986471e+00,2.739472818745986693e+00
1.742867163339994363e+00,2.742867163339994363e+00
1.746261298812084473e+00,2.746261298812084473e+00
1.749655294726373045e+00,2.749655294726372823e+00
1.753048912631387291e+00,2.753048912631387068e+00
1.756442450508354902e+00,2.756442450508354902e+00
1.759835676298384888e+00,2.759835676298385110e+00
1.763228788284690429e+00,2.763228788284690651e+00
1.766621497660213924e+00,2.766621497660214146e+00
1.770014087103955358e+00,2.770014087103955358e+00
1.773406458860001145e+00,2.773406458860001145e+00
1.776798635947139715e+00,2.776798635947139715e+00
1.780190612727184485e+00,2.780190612727184707e+00
1.783582239816264847e+00,2.783582239816264625e+00
1.786973780937259448e+00,2.786973780937259448e+00
1.790365006059878805e+00,2.790365006059878805e+00
1.793756013002805183e+00,2.793756013002805183e+00
1.797146914548253926e+00,2.797146914548253704e+00
1.800537410851408726e+00,2.800537410851408726e+00
1.803927836665240481e+00,2.803927836665240481e+00
1.807318011827543813e+00,2.807318011827543813e+00
1.810707924731224550e+00,2.810707924731224772e+00
1.814097660809189660e+00,2.814097660809189883e+00
1.817487111388200738e+00,2.817487111388200738e+00
1.820876399037326454e+00,2.820876399037326454e+00
1.824265443295867595e+00,2.824265443295867595e+00
1.827654260215888060e+00,2.827654260215887838e+00
1.831042885448471713e+00,2.831042885448471935e+00
1.834431271929076512e+00,2.834431271929076512e+00
1.837819412256611162e+00,2.837819412256611162e+00
1.841207355904723286e+00,2.841207355904723286e+00
1.844595042105187543e+00,2.844595042105187765e+00
1.847982578274359966e+00,2.847982578274359966e+00
1.851369758809387589e+00,2.851369758809387811e+00
1.854756898822091049e+00,2.854756898822091049e+00
1.858143697700150643e+00,2.858143697700150643e+00
1.861530324071796638e+00,2.861530324071796638e+00
1.864916706146074521e+00,2.864916706146074521e+00
1.868302851134598486e+00,2.868302851134598264e+00
1.871688890661659777e+00,2.871688890661659777e+00
1.875074576924905534e+00,2.875074576924905756e+00
1.878460080904775786e+00,2.878460080904775786e+00
1.881845353047474578e+00,2.881845353047474578e+00
1.885230416926936492e+00,2.885230416926936492e+00
1.888615244099822288e+00,2.888615244099822288e+00
1.891999843378058488e+00,2.891999843378058266e+00
1.895384208312935748e+00,2.895384208312935748e+00
1.898768456197677201e+00,2.898768456197677423e+00
1.902152470338679402e+00,2.902152470338679180e+00
1.905536084397514873e+00,2.905536084397514873e+00
1.908919674418862344e+00,2.908919674418862122e+00
1.912302958165988276e+00,2.912302958165988276e+00
1.915686048191956203e+00,2.915686048191956203e+00
1.919068831093582617e+00,2.919068831093582617e+00
1.922451478881954001e+00,2.922451478881954223e+00
1.925833884166630927e+00,2.925833884166630927e+00
1.929216068126100136e+00,2.929216068126100136e+00
1.932598084753361034e+00,2.932598084753361256e+00
1.935979772288324074e+00,2.935979772288324074e+00
1.939361274249117306e+00,2.939361274249117528e+00
1.942742701011073825e+00,2.942742701011074047e+00
1.946123747126452530e+00,2.946123747126452308e+00
1.949504653683071131e+00,2.949504653683071353e+00
1.952885247267054147e+00,2.952885247267054147e+00
1.956265655193887953e+00,2.956265655193887731e+00
1.959645940030002587e+00,2.959645940030002365e+00
1.963025918310912221e+00,2.963025918310912221e+00
1.966405653476516191e+00,2.966405653476516413e+00
1.969785185140001671e+00,2.969785185140001893e+00
1.973164491000835685e+00,2.973164491000835685e+00
1.976543636588614428e+00,2.976543636588614206e+00
1.979922432099564533e+00,2.979922432099564311e+00
1.983301142133976569e+00,2.983301142133976569e+00
1.986679600854001970e+00,2.986679600854001748e+00
1.990057771785079810e+00,2.990057771785079588e+00
1.993435781862685552e+00,2.993435781862685552e+00
1.996813610748606749e+00,2.996813610748606749e+00
2.000191068404472805e+00,3.000191068404472805e+00
2.003568412201840676e+00,3.003568412201840676e+00
2.006945592990696081e+00,3.006945592990696081e+00
2.010322517692709976e+00,3.010322517692709976e+00
2.013699243943793959e+00,3.013699243943793959e+00
2.017075676179093335e+00,3.017075676179093335e+00
2.020451877379470407e+00,3.020451877379470407e+00
2.023827869846884564e+00,3.023827869846884564e+00
2.027203628496866195e+00,3.027203628496866195e+00
2.030579253953475494e+00,3.030579253953475494e+00
2.033954535454792989e+00,3.033954535454792989e+00
2.037329746159650234e+00,3.037329746159650234e+00
2.040704645637758663e+00,3.040704645637758663e+00
2.044079432400996321e+00,3.044079432400996321e+00
2.047453852308761757e+00,3.047453852308761757e+00
2.050828075061266187e+00,3.050828075061266187e+00
2.054202146317753996e+00,3.054202146317753996e+00
2.057575952922663820e+00,3.057575952922663820e+00
2.060949544189821570e+00,3.060949544189821570e+00
2.064322966520782288e+00,3.064322966520782288e+00
2.067696086942136802e+00,3.067696086942136802e+00
2.071069068751883346e+00,3.071069068751883346e+00
2.074441778954073445e+00,3.074441778954073445e+00
2.077814255297422807e+00,3.077814255297422807e+00
2.081186559698510852e+00,3.081186559698510852e+00
2.084558596724944479e+00,3.084558596724944479e+00
2.087930396950766987e+00,3.087930396950766987e+00
2.091301977009097701e+00,3.091301977009097701e+00
2.094673453547406528e+00,3.094673453547406528e+00
2.098044625958886744e+00,3.098044625958886744e+00
2.101415541048823776e+00,3.101415541048823776e+00
2.104786340839765568e+00,3.104786340839765568e+00
2.108156830929030612e+00,3.108156830929030612e+00
2.111527153825233594e+00,3.111527153825233594e+00
2.114897223917348246e+00,3.114897223917348246e+00
2.118267120758533739e+00,3.118267120758533739e+00
2.121636758310687654e+00,3.121636758310687654e+00
2.125006210984528909e+00,3.125006210984528909e+00
2.128375440315351863e+00,3.128375440315351863e+00
2.131744366010205116e+00,3.131744366010205116e+00
2.135113117422693385e+00,3.135113117422693385e+00
2.138481711248994888e+00,3.138481711248994888e+00
2.141849990439611329e+00,3.141849990439611329e+00
2.145218068906968423e+00,3.145218068906968423e+00
2.148585960409570728e+00,3.148585960409570728e+00
2.151953711330500507e+00,3.151953711330500507e+00
2.155321046426649456e+00,3.155321046426649456e+00
2.158688341369368047e+00,3.158688341369368047e+00
2.162055337043764069e+00,3.162055337043764069e+00
2.165422147269231434e+00,3.165422147269231434e+00
2.168788704115091281e+00,3.168788704115091281e+00
2.172155084523777813e+00,3.172155084523777813e+00
2.175521195365120786e+00,3.175521195365120786e+00
2.178887168059172819e+00,3.178887168059172819e+00
2.182252782015616788e+00,3.182252782015616788e+00
2.185618326383086618e+00,3.185618326383086618e+00
2.188983547887110248e+00,3.188983547887110248e+00
2.192348658061660682e+00,3.192348658061660682e+00
2.195713386783694876e+00,3.195713386783694876e+00
2.199078045236054102e+00,3.199078045236054102e+00
2.202442409319195438e+00,3.202442409319195438e+00
2.205806586932059332e+00,3.205806586932059332e+00
2.209170490356130667e+00,3.209170490356130667e+00
2.212534220075411895e+00,3.212534220075411895e+00
2.215897694184972622e+00,3.215897694184972622e+00
2.219261008735470053e+00,3.219261008735470053e+00
2.222624089527451829e+00,3.222624089527451829e+00
2.225986986802878320e+00,3.225986986802878320e+00
2.229349588675820559e+00,3.229349588675820559e+00
2.232712069604402494e+00,3.232712069604402494e+00
2.236074154805001601e+00,3.236074154805001601e+00
2.239436127240703289e+00,3.239436127240703289e+00
2.242797867770568665e+00,3.242797867770568665e+00
2.246159481722348694e+00,3.246159481722348694e+00
2.249520725646675157e+00,3.249520725646675157e+00
2.252881872822630527e+00,3.252881872822630527e+00
2.256242814219871384e+00,3.256242814219871384e+00
2.259603396175072554e+00,3.259603396175072554e+00
2.262963840163233264e+00,3.262963840163233264e+00
2.266324010456015170e+00,3.266324010456015170e+00
2.269684036879609845e+00,3.269684036879609845e+00
2.273043850983648362e+00,3.273043850983648362e+00
2.276403407687257907e+00,3.276403407687257907e+00
2.279762811501839792e+00,3.279762811501839792e+00
2.283121923027668032e+00,3.283121923027668032e+00
2.286480847779415626e+00,3.286480847779415626e+00
2.289839524352201394e+00,3.289839524352201394e+00
2.293197926155991162e+00,3.293197926155991162e+00
2.296556176043706099e+00,3.296556176043706099e+00
2.299914281496224344e+00,3.299914281496224344e+00
2.303272161340869317e+00,3.303272161340869317e+00
2.306629763411133016e+00,3.306629763411133016e+00
2.309987113798602998e+00,3.309987113798602998e+00
2.313344262699997600e+00,3.313344262699997600e+00
2.316701245380210938e+00,3.316701245380210938e+00
2.320057927276563792e+00,3.320057927276563792e+00
2.323414500001801386e+00,3.323414500001801386e+00
2.326770799750272900e+00,3.326770799750272900e+00
2.330126816291849146e+00,3.330126816291849146e+00
2.333482646996056342e+00,3.333482646996056342e+00
2.336838357694549284e+00,3.336838357694549284e+00
2.340193720728810156e+00,3.340193720728810156e+00
2.343548904196321558e+00,3.343548904196321558e+00
2.346903956092576848e+00,3.346903956092576848e+00
2.350258717277947440e+00,3.350258717277947440e+00
2.353613326891740964e+00,3.353613326891740964e+00
2.356967618545878995e+00,3.356967618545878995e+00
2.360321727500544142e+00,3.360321727500544142e+00
2.363675694063736454e+00,3.363675694063736454e+00
2.367029321302549061e+00,3.367029321302549061e+00
2.370382798225563192e+00,3.370382798225563192e+00
2.373735983739499122e+00,3.373735983739499122e+00
2.377088915124815127e+00,3.377088915124815127e+00
2.380441787294821143e+00,3.380441787294821143e+00
2.383794326497138627e+00,3.383794326497138627e+00
2.387146766377330032e+00,3.387146766377330032e+00
2.390498875241100940e+00,3.390498875241100940e+00
2.393850818153125726e+00,3.393850818153125726e+00
2.397202550461984494e+00,3.397202550461984494e+00
2.400554061376372061e+00,3.400554061376372061e+00
2.403905421586834290e+00,3.403905421586834290e+00
2.407256440906558215e+00,3.407256440906558215e+00
2.410607234720141712e+00,3.410607234720141712e+00
2.413957802170663580e+00,3.413957802170663580e+00
2.417308322183564506e+00,3.417308322183564506e+00
2.420658560428091022e+00,3.420658560428091022e+00
2.424008443976389593e+00,3.424008443976389593e+00
2.427358139814727256e+00,3.427358139814727256e+00
2.430707839595314113e+00,3.430707839595314113e+00
2.434057130450687723e+00,3.434057130450687723e+00
2.437406240355503684e+00,3.437406240355503684e+00
2.440755110830452157e+00,3.440755110830452157e+00
2.444103734424031504e+00,3.444103734424031504e+00
2.447452257879958459e+00,3.447452257879958459e+00
2.450800546822564652e+00,3.450800546822564652e+00
2.454148488854402288e+00,3.454148488854402288e+00
2.457496300644379073e+00,3.457496300644379073e+00
2.460843829007995698e+00,3.460843829007995698e+00
2.464191235011167880e+00,3.464191235011167880e+00
2.467538339359748978e+00,3.467538339359748978e+00
2.470885330611285013e+00,3.470885330611285013e+00
2.474231950724473439e+00,3.474231950724473439e+00
2.477578506988314277e+00,3.477578506988314277e+00
2.480924782342916579e+00,3.480924782342916579e+00
2.484270803791406745e+00,3.484270803791406745e+00
2.487616682759643094e+00,3.487616682759643094e+00
2.490962294702069535e+00,3.490962294702069535e+00
2.494307687323199740e+00,3.494307687323199740e+00
2.497652906425797514e+00,3.497652906425797514e+00
2.500997883227096708e+00,3.500997883227096708e+00
2.504342707912497801e+00,3.504342707912497801e+00
2.507687183036348966e+00,3.507687183036348966e+00
2.511031567733764458e+00,3.511031567733764458e+00
2.514375564484999437e+00,3.514375564484999437e+00
2.517719512834238671e+00,3.517719512834238671e+00
2.521063212514704777e+00,3.521063212514704777e+00
2.524406668927896558e+00,3.524406668927896558e+00
2.527749870704076418e+00,3.527749870704076418e+00
2.531092894264040272e+00,3.531092894264040272e+00
2.534435718808448534e+00,3.534435718808448534e+00
2.537778252930761980e+00,3.537778252930761980e+00
2.541120623179794702e+00,3.541120623179794702e+00
2.544462898939709117e+00,3.544462898939709117e+00
2.547804694146971194e+00,3.547804694146971194e+00
2.551146410543639220e+00,3.551146410543639220e+00
2.554488064578871231e+00,3.554488064578871231e+00
2.557829291742233835e+00,3.557829291742233835e+00
2.561170407808221139e+00,3.561170407808221139e+00
2.564511099619439793e+00,3.564511099619439793e+00
2.567851781140290779e+00,3.567851781140290779e+00
2.571192230754858699e+00,3.571192230754858699e+00
2.574532457492615833e+00,3.574532457492615833e+00
2.577872411544625209e+00,3.577872411544625209e+00
2.581212183634388424e+00,3.581212183634388424e+00
2.584551735089300806e+00,3.584551735089300806e+00
2.587891182587191530e+00,3.587891182587191530e+00
2.591230250569025451e+00,3.591230250569025451e+00
2.594569107772937144e+00,3.594569107772937144e+00
2.597907845528752979e+00,3.597907845528752979e+00
2.601246163870690076e+00,3.601246163870690076e+00
2.604584496734659194e+00,3.604584496734659194e+00
2.607922493140295117e+00,3.607922493140295117e+00
2.611260384828266279e+00,3.611260384828266279e+00
2.614598039748912583e+00,3.614598039748912583e+00
2.617935392633769620e+00,3.617935392633769620e+00
2.621272573198666578e+00,3.621272573198666578e+00
2.624609508731551077e+00,3.624609508731551077e+00
2.627946283854277532e+00,3.627946283854277532e+00
2.631282747796361843e+00,3.631282747796361843e+00
2.634619037598466385e+00,3.634619037598466385e+00
2.637955258729304919e+00,3.637955258729304919e+00
2.641291059022678134e+00,3.641291059022678134e+00
2.644626636271436126e+00,3.644626636271436126e+00
2.647962087492128802e+00,3.647962087492128802e+00
2.651297269749538721e+00,3.651297269749538721e+00
2.654632327061508423e+00,3.654632327061508423e+00
2.657967193473736334e+00,3.657967193473736334e+00
2.661301700554195904e+00,3.661301700554195904e+00
2.664636046340447262e+00,3.664636046340447262e+00
2.667970166299048262e+00,3.667970166299048262e+00
2.671304245108954589e+00,3.671304245108954589e+00
2.674637926078256900e+00,3.674637926078256900e+00
2.677971285122727085e+00,3.677971285122727085e+00
2.681304545320248423e+00,3.681304545320248423e+00
2.684637701099020113e+00,3.684637701099020113e+00
2.687970441967775681e+00,3.687970441967775681e+00
2.691303071696895532e+00,3.691303071696895532e+00
2.694635556626415962e+00,3.694635556626415962e+00
2.697967733222002007e+00,3.697967733222002007e+00
2.701299729599247801e+00,3.701299729599247801e+00
2.704631483558050942e+00,3.704631483558050942e+00
2.707963029575810143e+00,3.707963029575810143e+00
2.711294392650229756e+00,3.711294392650229756e+00
2.714625376482657781e+00,3.714625376482657781e+00
2.717956360710489516e+00,3.717956360710489516e+00
2.721287032891106072e+00,3.721287032891106072e+00
2.724617475673464462e+00,3.724617475673464462e+00
2.727947790709247311e+00,3.727947790709247311e+00
2.731277844952042511e+00,3.731277844952042511e+00
2.734607616219208115e+00,3.734607616219208115e+00
2.737937210547261468e+00,3.737937210547261468e+00
2.741266612015713644e+00,3.741266612015713644e+00
2.744595870121884218e+00,3.744595870121884218e+00
2.747924821970503029e+00,3.747924821970503029e+00
2.751253418658964112e+00,3.751253418658964112e+00
2.754582041888122390e+00,3.754582041888122390e+00
2.757910338208537926e+00,3.757910338208537926e+00
2.761238386632058450e+00,3.761238386632058450e+00
2.764566379461281365e+00,3.764566379461281365e+00
2.767894039659839933e+00,3.767894039659839933e+00
2.771221412216577029e+00,3.771221412216577029e+00
2.774548574249547261e+00,3.774548574249547261e+00
2.777875787189270529e+00,3.777875787189270529e+00
2.781202483134832093e+00,3.781202483134832093e+00
2.784529157103941444e+00,3.784529157103941444e+00
2.787855314741586987e+00,3.787855314741586987e+00
2.791181550857182891e+00,3.791181550857182891e+00
2.794507602388184964e+00,3.794507602388184964e+00
2.797833244767776950e+00,3.797833244767776950e+00
2.801158780323087516e+00,3.801158780323087516e+00
2.804484045124502778e+00,3.804484045124502778e+00
2.807809082626677277e+00,3.807809082626677277e+00
2.811134010163831132e+00,3.811134010163831132e+00
2.814458509921175633e+00,3.814458509921175633e+00
2.817782917219819439e+00,3.817782917219819439e+00
2.821107346238788338e+00,3.821107346238788338e+00
2.824431323177272635e+00,3.824431323177272635e+00
2.827755123515094837e+00,3.827755123515094837e+00
2.831078655588263437e+00,3.831078655588263437e+00
2.834401983044649853e+00,3.834401983044649853e+00
2.837725066774354765e+00,3.837725066774354765e+00
2.841048020579669764e+00,3.841048020579669764e+00
2.844370694909327035e+00,3.844370694909327035e+00
2.847693216972071895e+00,3.847693216972071895e+00
2.851015396599327012e+00,3.851015396599327012e+00
2.854337640581455560e+00,3.854337640581455560e+00
2.857659444233538792e+00,3.857659444233538792e+00
2.860981030285826510e+00,3.860981030285826510e+00
2.864302433749836396e+00,3.864302433749836396e+00
2.867623636950772159e+00,3.867623636950772159e+00
2.870944655861730865e+00,3.870944655861730865e+00
2.874265345177154707e+00,3.874265345177154707e+00
2.877586023145921157e+00,3.877586023145921157e+00
2.880906270400838132e+00,3.880906270400838132e+00
2.884226430151654696e+00,3.884226430151654696e+00
2.887546427426348483e+00,3.887546427426348483e+00
2.890866009357325517e+00,3.890866009357325517e+00
2.894185506131097707e+00,3.894185506131097707e+00
2.897504772177892374e+00,3.897504772177892374e+00
2.900823790508232136e+00,3.900823790508232136e+00
2.904142597580230856e+00,3.904142597580230856e+00
2.907461354997167291e+00,3.907461354997167291e+00
2.910779754328992830e+00,3.910779754328992830e+00
2.914097841699884395e+00,3.914097841699884395e+00
2.917415872938125432e+00,3.917415872938125432e+00
2.920733486381568600e+00,3.920733486381568600e+00
2.924051143760923566e+00,3.924051143760923566e+00
2.927368356643602620e+00,3.927368356643602620e+00
2.930685606787245767e+00,3.930685606787245767e+00
2.934002472948330720e+00,3.934002472948330720e+00
2.937319175033833663e+00,3.937319175033833663e+00
2.940635557298711511e+00,3.940635557298711511e+00
2.943951865237471655e+00,3.943951865237471655e+00
2.947268011737310456e+00,3.947268011737310456e+00
2.950583762523531828e+00,3.950583762523531828e+00
2.953899443434181649e+00,3.953899443434181649e+00
2.957214835095443917e+00,3.957214835095443917e+00
2.960530040239425453e+00,3.960530040239425453e+00
2.963844941396472699e+00,3.963844941396472699e+00
2.967159680739841932e+00,3.967159680739841932e+00
2.970474238222641450e+00,3.970474238222641450e+00
2.973788564044479443e+00,3.973788564044479443e+00
2.977102630528563498e+00,3.977102630528563498e+00
2.980416397831274988e+00,3.980416397831274988e+00
2.983730325282661688e+00,3.983730325282661688e+00
2.987043702915393339e+00,3.987043702915393339e+00
2.990357021138472682e+00,3.990357021138472682e+00
2.993669978433269208e+00,3.993669978433269208e+00
2.996982804610343276e+00,3.996982804610343276e+00
3.000295394109150138e+00,4.000295394109150138e+00
3.003607845774866725e+00,4.003607845774866725e+00
3.006920009371707447e+00,4.006920009371707891e+00
3.010231848242062469e+00,4.010231848242062469e+00
3.013543727925648064e+00,4.013543727925648064e+00
3.016855252220086658e+00,4.016855252220086214e+00
3.020166522191762404e+00,4.020166522191762404e+00
3.023477538084456739e+00,4.023477538084456739e+00
3.026788507386118710e+00,4.026788507386118710e+00
3.030099124472976690e+00,4.030099124472976690e+00
3.033409655277289563e+00,4.033409655277289119e+00
3.036719913746599886e+00,4.036719913746599886e+00
3.040029996163186254e+00,4.040029996163186254e+00
3.043339816273607834e+00,4.043339816273608278e+00
3.046649339623007879e+00,4.046649339623007435e+00
3.049958802529550983e+00,4.049958802529550539e+00
3.053267917696663503e+00,4.053267917696663503e+00
3.056576941439155259e+00,4.056576941439155704e+00
3.059885640105560078e+00,4.059885640105560078e+00
3.063194243781554249e+00,4.063194243781554249e+00
3.066502647667289860e+00,4.066502647667290304e+00
3.069810586158415511e+00,4.069810586158415511e+00
3.073118526497075731e+00,4.073118526497076175e+00
3.076426187122354161e+00,4.076426187122354605e+00
3.079733532511872873e+00,4.079733532511872873e+00
3.083040849159959240e+00,4.083040849159958796e+00
3.086347951387121480e+00,4.086347951387121924e+00
3.089654817862133029e+00,4.089654817862133029e+00
3.092961394789309093e+00,4.092961394789309537e+00
3.096267875768714539e+00,4.096267875768714539e+00
3.099574008154949212e+00,4.099574008154949212e+00
3.102879819459077648e+00,4.102879819459078092e+00
3.106185588936914765e+00,4.106185588936915210e+00
3.109491324789394717e+00,4.109491324789394717e+00
3.112796475473520452e+00,4.112796475473520452e+00
3.116101628965218584e+00,4.116101628965218140e+00
3.119406493199078145e+00,4.119406493199077701e+00
3.122711237081037705e+00,4.122711237081038149e+00
3.126015703894357678e+00,4.126015703894357678e+00
3.129319919179723186e+00,4.129319919179723186e+00
3.132623933316554421e+00,4.132623933316554421e+00
3.135927692792781940e+00,4.135927692792781940e+00
3.139231490518077816e+00,4.139231490518078260e+00
3.142534810661720357e+00,4.142534810661720357e+00
3.145837987169362027e+00,4.145837987169361583e+00
3.149140927564832104e+00,4.149140927564832104e+00
3.152443712893928662e+00,4.152443712893928662e+00
3.155746224455155957e+00,4.155746224455155513e+00
3.159048580610534174e+00,4.159048580610534174e+00
3.162350677498654505e+00,4.162350677498654505e+00
3.165652528274117028e+00,4.165652528274117472e+00
3.168954253946293598e+00,4.168954253946293598e+00
3.172255670804507321e+00,4.172255670804506877e+00
3.175557101873651256e+00,4.175557101873651256e+00
3.178858124039234845e+00,4.178858124039234845e+00
3.182159049850552979e+00,4.182159049850552535e+00
3.185459520044746196e+00,4.185459520044746640e+00
3.188760039377416700e+00,4.188760039377417144e+00
3.192060152247916616e+00,4.192060152247917060e+00
3.195360042449627791e+00,4.195360042449627791e+00
3.198659847052193417e+00,4.198659847052192973e+00
3.201959394317636765e+00,4.201959394317636765e+00
3.205258780065799673e+00,4.205258780065799229e+00
3.208557942171696986e+00,4.208557942171696986e+00
3.211856763977671392e+00,4.211856763977671392e+00
3.215155522678904809e+00,4.215155522678904809e+00
3.218454011327032127e+00,4.218454011327032127e+00
3.221752275289380574e+00,4.221752275289381018e+00
3.225050349500114599e+00,4.225050349500114599e+00
3.228348260056678409e+00,4.228348260056678853e+00
3.231645782012584345e+00,4.231645782012584789e+00
3.234943236704187708e+00,4.234943236704188152e+00
3.238240333704034857e+00,4.238240333704034413e+00
3.241537453149518466e+00,4.241537453149518910e+00
3.244834173059067073e+00,4.244834173059066629e+00
3.248130693296845006e+00,4.248130693296845450e+00
3.251427186889709997e+00,4.251427186889710441e+00
3.254723134899328407e+00,4.254723134899328407e+00
3.258019088241239203e+00,4.258019088241239203e+00
3.261315024368002025e+00,4.261315024368002469e+00
3.264610503084193649e+00,4.264610503084194093e+00
3.267905603649669644e+00,4.267905603649669644e+00
3.271200724221327683e+00,4.271200724221327683e+00
3.274495446223063322e+00,4.274495446223063766e+00
3.277790119401094326e+00,4.277790119401094771e+00
3.281084835574819003e+00,4.281084835574819003e+00
3.284378930026994325e+00,4.284378930026994325e+00
3.287672965030312255e+00,4.287672965030312255e+00
3.290966615337766576e+00,4.290966615337766576e+00
3.294260335234316717e+00,4.294260335234316273e+00
3.297553533563536643e+00,4.297553533563537087e+00
3.300846781612303271e+00,4.300846781612303715e+00
3.304139625821744364e+00,4.304139625821743920e+00
3.307432393941323046e+00,4.307432393941322601e+00
3.310725024302771047e+00,4.310725024302771047e+00
3.314017214254035171e+00,4.314017214254034727e+00
3.317309188174059731e+00,4.317309188174059287e+00
3.320601415981821791e+00,4.320601415981821347e+00
3.323893001527521207e+00,4.323893001527521207e+00
3.327184333547970940e+00,4.327184333547970496e+00
3.330475483003497050e+00,4.330475483003496606e+00
3.333766590754278170e+00,4.333766590754278170e+00
3.337057514257407487e+00,4.337057514257407931e+00
3.340347994039360557e+00,4.340347994039360557e+00
3.343638460405679691e+00,4.343638460405680135e+00
3.346928463502702122e+00,4.346928463502702122e+00
3.350218460876390303e+00,4.350218460876390303e+00
3.353508143534183805e+00,4.353508143534183361e+00
3.356797750700598382e+00,4.356797750700598826e+00
3.360087036511658187e+00,4.360087036511657743e+00
3.363376198853831323e+00,4.363376198853831767e+00
3.366665019369726952e+00,4.366665019369726508e+00
3.369953800865865823e+00,4.369953800865865823e+00
3.373242245438334841e+00,4.373242245438334841e+00
3.376530557115269282e+00,4.376530557115269282e+00
3.379818571289296969e+00,4.379818571289296969e+00
3.383106307520729050e+00,4.383106307520728606e+00
3.386394060082448032e+00,4.386394060082448476e+00
3.389681506471112105e+00,4.389681506471111661e+00
3.392968575184701852e+00,4.392968575184701407e+00
3.396255547731222180e+00,4.396255547731222180e+00
3.399542261916029151e+00,4.399542261916028707e+00
3.402828883345769384e+00,4.402828883345769384e+00
3.406115318701969485e+00,4.406115318701969485e+00
3.409401392985397905e+00,4.409401392985397905e+00
3.412687247375997934e+00,4.412687247375997934e+00
3.415973070590512251e+00,4.415973070590512251e+00
3.419258552259867301e+00,4.419258552259867301e+00
3.422543638433764634e+00,4.422543638433764634e+00
3.425828857378258707e+00,4.425828857378258263e+00
3.429113631122197248e+00,4.429113631122197248e+00
3.432398203663698411e+00,4.432398203663698411e+00
3.435682761810417318e+00,4.435682761810417318e+00
3.438967037693514417e+00,4.438967037693513973e+00
3.442251073850564946e+00,4.442251073850565390e+00
3.445534781189967699e+00,4.445534781189968143e+00
3.448818082970719789e+00,4.448818082970719345e+00
3.452101771367372063e+00,4.452101771367372507e+00
3.455384916976991683e+00,4.455384916976991683e+00
3.458667737005156173e+00,4.458667737005155729e+00
3.461950599169757226e+00,4.461950599169757226e+00
3.465233098560081437e+00,4.465233098560081437e+00
3.468515281127946714e+00,4.468515281127946714e+00
3.471797580156866125e+00,4.471797580156866125e+00
3.475079330407770062e+00,4.475079330407769618e+00
3.478360934275976923e+00,4.478360934275976923e+00
3.481642387854949394e+00,4.481642387854948950e+00
3.484923612048651975e+00,4.484923612048651975e+00
3.488204744586148376e+00,4.488204744586148820e+00
3.491485651062001150e+00,4.491485651062001594e+00
3.494766038721038193e+00,4.494766038721038193e+00
3.498046547135700290e+00,4.498046547135700735e+00
3.501326708272132660e+00,4.501326708272133104e+00
3.504606749232828555e+00,4.504606749232828555e+00
3.507886483161337221e+00,4.507886483161337665e+00
3.511166034027624061e+00,4.511166034027624505e+00
3.514445313222777756e+00,4.514445313222777756e+00
3.517724560167093451e+00,4.517724560167093451e+00
3.521003354866378832e+00,4.521003354866378388e+00
3.524282125190078219e+00,4.524282125190078219e+00
3.527560498690417212e+00,4.527560498690417212e+00
3.530838874130662219e+00,4.530838874130662219e+00
3.534116951382675786e+00,4.534116951382675786e+00
3.537394612635732294e+00,4.537394612635732294e+00
3.540672535281679245e+00,4.540672535281679245e+00
3.543949856212494698e+00,4.543949856212494254e+00
3.547226935200662901e+00,4.547226935200662901e+00
3.550504099284929715e+00,4.550504099284929715e+00
3.553780709139651162e+00,4.553780709139651606e+00
3.557057245511319632e+00,4.557057245511320076e+00
3.560333748183868163e+00,4.560333748183868607e+00
3.563609829774478488e+00,4.563609829774478044e+00
3.566886024196094240e+00,4.566886024196094240e+00
3.570161574946677518e+00,4.570161574946677518e+00
3.573437013964228637e+00,4.573437013964229081e+00
3.576712321071241707e+00,4.576712321071241263e+00
3.579987497632963755e+00,4.579987497632963311e+00
3.583262520825972519e+00,4.583262520825972075e+00
3.586536994633521047e+00,4.586536994633521047e+00
3.589811413004349028e+00,4.589811413004349028e+00
3.593085873037756617e+00,4.593085873037756173e+00
3.596359883575773964e+00,4.596359883575773964e+00
3.599633383196198633e+00,4.599633383196199077e+00
3.602907276108547663e+00,4.602907276108547663e+00
3.606180630689406197e+00,4.606180630689406641e+00
3.609453709776726527e+00,4.609453709776726527e+00
3.612726889569624955e+00,4.612726889569625399e+00
3.615999501761604673e+00,4.615999501761605117e+00
3.619272053634684294e+00,4.619272053634684738e+00
3.622544664647529888e+00,4.622544664647529444e+00
3.625816557767591153e+00,4.625816557767590709e+00
3.629088426103632248e+00,4.629088426103631804e+00
3.632360198240463856e+00,4.632360198240464300e+00
3.635631619050449626e+00,4.635631619050450070e+00
3.638903077307213962e+00,4.638903077307213962e+00
3.642174054464183630e+00,4.642174054464183186e+00
3.645444963123766868e+00,4.645444963123766868e+00
3.648715521772370352e+00,4.648715521772370352e+00
3.651985976559827041e+00,4.651985976559826597e+00
3.655256136069199968e+00,4.655256136069199968e+00
3.658526318469178751e+00,4.658526318469178307e+00
3.661796076257262555e+00,4.661796076257262555e+00
3.665065648991294722e+00,4.665065648991294722e+00
3.668334896120096111e+00,4.668334896120096111e+00
3.671604200578050481e+00,4.671604200578050481e+00
3.674873295702150600e+00,4.674873295702150600e+00
3.678141996146474746e+00,4.678141996146474746e+00
3.681410412079002104e+00,4.681410412079001659e+00
3.684678859467820811e+00,4.684678859467821255e+00
3.687946902507866387e+00,4.687946902507865943e+00
3.691214740547553053e+00,4.691214740547552609e+00
3.694482445053286934e+00,4.694482445053287378e+00
3.697749882653195375e+00,4.697749882653194931e+00
3.701017138308821952e+00,4.701017138308822396e+00
3.704284281239261123e+00,4.704284281239260679e+00
3.707550998330517267e+00,4.707550998330517267e+00
3.710817687223731731e+00,4.710817687223731731e+00
3.714084122084976958e+00,4.714084122084976514e+00
3.717350243222188322e+00,4.717350243222188766e+00
3.720616364809818055e+00,4.720616364809817611e+00
3.723882190348178689e+00,4.723882190348178689e+00
3.727147565576561128e+00,4.727147565576561128e+00
3.730412828890323773e+00,4.730412828890323773e+00
3.733678275339780583e+00,4.733678275339780583e+00
3.736943183070456254e+00,4.736943183070456698e+00
3.740207850323479466e+00,4.740207850323479022e+00
3.743472454609412470e+00,4.743472454609412026e+00
3.746736658710344781e+00,4.746736658710345225e+00
3.750000852193668965e+00,4.750000852193668521e+00
3.753264767397748169e+00,4.753264767397748614e+00
3.756528317929023419e+00,4.756528317929022975e+00
3.759791799250955524e+00,4.759791799250955080e+00
3.763055253490682706e+00,4.763055253490682261e+00
3.766318021121998427e+00,4.766318021121998427e+00
3.769581021191671155e+00,4.769581021191671155e+00
3.772843635543241980e+00,4.772843635543241980e+00
3.776105912551289912e+00,4.776105912551289912e+00
3.779368263399471850e+00,4.779368263399471850e+00
3.782630143459344563e+00,4.782630143459345007e+00
3.785891961077370471e+00,4.785891961077370027e+00
3.789153446191513730e+00,4.789153446191513730e+00
3.792414701825302714e+00,4.792414701825302714e+00
3.795675969615643019e+00,4.795675969615643019e+00
3.798936951338506507e+00,4.798936951338506063e+00
3.802197404809472658e+00,4.802197404809472658e+00
3.805458290516335662e+00,4.805458290516336106e+00
3.808718426065740292e+00,4.808718426065739848e+00
3.811978622631464919e+00,4.811978622631464475e+00
3.815238331797703886e+00,4.815238331797703886e+00
3.818498109302384869e+00,4.818498109302384869e+00
3.821757387875076795e+00,4.821757387875076795e+00
3.825016745706637078e+00,4.825016745706637522e+00
3.828275754956185217e+00,4.828275754956185217e+00
3.831534708002447331e+00,4.831534708002447331e+00
3.834793116310041050e+00,4.834793116310041050e+00
3.838051644580433575e+00,4.838051644580433575e+00
3.841309913969206402e+00,4.841309913969206846e+00
3.844567847926517512e+00,4.844567847926517956e+00
3.847825518963811753e+00,4.847825518963811753e+00
3.851083086173488823e+00,4.851083086173488823e+00
3.854340490595831170e+00,4.854340490595831170e+00
3.857597500578872296e+00,4.857597500578872740e+00
3.860854672505535046e+00,4.860854672505535490e+00
3.864111015464469556e+00,4.864111015464470000e+00
3.867367741792058666e+00,4.867367741792058666e+00
3.870624221467017456e+00,4.870624221467017456e+00
3.873880009416672099e+00,4.873880009416671655e+00
