5.948973033061306925e-04
5.968323927321748457e-04
5.985431825139952283e-04
6.000208900329398638e-04
6.012591697899203344e-04
6.022488833601803574e-04
6.029859367291587596e-04
6.034665127739054615e-04
6.036878771128346153e-04
6.036488773279018736e-04
6.033497912181586854e-04
6.027911058892580646e-04
6.019783856489435269e-04
6.009148837999272585e-04
5.996063660599645993e-04
5.980598309309371899e-04
5.962834069749242162e-04
5.942862845390114611e-04
5.920788103360509784e-04
5.896714379700692277e-04
5.870768080490894065e-04
5.843034976662022945e-04
5.813674534224492780e-04
5.782802532762783406e-04
5.750547779651450772e-04
5.717038680909762843e-04
5.682406028971447726e-04
5.646775906909823209e-04
5.610272783656179577e-04
5.573018622375866234e-04
5.535131489411513478e-04
5.496727774948625099e-04
5.457917346166820532e-04
5.418800979479407830e-04
5.379476624250539287e-04
5.340038782052181987e-04
5.300575128693458529e-04
5.261167810625358042e-04
5.221890353902026473e-04
5.182816561665851444e-04
5.144012285207618263e-04
5.105546766310509708e-04
5.067454382022160099e-04
5.029795990875286869e-04
4.992615064710375023e-04
4.955954587809030662e-04
4.919858283903509035e-04
4.884356768445417395e-04
4.849478445359092543e-04
4.815248909342601164e-04
4.781690976645320830e-04
4.748824186583403472e-04
4.716665303768963527e-04
4.685229430913434340e-04
4.654528382468079459e-04
4.624572521752934990e-04
4.595370262659698559e-04
4.566931487171905124e-04
4.539262483488993379e-04
4.512361366662262833e-04
4.486231116630061432e-04
4.460875151730902361e-04
4.436294910318649802e-04
4.412490675604283921e-04
4.389461879582322659e-04
4.367206934871860585e-04
4.345723590560153743e-04
4.325009741307051328e-04
4.305062184191672889e-04
4.285877941771450215e-04
4.267450510215371143e-04
4.249776164077068261e-04
4.232855819368656360e-04
4.216679424020287827e-04
4.201243133473342092e-04
4.186543034147573693e-04
4.172574966137750389e-04
4.159334697432806268e-04
4.146818002047667840e-04
4.135020711450282361e-04
4.123938445705992140e-04
4.113567251140751581e-04
4.103903654991825209e-04
4.094941907464349161e-04
4.086674788262161808e-04
4.079105025132593459e-04
4.072226464715563527e-04
4.066034842522491498e-04
4.060527044821557246e-04
4.055700050998308306e-04
4.051550992040657854e-04
4.048077164970201639e-04
4.045276040203749069e-04
4.043145266781204058e-04
4.041682678463399394e-04
4.040886282917360590e-04
4.040754151264378327e-04
4.041283632464797338e-04
4.042473444075859947e-04
4.044322273030873018e-04
