-6.055026480417307511e+00,-5.962013029442992718e+00
-6.054515853608513964e+00,-5.962029604999203869e+00
-6.055270285113193651e+00,-5.962051714613647135e+00
-6.055048301389369669e+00,-5.960845971451309566e+00
-6.055258554061087040e+00,-5.962059766829771235e+00
-6.054932778016472561e+00,-5.961694087639432205e+00
-6.054967718739710847e+00,-5.961985220670300123e+00
-6.054953621612061632e+00,-5.961913492660873004e+00
-6.059657639192983503e+00,-5.962041293822918142e+00
-6.055080621996075330e+00,-5.962391297258516687e+00
-6.055064198002291675e+00,-5.961655152853392536e+00
-6.055060086459741697e+00,-5.962282329902407696e+00
-6.054934729748953970e+00,-5.961809358620523192e+00
-6.055302062266885166e+00,-5.961254946224901374e+00
-6.055055171594811547e+00,-5.962018565558522276e+00
-6.055198096339852398e+00,-5.962295970285687474e+00
-6.055187388375099289e+00,-5.963167349188264410e+00
-6.055171703587611809e+00,-5.961641056501910896e+00
-6.054986845964941189e+00,-5.961803678925996053e+00
-6.055020242012293608e+00,-5.962204645625179822e+00
-6.055013999521254853e+00,-5.961737970379212825e+00
-6.055182497525143148e+00,-5.965465719114274812e+00
-6.054953887980000893e+00,-5.961362881507862532e+00
-6.055006091146390546e+00,-5.961549505633016999e+00
-6.055129901105725132e+00,-5.961527386254616978e+00
-6.055103281139923688e+00,-5.962371318824430055e+00
-6.055159891823890916e+00,-5.961947841117181568e+00
-6.054844875027496798e+00,-5.962135170110374638e+00
-6.054972516431298857e+00,-5.962208576935221771e+00
-6.055197948727990109e+00,-5.961498591745456821e+00
-6.056361757285224634e+00,-5.961875717139225372e+00
-6.055036748282437209e+00,-5.961843630891508816e+00
-6.054923528513258546e+00,-5.961848320700824821e+00
-6.055132402103332367e+00,-5.962029198392617246e+00
-6.055281533652143722e+00,-5.961946464557286163e+00
-6.054968533094816863e+00,-5.962327812791812676e+00
-6.054998735186044811e+00,-5.961783963034996248e+00
-6.054874238980493928e+00,-5.962886487500782984e+00
-6.054164494123035922e+00,-5.968242881373093667e+00
-6.055106169901291580e+00,-5.961969709591542710e+00
-6.055160863065906618e+00,-5.961835842560589960e+00
-6.055151307866233346e+00,-5.768602980023243454e+00
-6.055024622744003437e+00,-5.959316560080763381e+00
-6.055211899002697074e+00,-5.962156337929820360e+00
-6.054915395986489202e+00,-5.966717434905476125e+00
-6.055173189381059196e+00,-5.961776070493161939e+00
-6.055117348517302212e+00,-5.962591383354791219e+00
-6.055094986970783744e+00,-5.961661274277203937e+00
-6.054886046436369185e+00,-5.962039880212532950e+00
-6.055209011403331232e+00,-5.956408459611150619e+00
-6.055369417941122379e+00,-5.961849991683981109e+00
-6.054695318413642724e+00,-5.961802234352053809e+00
-6.055083171314950441e+00,-5.961798832704158890e+00
-6.055131346312793816e+00,-5.960616679364552084e+00
-6.054726678157035025e+00,-5.961858821348976711e+00
-6.055276221007146020e+00,-5.960780727239094468e+00
-6.054969611470303548e+00,-5.961833530641373891e+00
-6.054933505645902159e+00,-5.960409971499377235e+00
-6.055061638655927503e+00,-5.961969897791943751e+00
-6.055267357441453058e+00,-5.961654474234745038e+00
-6.055085880585653335e+00,-5.957657483244236829e+00
-6.055070468076992896e+00,-5.961751904562769155e+00
-6.056446693141301907e+00,-5.961598752314103855e+00
-6.055264213940027673e+00,-5.961205968555443491e+00
-6.052918299593017970e+00,-5.961488284504772750e+00
-6.055094339771601497e+00,-5.961232447852048644e+00
-6.055109653741901354e+00,-5.963664241454599946e+00
-6.054702678984728692e+00,-5.962368669199028304e+00
-6.054999386632445635e+00,-5.962938938401214806e+00
-6.055041934542913395e+00,-5.962095986917781865e+00
-6.055115684005894394e+00,-5.961238207276842616e+00
-6.054893937570963836e+00,-5.962408270075304273e+00
-6.054979664866866784e+00,-5.961558265284637059e+00
-6.055206480088314969e+00,-5.962065687996157770e+00
-6.055038490032739418e+00,-5.961769974773802439e+00
-6.054997928348825553e+00,-5.962070007182535214e+00
-6.055086184401109684e+00,-5.961335703197097047e+00
-6.055544956190665573e+00,-5.962239349726384141e+00
-6.055152275505633952e+00,-5.961422209114850546e+00
-6.055095393355845346e+00,-5.961975792836291532e+00
-6.057372279443232976e+00,-5.961999812202915194e+00
-6.055019184926663911e+00,-5.962891374397034205e+00
-6.054980883576689621e+00,-5.962627875151314427e+00
-6.055180365693082045e+00,-5.961772182156326316e+00
-6.055847678103936538e+00,-5.960685820979510829e+00
-6.055543804566018373e+00,-5.961783445045900187e+00
-6.049448876608802372e+00,-5.961887347035194296e+00
-6.055028527438705233e+00,-5.962224214868751204e+00
-6.056202123815996430e+00,-5.961732261053299453e+00
-6.055125607300515078e+00,-5.962556575593914943e+00
-6.055146335622048070e+00,-5.962015232078877069e+00
-6.055132369436056372e+00,-5.962272043446844805e+00
-6.055081604331167711e+00,-5.961997823670772689e+00
-6.055330260827819444e+00,-5.964772038672795595e+00
-6.055187087319419348e+00,-5.961760167642961683e+00
-6.055149073802648552e+00,-5.962016229630780373e+00
-6.055033546794255983e+00,-5.959068576502384751e+00
-6.055060298574526989e+00,-5.962002555033227402e+00
-6.056176659037206811e+00,-5.962003332700253289e+00
-6.055250931309274165e+00,-5.962013272814190579e+00
-6.054985341134631049e+00,-5.962130657198974504e+00
-6.054997966068100368e+00,-5.962076488801674401e+00
-6.055147191857860989e+00,-5.961499454214494342e+00
-6.054812774415175625e+00,-5.961328321758695203e+00
-6.055086729810793322e+00,-5.961925442431454059e+00
-6.055007537704133469e+00,-5.961453801047232659e+00
-6.055031097840100074e+00,-5.962179759455355388e+00
-6.055337877675961877e+00,-5.961889479296431205e+00
-6.054938383489795406e+00,-5.962379647681441242e+00
-6.054030620596922319e+00,-5.962093358479111593e+00
-6.053117810646146957e+00,-5.961795069735735808e+00
-6.053741854796235167e+00,-5.961824586870258180e+00
-6.055074933694070793e+00,-5.961588346874993505e+00
-6.055279479807353482e+00,-5.961990402569632863e+00
-6.054987748384087709e+00,-5.961949658125482721e+00
-6.055156059182579931e+00,-5.961659794218602926e+00
-6.054997497990200372e+00,-5.961561929926187275e+00
-6.054891761394268102e+00,-5.961754540734208518e+00
-6.054667821137865502e+00,-5.961409074817275666e+00
-6.055197718923223782e+00,-5.962063352928568705e+00
-6.055018406456937896e+00,-5.961624752014737183e+00
-6.055064347164325511e+00,-5.962062050857522166e+00
-6.055086812797680906e+00,-5.961803802774052308e+00
-6.055295206355896021e+00,-5.962190311765900752e+00
-6.055206087337808185e+00,-5.962935207576033569e+00
-6.054816857835491284e+00,-5.962682216932257084e+00
-6.054917306996684623e+00,-5.962184937626091141e+00
-6.055161410028645719e+00,-5.961375341437857855e+00
-6.054786374683105876e+00,-5.960674275167673564e+00
-6.055253067633490360e+00,-5.965657176005855433e+00
-6.054429882647310635e+00,-5.961931433426929772e+00
-6.055040300938497211e+00,-5.961895683276358326e+00
-6.054955893454476268e+00,-5.961905759003541583e+00
-6.054613594120739073e+00,-5.959948518711962961e+00
-6.055283272349051948e+00,-5.961695535027100590e+00
-6.054731638134132510e+00,-5.962183380346487205e+00
-6.055150729418812716e+00,-5.961715780181362945e+00
-6.054857555671510738e+00,-5.961731668437746379e+00
-6.055003470586566294e+00,-5.960451563222348703e+00
-6.055061638320012207e+00,-5.961858302916356322e+00
-6.055323933324184615e+00,-5.962667552274950822e+00
-6.055121950128556918e+00,-5.960684571541852605e+00
-6.055271971508625839e+00,-5.963588956631860505e+00
-6.055075882716275615e+00,-5.961744355216951341e+00
-6.055105687848834073e+00,-5.962214765897384083e+00
-6.054985273638665788e+00,-5.961111250352189472e+00
-6.054952376829529470e+00,-5.961186614126334327e+00
-6.055156503720954042e+00,-5.962228369075219803e+00
-6.055181823770843685e+00,-5.962603383436572813e+00
-6.055899490368624960e+00,-5.961870027165042885e+00
-6.054932997755837931e+00,-5.960492460455125929e+00
-6.055301654684973833e+00,-5.961685089850701225e+00
-6.054843824269628527e+00,-5.963211599096036153e+00
-6.055258503724023633e+00,-5.962542831466397075e+00
-6.055530972770952758e+00,-5.961673322889490478e+00
-6.054467541229286986e+00,-5.961684195204391301e+00
-6.055252016556866401e+00,-5.961425820170672907e+00
-6.055278772741209181e+00,-5.961889864041604703e+00
-6.055005497132317061e+00,-5.961336619402832326e+00
-6.054729276342261102e+00,-5.961838463810991584e+00
-6.054991694587463336e+00,-5.961696953936176158e+00
-6.055151823327734384e+00,-5.962864214415953157e+00
-6.055294388480638723e+00,-5.963519398135123772e+00
-6.054420554847957270e+00,-5.961905643541045130e+00
-6.054966620376823982e+00,-5.961824507966976050e+00
-6.054968498810509914e+00,-5.961355985883193931e+00
-6.055146635178997094e+00,-5.961745453500915559e+00
-6.056450804771073670e+00,-5.962606417718179230e+00
-6.055137897851598616e+00,-5.962208767111405905e+00
-6.055105248107804705e+00,-5.961811523191538953e+00
-6.055046689084133682e+00,-5.961658140419794805e+00
-6.054405505440200841e+00,-5.960691405953608246e+00
-6.055009789396254227e+00,-5.962169257399125399e+00
-6.054947300944925281e+00,-5.962453233082310788e+00
-6.055123168427294367e+00,-5.962587528036220164e+00
-6.054922127189584558e+00,-5.962010162202356689e+00
-6.055182048431127839e+00,-5.962142927688024230e+00
-6.054864595687780238e+00,-5.961937246980935079e+00
-6.054419600762791731e+00,-5.961199110862825279e+00
-6.056433523143584630e+00,-5.952810225937985145e+00
-6.054850913315155125e+00,-5.961914423664614660e+00
-6.055202044306199127e+00,-5.962075425992284572e+00
-6.055070952380437355e+00,-5.961646440635622213e+00
-6.055064983457337568e+00,-5.961592181875833951e+00
-6.055145145015760733e+00,-5.961607340675223909e+00
-6.054654043721346746e+00,-5.961453211658926499e+00
-6.056472605862882830e+00,-5.961540999471628410e+00
-6.055154482011111838e+00,-5.962267360842727904e+00
-6.055102627793212733e+00,-5.961932807937163403e+00
-6.055019609152810567e+00,-5.961673451755732600e+00
-6.055116988524924082e+00,-5.961986478986101901e+00
-6.055025385684242423e+00,-5.960473094647347203e+00
-6.073742549442293637e+00,-5.963315659226594789e+00
-6.055223803730077847e+00,-5.961624684536097618e+00
-6.055148515514913399e+00,-5.962488550215801375e+00
-6.055120328558516896e+00,-5.961861158068796129e+00
-6.055038098331493757e+00,-5.963740025840089665e+00
-6.055101097307032276e+00,-5.961667989649335198e+00
-6.054666252492395984e+00,-5.962253888000081936e+00
-6.055160127429516592e+00,-5.962195435755387685e+00
-6.054943247773587167e+00,-5.963236255974007527e+00
-6.054936494299987260e+00,-5.961931866060876217e+00
-6.055176334319822828e+00,-5.944061900509140628e+00
-6.055576441763198758e+00,-5.961969794977054704e+00
-6.055059359360494220e+00,-5.961657929880935569e+00
-6.054311525273229577e+00,-5.961972991994437088e+00
-6.055121141742508151e+00,-5.962005168169238090e+00
-6.055477326543034167e+00,-5.973771951924437218e+00
-6.055044118410075171e+00,-5.961522662065375400e+00
-6.054983284333207649e+00,-5.961473920977708119e+00
-6.054716840569021485e+00,-5.961046285891113072e+00
-6.054353620762669586e+00,-5.962174369932442097e+00
-6.055164993624359226e+00,-5.961968002653110332e+00
-6.056096629555532296e+00,-5.962085507907168846e+00
-6.054988387254515381e+00,-5.961949575759014408e+00
-6.055183269251135592e+00,-5.961871710653809942e+00
-6.055291339873338785e+00,-5.960886959233279825e+00
-6.055021345831422153e+00,-5.961620419656854963e+00
-6.055013370745214729e+00,-5.962370856716536771e+00
-6.055326683765603235e+00,-5.961562484106240234e+00
-6.054973403540049759e+00,-5.962153243075697162e+00
-6.052484312164612135e+00,-5.962305946106286392e+00
-6.054896642069069301e+00,-5.962098762667262797e+00
-6.055233074329886556e+00,-5.961944917006638534e+00
-6.055452563049732895e+00,-5.961675698226570397e+00
-6.055098512687823842e+00,-5.960704696032113503e+00
-6.055248281964144219e+00,-5.961739512413092967e+00
-6.054938574498696546e+00,-5.970225879879019537e+00
-6.054940889561658324e+00,-5.962277468866375330e+00
-6.055420861361691109e+00,-5.961748668547443231e+00
-6.054397441918380807e+00,-5.961940035909765179e+00
-6.055111847246953616e+00,-5.961695490395626962e+00
-6.055128380090396334e+00,-5.962065116336498605e+00
-6.055052601054811134e+00,-5.960463464718622539e+00
-6.054965769978558399e+00,-5.961354130954178210e+00
-6.055057914838748445e+00,-5.960983198162395524e+00
-6.055167452568247732e+00,-5.961736983658290079e+00
-6.055132865913211759e+00,-5.961956692572464078e+00
-6.055154346784186181e+00,-5.962084989731831541e+00
-6.055211659686577264e+00,-5.953778960620372374e+00
-6.056584658925876496e+00,-5.962138287161063310e+00
-6.055688632316328146e+00,-5.962026587242164055e+00
-6.055005508226972921e+00,-5.962096063517915212e+00
-6.055137639263619143e+00,-5.963094449287787313e+00
-6.054972039540368556e+00,-5.961670939117033718e+00
-6.056891609826827505e+00,-5.961942366838717255e+00
-6.055032548638359380e+00,-5.961865885297013889e+00
-6.055283049883239954e+00,-5.962145778220672376e+00
-6.055314494332529662e+00,-5.965387364962780659e+00
-6.055266824543964255e+00,-5.960895310791472390e+00
-6.055260034938448221e+00,-5.961956007206673291e+00
-6.054925060314467977e+00,-5.961803766641906144e+00
-6.054836978167652539e+00,-5.961040080951167219e+00
-6.055119950090105618e+00,-5.961944270145330904e+00
-6.054984091562852555e+00,-5.961946771501519748e+00
-6.052351172726876172e+00,-5.963904552689984762e+00
-6.055176768212088945e+00,-5.961985463210564440e+00
-6.054088728050672330e+00,-5.962720235105015476e+00
-6.055126814002383284e+00,-5.960901758807701789e+00
-6.054990194680176074e+00,-5.962257551083801843e+00
-6.055175121016472595e+00,-5.962174073822588127e+00
-6.055226525560637008e+00,-5.963378295759589776e+00
-6.054995064230460855e+00,-5.961392720580406923e+00
-6.054816760485371319e+00,-5.961796303393654739e+00
-6.055132601509560786e+00,-5.961803471395913157e+00
-6.054951348954642043e+00,-5.961177844005301374e+00
-6.054829799812193158e+00,-5.961821572428109839e+00
-6.055605710157518473e+00,-5.961977529639376883e+00
-6.054801208970124193e+00,-5.925625758193429959e+00
-6.054907678001981708e+00,-5.962500067180278585e+00
-6.054788658644407739e+00,-5.960689588633313996e+00
-6.055262487480338685e+00,-5.961848923147386792e+00
-6.055027503163521452e+00,-5.961845656563887097e+00
-6.055011762561266941e+00,-5.960415285537944641e+00
-6.055013999826868165e+00,-5.962509956292368685e+00
-6.055136677096918163e+00,-5.961881264421262649e+00
-6.055170968856835145e+00,-5.963355922696353950e+00
-6.054849305778116531e+00,-5.961942791624211146e+00
-6.055142053479208641e+00,-5.964474132187145727e+00
-6.054992312557536671e+00,-5.962056286843397501e+00
-6.054975994288158248e+00,-5.960791299961234024e+00
-6.055148227733393895e+00,-5.961596884664454699e+00
-6.055023737382835058e+00,-5.962625475001643416e+00
-6.055099516804696158e+00,-5.961888085126825665e+00
-6.054950468905090588e+00,-5.962078118750945954e+00
-6.055025223135107382e+00,-5.961814563296909952e+00
-6.054970824205624602e+00,-5.962193927767867052e+00
-6.054954249121221821e+00,-5.958432170949890860e+00
-6.054803424738454787e+00,-5.962132833750897198e+00
-6.055039284265898658e+00,-5.962229735922251805e+00
-6.055625299935670114e+00,-5.962105520551098436e+00
-6.055023207874708824e+00,-5.963722332209727028e+00
-6.055023082866004103e+00,-5.961957078283077749e+00
-6.055200747012771778e+00,-5.962003939106002903e+00
-6.054936192911207549e+00,-5.962341655016344610e+00
-6.055191795862505444e+00,-5.962232081841275289e+00
-6.055175619641536500e+00,-5.961250715379021514e+00
-6.054847090952912403e+00,-5.960987931879833113e+00
-6.055210114222073337e+00,-5.962316010809858291e+00
-6.055225860933532545e+00,-5.961875760097800736e+00
-6.055047945139391707e+00,-5.961687303531362225e+00
-6.053758193181700165e+00,-5.961954670315407157e+00
-6.055568993775874986e+00,-5.961879154566315009e+00
-6.054998455780811639e+00,-5.961960318307159667e+00
-6.055010402904565936e+00,-5.962100597271307478e+00
-6.054986027950302940e+00,-5.961748813494168076e+00
-6.054534858279725817e+00,-5.961953316865823638e+00
-6.054962789898842068e+00,-5.962198644867625852e+00
-6.055198806156447233e+00,-5.963677724056846152e+00
-6.055002889474742744e+00,-5.961765787784270465e+00
-6.055110443558789690e+00,-5.961770819849661507e+00
-6.054030240704107335e+00,-5.964513967730662891e+00
-6.055912167078921549e+00,-5.960188161665202600e+00
-6.055018444589198801e+00,-5.961375105460938073e+00
-6.056882422205388750e+00,-5.962072390429081103e+00
-6.055143706218916400e+00,-5.961680080289185391e+00
-6.055132933183575261e+00,-5.961868861049178570e+00
-6.055273096709518299e+00,-5.975442138170823370e+00
-6.055017012512087682e+00,-5.962411041447094995e+00
-6.054943137501488160e+00,-5.961660123448325521e+00
-6.056008980927927610e+00,-5.961083258139956875e+00
-6.055305771131216375e+00,-5.962236073529894931e+00
-6.055001498570537599e+00,-5.961790339345335532e+00
-6.055086767457136254e+00,-5.961455542513100170e+00
-6.055755063540457783e+00,-5.961562136091814068e+00
-6.055024015537047610e+00,-5.962649307415222921e+00
-6.056250196982818856e+00,-5.962112972954765056e+00
-6.054552823990090538e+00,-5.962150636108800583e+00
-6.055328628494308418e+00,-5.961164359003931601e+00
-6.053632037330803684e+00,-5.961598018802579446e+00
-6.055316903438214382e+00,-5.961898748974100215e+00
-6.055343048821523411e+00,-5.961635195000283716e+00
-6.055154053849401308e+00,-5.962277516128820842e+00
-6.055412702673035774e+00,-5.961821432392396147e+00
-6.055164802871487950e+00,-5.961837215813503121e+00
-6.055115868601179230e+00,-5.964180344300632264e+00
-6.054711043150172500e+00,-5.962030261033845591e+00
-6.054894482641596909e+00,-5.962143061223052598e+00
-6.060947570747062585e+00,-5.962127001438746632e+00
-6.055501700071769022e+00,-5.938512210219803578e+00
-6.055154880645078563e+00,-5.961749512943179674e+00
-6.055910982565411160e+00,-5.961596349431754760e+00
-6.055010662127913612e+00,-5.961969005462554705e+00
-6.054865644928451474e+00,-5.962132808305800502e+00
-6.055021345940259536e+00,-5.960368271829100451e+00
-6.055388680879126184e+00,-5.961439630030081815e+00
-6.055505791653585490e+00,-5.959492935512375134e+00
-6.054957955620750454e+00,-5.962249970298031165e+00
-6.055007732299849010e+00,-5.962421797112872568e+00
-6.054771724625724438e+00,-5.961743851346319900e+00
-6.055033819600161848e+00,-5.961282590777674528e+00
-6.054904780562615940e+00,-5.962063957085234733e+00
-6.055449228103999992e+00,-5.962955502406377839e+00
-6.054925658054736815e+00,-5.962190250485701171e+00
-6.054957330803294013e+00,-5.961897483028262279e+00
-6.055232323265590466e+00,-5.962050553778961870e+00
-6.055301738240398635e+00,-5.962339047982585072e+00
-6.053785413568455454e+00,-5.962325754446680115e+00
-6.054054680305629432e+00,-5.960420413739086598e+00
-6.054815507206342318e+00,-5.961919950586882955e+00
-6.055124912571525186e+00,-5.960904232387768786e+00
-6.055210868416300407e+00,-5.961871457423329801e+00
-6.054988533521232341e+00,-5.961081366996964448e+00
-6.055118751601536786e+00,-5.957240128615890917e+00
-6.055210475380182977e+00,-5.961249852968291130e+00
-6.055421690315982985e+00,-5.941774536429003106e+00
-6.055222948888355106e+00,-5.961812532835820022e+00
-6.055326280752992396e+00,-5.962548070822333734e+00
-6.055335612846191040e+00,-5.961888015511532579e+00
-6.056624228120929487e+00,-5.962204799253120413e+00
-6.055031000979757216e+00,-5.961342737332923747e+00
-6.054935278374347973e+00,-5.961500607809745667e+00
-6.054513078853593910e+00,-5.961466811487224682e+00
-6.055201842782008015e+00,-6.021314513969742599e+00
-6.054128603488713622e+00,-5.961726764295519843e+00
-6.054880118735950667e+00,-5.961992494575603985e+00
-6.055926860724004435e+00,-5.961488605217666326e+00
-6.055088132010200574e+00,-5.961460565837501058e+00
-6.055666934342237795e+00,-5.962831444496959676e+00
-6.054949690450633248e+00,-5.962171374159383141e+00
-6.055611804783750607e+00,-5.963008799275599792e+00
-6.055109715825327754e+00,-5.961585999199352948e+00
-6.055114725066808923e+00,-5.961132179734665471e+00
-6.055259936415723132e+00,-5.960649710358026709e+00
-6.055204197562195745e+00,-5.961807141646323416e+00
-6.054752995180051833e+00,-5.962164762091600068e+00
-6.055128554267583674e+00,-5.961382979549927796e+00
-6.054964575469747423e+00,-5.962842975519851763e+00
-6.055043011271156850e+00,-5.962661621414630631e+00
-6.055251529741210170e+00,-5.960729864356919983e+00
-6.055145407166105720e+00,-5.961733260412190205e+00
-6.055299117122751262e+00,-5.962127797491422854e+00
-6.046601733148945890e+00,-5.960510275268836367e+00
-6.055032800974806229e+00,-5.959231427650627744e+00
-6.055578249923761369e+00,-5.958799870433790780e+00
-6.055240206451691698e+00,-5.962167391933210325e+00
-6.055171236290256331e+00,-5.962142471729245052e+00
-6.055226255329765550e+00,-5.962971679580394202e+00
-6.054815034071992841e+00,-5.961933147320536364e+00
-6.054898416826171470e+00,-5.961679886763679548e+00
-6.055119299269822619e+00,-5.961366997731071038e+00
-6.055578441856145133e+00,-5.961935578076053233e+00
-6.054952171455592058e+00,-5.961691309507873626e+00
-6.055216920162421523e+00,-5.962350710757859495e+00
-6.055227285425001327e+00,-5.961564381231542420e+00
-6.054959087119741845e+00,-5.961206319218312899e+00
-6.054935157249799360e+00,-5.961760258045990746e+00
-6.055074541550823142e+00,-5.962010315622359613e+00
-6.055112192250060588e+00,-5.965802818888670700e+00
-6.054472512728047207e+00,-5.962392320154286551e+00
-6.054788473849643360e+00,-5.963021875508214720e+00
-6.055028108008691845e+00,-5.960465330296138120e+00
-6.055426188024839007e+00,-5.961801784985083508e+00
-6.055178564369502858e+00,-5.961444959178572311e+00
-6.054842856946737406e+00,-5.962245238432092975e+00
-6.055145186904005605e+00,-5.962842741449225770e+00
-6.055639499146245441e+00,-5.962571199439778979e+00
-6.054513971780682624e+00,-5.962443917983119235e+00
-6.054249567081545713e+00,-5.959839728805625292e+00
-6.052395319919945393e+00,-5.961304753950802393e+00
-6.055029488911658930e+00,-5.962088842355351304e+00
-6.055202220078431452e+00,-5.962753066894552312e+00
-6.053888605409401436e+00,-5.957950353667627041e+00
-6.055459764370142217e+00,-5.961483723343496521e+00
-6.055060580746923549e+00,-5.960147048080055576e+00
-6.055179190679648826e+00,-5.961370858291217267e+00
-6.055148727050736923e+00,-5.961310398785961695e+00
-6.054940634463892302e+00,-5.960768991299579156e+00
-6.055134220000326195e+00,-5.962184960063946271e+00
-6.055456050364344200e+00,-5.961856558980578313e+00
-6.054751407960733189e+00,-5.961840660036905604e+00
-6.055160930218349336e+00,-5.962199387784528071e+00
-6.053103301725303531e+00,-5.963178071774570377e+00
-6.055147851119456526e+00,-5.962961158260217331e+00
-6.055059383114701710e+00,-5.961594089818050612e+00
-6.055009120395728139e+00,-5.961519128440778914e+00
-6.055199990851857450e+00,-5.962267527088516594e+00
-6.054612095740501410e+00,-5.962392612029452366e+00
-6.055696097553863844e+00,-5.961868878289354967e+00
-6.055183646839248368e+00,-5.967570095003537745e+00
-6.056111539839778679e+00,-5.961914366850818325e+00
-6.062164532332986688e+00,-5.961557084271936091e+00
-6.055135269446701329e+00,-5.957557434525512008e+00
-6.055312794312972535e+00,-5.961988297795788760e+00
-6.055130585728545789e+00,-5.961731444075057951e+00
-6.054918219105448252e+00,-5.961850788516328770e+00
-6.053991461295606946e+00,-5.961833507822582590e+00
-6.055329761178700032e+00,-5.954977805739514629e+00
-6.055158288008211542e+00,-5.960330170576515485e+00
-6.052494937235905148e+00,-5.961918901558586725e+00
-6.054850793378682816e+00,-5.961405693822815266e+00
-6.054944938869263993e+00,-5.961472797754770347e+00
-6.054981401209071024e+00,-5.961552107309668003e+00
-6.055247413973786408e+00,-5.960954275508440148e+00
-6.054906389719192816e+00,-5.962275923415512935e+00
-6.055017438681265851e+00,-5.960304574545067346e+00
-6.055182434951322357e+00,-5.962053218647434427e+00
-6.055449340092003752e+00,-5.960747738585486566e+00
-5.958483735203842002e+00,-5.965343775153648664e+00
-6.054722665564110429e+00,-5.961928335638794429e+00
-6.055192148630713866e+00,-5.961424590040224736e+00
-6.055018261674540270e+00,-5.960649259075337270e+00
-6.052836915349026015e+00,-5.961244070327852640e+00
-6.055261737863871119e+00,-5.961781303409412480e+00
-6.055243489640545818e+00,-5.961542239472432669e+00
-6.055256996225176103e+00,-5.962300169071804490e+00
-6.055174637651804304e+00,-5.964526015618923260e+00
-6.055004202187314277e+00,-5.961594564471319302e+00
-6.054950208362759767e+00,-5.961968440199226116e+00
-6.055427387561736374e+00,-5.961949236192205959e+00
-6.055368466710452147e+00,-5.961219385049503217e+00
-6.055280022096361847e+00,-5.961338838323236189e+00
-6.055190032398595434e+00,-5.961893498043107975e+00
-6.053947643730733574e+00,-5.961968193664079152e+00
-6.055203687787248157e+00,-5.961386193857514115e+00
-6.053988672863771292e+00,-5.961618656696732188e+00
-6.054961567331047512e+00,-5.962311068973367156e+00
-6.054662514550180674e+00,-5.961439113172266602e+00
-6.055367655684259276e+00,-5.962298785497790021e+00
-6.057018512495828233e+00,-5.961500501247443573e+00
-6.055190524100080296e+00,-5.960963087953455641e+00
-6.055483616258549695e+00,-5.970663802300180123e+00
-6.055207717082034868e+00,-5.973184431823461260e+00
-6.055112437725293617e+00,-5.962155848235610733e+00
-6.055453618234972524e+00,-5.961980324857266922e+00
-6.054875094965032289e+00,-5.959428656472106844e+00
-6.054863900006762556e+00,-5.961440332168759682e+00
-6.054515979477405274e+00,-5.962691321213589468e+00
-6.053686538862002031e+00,-5.963031108211808373e+00
-6.055032525042465252e+00,-5.960158591720089660e+00
-6.054905970677654459e+00,-5.962266124621713459e+00
-6.054821542378139299e+00,-5.911376367321343750e+00
-6.055636862252971930e+00,-5.963289678628370893e+00
-6.055624650805031983e+00,-5.962180386161347379e+00
-6.055212396374453299e+00,-5.961675938894417826e+00
-6.055318610391328349e+00,-5.961796798674082964e+00
-6.058754261004314579e+00,-5.961582427544532159e+00
-5.813039777630451432e+00,-5.961054375563612950e+00
-6.055624928570939147e+00,-5.962022630676038659e+00
-6.055715103952075573e+00,-5.962574520968741076e+00
-6.054890618107717337e+00,-5.961261364464950141e+00
-6.054104651640181523e+00,-5.961127659142275270e+00
-6.055135960772690673e+00,-5.962275892483403616e+00
-6.055154382083434150e+00,-5.959506552884724861e+00
-6.055425178502319206e+00,-5.960871866102483096e+00
-6.055033536434687669e+00,-5.962399519189642838e+00
-6.053783915414171268e+00,-5.962630892327005938e+00
-6.055143602949581094e+00,-5.962097500300096442e+00
-6.055147162960554219e+00,-5.962908351302655063e+00
-6.054736371322669619e+00,-5.962508514115526737e+00
-6.055207428611930176e+00,-5.961164950147573194e+00
-6.054569034984803366e+00,-5.961929345262143798e+00
-6.054972175338377838e+00,-5.960852092419436588e+00
-6.054963386453405150e+00,-5.961892387827478323e+00
-6.054981559776247302e+00,-5.961484642621961427e+00
-6.055400277932597497e+00,-5.964596413473882031e+00
-6.055170084063222546e+00,-5.962024010991239464e+00
-6.055342159929296031e+00,-5.962326779063850779e+00
-6.063731472250303511e+00,-5.962733825004820964e+00
-6.055192194600077293e+00,-5.961378966209295527e+00
-6.055100827896790605e+00,-5.962864706033950135e+00
-6.054948000600501423e+00,-5.962153860178418086e+00
-6.055180354668883602e+00,-5.962571654457503811e+00
-6.055670178021363093e+00,-5.961519255087197600e+00
-6.055415811033489248e+00,-5.963628671279845861e+00
-6.056139783684287181e+00,-5.962800773059971249e+00
-6.055164603892311703e+00,-5.961760473482899059e+00
-6.055408128548378954e+00,-5.962085711752460604e+00
-6.055232472828559587e+00,-5.962000253951230455e+00
-6.055269686258469619e+00,-5.962357670185221892e+00
-6.054680413565399988e+00,-5.962067533287125798e+00
-6.057122173241468843e+00,-5.963037835303760303e+00
-6.055319186524777741e+00,-5.962169642153206439e+00
-6.054419885397942735e+00,-5.962182924790734084e+00
-6.055644381798678921e+00,-5.961575070250439978e+00
-6.055027501363720255e+00,-5.962721695997857729e+00
-6.054857598013661857e+00,-5.965316345179944690e+00
-6.054362604005760318e+00,-5.962807599917120172e+00
-6.058773184571524695e+00,-5.961667105229563113e+00
-6.055679882393020463e+00,-5.961410080183188853e+00
-6.055814658544452556e+00,-5.961883241658320287e+00
-6.054149307480296116e+00,-5.962497454643329142e+00
-6.055268802346171597e+00,-5.961092719183760380e+00
-6.055174784166074353e+00,-5.961209996340161688e+00
-6.055278593872913007e+00,-5.962884915117081519e+00
-6.054760338233556638e+00,-5.963611028793831537e+00
-6.057878728223555775e+00,-5.962220625802183704e+00
-6.055200883103296405e+00,-5.961788715183020670e+00
-6.055374193287209827e+00,-5.962281332227822972e+00
-6.054811096326272235e+00,-5.963689391874716250e+00
-6.055296198864327017e+00,-5.965187932462107767e+00
-6.054401284305074071e+00,-5.961854410869319665e+00
-6.053212231470243232e+00,-5.963900336184583040e+00
-6.054762080480933228e+00,-5.963353485818662314e+00
-6.055108411121613798e+00,-5.961258874821186993e+00
-6.055219007660902264e+00,-5.968621736958269253e+00
-6.054398808921357400e+00,-5.962201126916204963e+00
-6.055105823723091696e+00,-5.939276675359577595e+00
-6.055749532206625929e+00,-5.962628038566524680e+00
-6.057090824213748448e+00,-5.962621882370729764e+00
-6.055137363335972189e+00,-5.961959005327360117e+00
-6.056013252365626265e+00,-5.961113645259808358e+00
-6.055490405928646069e+00,-5.961936981654500478e+00
-6.055551069927314956e+00,-5.961418926400173568e+00
-6.055232424820969683e+00,-5.962197260978379987e+00
-6.055198017237785280e+00,-5.962580127518537054e+00
-6.055299716715635938e+00,-5.962356041594634171e+00
-6.054012186603404011e+00,-5.962653733517570664e+00
-6.054888952530355084e+00,-5.961541285825639136e+00
-6.060161361635862498e+00,-5.962459852506870384e+00
-6.056447839731759153e+00,-5.960970551033502929e+00
-6.054823298006406063e+00,-5.960478250935302924e+00
-6.054628295031484697e+00,-5.961973719168221386e+00
-6.054953438479503625e+00,-5.961531985547534163e+00
-6.055615268033278653e+00,-5.961973214382770614e+00
-6.055025804984398796e+00,-5.962242847462415618e+00
-6.054913415956674427e+00,-5.961058223891296137e+00
-6.055352966919109292e+00,-5.963090388431559141e+00
-6.055009095688528298e+00,-5.962861391085397145e+00
-6.055501690729276909e+00,-6.036535507021339342e+00
-6.054482326461849695e+00,-5.962120322265672456e+00
-6.054756644767983254e+00,-5.961932421891368961e+00
-6.056239665021816876e+00,-5.962836678186905104e+00
-6.054987937326165692e+00,-5.960704931983688226e+00
-6.054876455794579115e+00,-5.962153673707394574e+00
-6.054875513845082047e+00,-5.962526604470588687e+00
-6.055275121060592625e+00,-5.952859953868973264e+00
-6.055358767365819794e+00,-5.961767795663240221e+00
-6.055196201958366053e+00,-5.962398446422822573e+00
-6.055181126315854812e+00,-5.961591242524148626e+00
-6.055334378145640351e+00,-5.962271807999699469e+00
-6.055183949178942981e+00,-5.962732326441486208e+00
-6.055426953043664184e+00,-5.962456686153574381e+00
-6.055364046605291151e+00,-5.961235459685835458e+00
-6.054916397718550947e+00,-5.963295251744855641e+00
-6.055080032430411485e+00,-5.961488229881982015e+00
-6.054996826628278761e+00,-5.961873710724693076e+00
-6.054754790535766595e+00,-5.962539109656152192e+00
-6.054721029819027933e+00,-5.960661753243897465e+00
-6.059749075187023770e+00,-5.962376851749713325e+00
-6.054281268860528087e+00,-5.959567427147612229e+00
-6.054754034916541627e+00,-5.963106134537173197e+00
-6.055659068881425355e+00,-5.962080097601134554e+00
-6.054806005092926213e+00,-5.963093358871304872e+00
-6.054950389711948766e+00,-5.962163579248606737e+00
-6.054868515154748110e+00,-5.962875724584458581e+00
-6.060798745105813623e+00,-5.963854977222231568e+00
-6.054963102555086962e+00,-5.961985150984823179e+00
-6.055234087110028973e+00,-5.962477890204260333e+00
-6.055110280865378058e+00,-5.961611409843401432e+00
-6.055226438984898429e+00,-5.961737616804264839e+00
-6.054894231013717487e+00,-5.964829211918885044e+00
-6.055455021845471464e+00,-5.962691212586469724e+00
-6.055007150903495727e+00,-5.962035113871784198e+00
-6.054197529207026918e+00,-5.961473018896017884e+00
-6.055275972031594733e+00,-5.962102276452188931e+00
-6.054909438577965375e+00,-5.975468495316388129e+00
-6.055030170047986715e+00,-5.961575787691572259e+00
-6.054675488089879209e+00,-5.962084257432465506e+00
-6.054652523179990808e+00,-5.961860286343643622e+00
-6.055173014263321996e+00,-5.962393480452981898e+00
-6.055469364269370658e+00,-5.962292035312596994e+00
-6.054362886948225331e+00,-5.961738593170920808e+00
-6.053755235417098923e+00,-5.961427424506698713e+00
-6.055006563029362354e+00,-5.960932160634798471e+00
-6.054314788863184305e+00,-5.962798472667113714e+00
-6.054865764858015531e+00,-5.960887732489855928e+00
-6.054991990927668155e+00,-5.961648881000908951e+00
-6.054851138144904610e+00,-5.961474911057195847e+00
-6.054997969501274113e+00,-5.959489463066263149e+00
-6.054962076485591815e+00,-5.960351580197102095e+00
-6.054794478925629164e+00,-5.961948994011759595e+00
-6.055141487220826235e+00,-5.961680815594110783e+00
-6.055272507257580372e+00,-5.964882350546917067e+00
-6.054328288438843408e+00,-5.971148538483203261e+00
-6.055007123347511566e+00,-5.963921788094676657e+00
-6.055047150150894453e+00,-5.961756332006871162e+00
-6.055525579808469061e+00,-5.961535153141621635e+00
-6.054735402409709977e+00,-5.963227617689256022e+00
-6.056946181758709358e+00,-5.977630246286096849e+00
-6.054256921829792581e+00,-5.961945202349897777e+00
-6.055571125056477655e+00,-5.951431423631812656e+00
-6.054487908951108999e+00,-5.962469197672832344e+00
-6.054965031831979871e+00,-5.962547570588967005e+00
-6.053582376260950859e+00,-5.962589283948175556e+00
-6.055865305617731842e+00,-5.961531472836335332e+00
-6.056788847744580373e+00,-5.962049174251703221e+00
-6.055301638354200655e+00,-5.961559836370607712e+00
-6.055612065986951009e+00,-5.961211376412688168e+00
-6.057235492997602222e+00,-5.962225579052521596e+00
-6.054919317408971047e+00,-5.959527284524011037e+00
-6.055678861980791083e+00,-5.961362317215730400e+00
-6.054965364291414076e+00,-5.959030978719700222e+00
-6.055456675433975811e+00,-5.961814962408254814e+00
-6.054643088897837089e+00,-5.962844872729786694e+00
-6.055107116516467158e+00,-5.962081780497264560e+00
-6.055403831750972188e+00,-5.962524881823043188e+00
-6.054799904358903362e+00,-5.963860975826008826e+00
-6.057205345021706044e+00,-5.961156750031603835e+00
-6.054982488649385708e+00,-5.962237363423170677e+00
-6.055102775856464170e+00,-5.960052446830447437e+00
-6.054795272460636646e+00,-5.961541459989914138e+00
-6.055978874806015710e+00,-5.962295286594649468e+00
-6.055009960451995354e+00,-5.962002259537968030e+00
-6.054541248553324095e+00,-5.962409880902605153e+00
-6.047219148139301836e+00,-5.962718371531005701e+00
-6.054712397738878593e+00,-5.966081835687905510e+00
-6.055117321973298772e+00,-5.966854348294588384e+00
-6.055506458055621266e+00,-5.960841464862539851e+00
-6.055109127833468108e+00,-5.962487332289494901e+00
-6.055300712021193910e+00,-5.962157686328858119e+00
-6.055356987195892771e+00,-5.962491932234382119e+00
-6.055558277487087970e+00,-5.949303453331177494e+00
-6.056277621293621571e+00,-5.962815651707428444e+00
-6.055207404788276904e+00,-5.962775626858363154e+00
-6.054528753675683106e+00,-5.962320997037473980e+00
-6.056180801469835728e+00,-5.964845838558669122e+00
-6.057400150126416527e+00,-5.960833566190393285e+00
-6.054776946128360038e+00,-5.962799672946769824e+00
-6.053630297569381646e+00,-5.962075559589657736e+00
-6.055298197569926266e+00,-5.960148298158339131e+00
-6.055501253123222405e+00,-5.962680471069709220e+00
-6.046251611562814432e+00,-5.955135624638528746e+00
-6.053788182123781780e+00,-5.958761951745967345e+00
-6.054641981333328538e+00,-5.961770430689553812e+00
-6.055780053463742263e+00,-5.963586378710446390e+00
-6.055429867130017740e+00,-5.962449591882821309e+00
-6.055111532124341167e+00,-5.961445885276364542e+00
-6.055545356821618874e+00,-5.962435817399231119e+00
-6.055392394811522472e+00,-5.962235573870177774e+00
-6.055256165105749488e+00,-5.961414642312199419e+00
-6.054686809328800656e+00,-5.960512261819574498e+00
-6.054445245139181253e+00,-5.964183018304439976e+00
-6.055545675558281715e+00,-5.960375162826522910e+00
-6.054986434403075712e+00,-5.961859577245616215e+00
-6.055046243011587670e+00,-5.962465341755521564e+00
-6.055047466273160595e+00,-5.959990983695487188e+00
-6.038913144703062841e+00,-5.961816697316153935e+00
-6.055068070296615090e+00,-5.962940164269966203e+00
-6.055001658449369550e+00,-5.962767179563060793e+00
-6.055413088415498635e+00,-5.960579870099373068e+00
-6.054800893010635399e+00,-5.961486627632115898e+00
-6.055031903666124649e+00,-5.961480390351765912e+00
-6.055381682263485388e+00,-5.962130959963477750e+00
-6.054892938211578368e+00,-5.962186349951048570e+00
-6.054902314975250555e+00,-5.961647859073223366e+00
-6.054680352681073074e+00,-5.962346553980023778e+00
-6.054594894116172021e+00,-5.961469887810635804e+00
-6.051298822440053016e+00,-5.961583451077235196e+00
-6.055421712309509985e+00,-5.962219344400343957e+00
-6.123687103412308375e+00,-5.961798769787424845e+00
-6.056450634919912090e+00,-5.962443379502397001e+00
-6.055341558943117874e+00,-5.960474432050993698e+00
-6.056543419013584284e+00,-5.956681690043891031e+00
-6.055361548990769727e+00,-5.961143059820267709e+00
-6.042362670798272717e+00,-5.962387987831150760e+00
-6.093704104744317007e+00,-5.962932530472460080e+00
-6.055009645734823920e+00,-5.965797256803359261e+00
-6.054974449540598158e+00,-5.961095532629517635e+00
-6.063482025666505848e+00,-5.962236691298258506e+00
-6.064241527602537651e+00,-5.961936333889880757e+00
-6.054798539785609002e+00,-5.962106643286800178e+00
-6.055678069688404719e+00,-5.962845797372930967e+00
-6.054836739202188234e+00,-5.960794054457029034e+00
-6.054935964980827201e+00,-5.961363988207342146e+00
-6.055259377749807825e+00,-5.959461152538448658e+00
-6.054875691582758179e+00,-5.961757821790706124e+00
-6.053974632521391896e+00,-5.963170680109818989e+00
-6.055398834571047217e+00,-5.962251147191053313e+00
-6.055446713374832868e+00,-5.961819487536516249e+00
-6.054911008811232342e+00,-5.961706341803087561e+00
-6.055157717641273862e+00,-5.954523081750459745e+00
-6.054696782369279440e+00,-5.961104158798630870e+00
-6.054739292828408281e+00,-5.961751646792972537e+00
-6.054892981399301988e+00,-5.964002125500703855e+00
-6.068823610276261604e+00,-5.960580727490893516e+00
-6.054955474369803525e+00,-5.961568238956594712e+00
-6.055008309784410514e+00,-5.962716706209029383e+00
-6.055625133103081481e+00,-5.961387005649096515e+00
-6.055373367844792298e+00,-5.958847078475871584e+00
-6.055667996303856881e+00,-5.963889035722843346e+00
-6.054563920562458179e+00,-5.962766202943683425e+00
-6.057746492175656527e+00,-5.961972426175592865e+00
-6.056658180638597067e+00,-5.961503928588237855e+00
-6.055207644117806431e+00,-5.961119847995494325e+00
-6.054714409283362464e+00,-5.961107214612874294e+00
-6.056065180011138693e+00,-5.964208880516235212e+00
-6.054612720797500458e+00,-5.961008610201711022e+00
-6.054526898214454889e+00,-5.962724095831895887e+00
-6.055259223821726877e+00,-5.962675669455538063e+00
-6.054492391450168043e+00,-5.962065901141805568e+00
-6.055861013886116417e+00,-5.971617484024891453e+00
-6.055038335301976993e+00,-5.962692401725444569e+00
-6.054507383147461397e+00,-5.962257879282884865e+00
-6.054923828529489960e+00,-5.962458947133757903e+00
-6.054991901894452688e+00,-5.961724046135545407e+00
-6.054969407319046759e+00,-5.954274597275043490e+00
-6.093258148082627557e+00,-6.097227193141335988e+00
-6.055057776844842365e+00,-5.961294952017562210e+00
-6.052663439477920626e+00,-5.961101255909080798e+00
-6.054960657378282818e+00,-5.961487648881837131e+00
-6.054637723369362234e+00,-5.961180031676759583e+00
-6.053363090440551098e+00,-5.961440506227555503e+00
-6.055184181848094482e+00,-5.962618014513064502e+00
-6.055031661515304364e+00,-5.961972860090028803e+00
-6.056119103449387531e+00,-5.961481577123969089e+00
-6.055375202467740081e+00,-5.963561430762585935e+00
-6.055142576366323581e+00,-5.961165855749596787e+00
-6.055277577602910632e+00,-5.958758757551184004e+00
-6.054740970620372309e+00,-5.960909032479232650e+00
-6.058369806148988346e+00,-5.961854085945310189e+00
-6.055780016551153722e+00,-5.961125566159196865e+00
-6.054516567328846577e+00,-5.962681496633972955e+00
-6.055176134533699184e+00,-5.962766483892159464e+00
-6.054920244446073241e+00,-5.962012238126426666e+00
-6.054687825442882421e+00,-5.963133539476272560e+00
-6.054121712997986293e+00,-5.960989382852071472e+00
-6.055610698674420256e+00,-5.962601156492954857e+00
-6.055275267289725427e+00,-5.960531459297276236e+00
-6.053760369031825128e+00,-5.961392825592287004e+00
-6.055681943505002884e+00,-5.962442035900299864e+00
-6.054455004158829645e+00,-5.961737634637116479e+00
-6.055391469397847004e+00,-5.963613484375660079e+00
-6.055127514442741443e+00,-5.969192577387518739e+00
-6.054628092923735494e+00,-5.961042832092834587e+00
-6.055251904291679921e+00,-5.962152350471314755e+00
-6.056153594882333735e+00,-5.961309345071285293e+00
-6.054662328195734133e+00,-5.960787046124282007e+00
-6.055397237472007532e+00,-5.963005079603419745e+00
-6.054842172003149336e+00,-5.962091172193092703e+00
-6.055146413101177849e+00,-5.963177477199891108e+00
-6.055745895450632688e+00,-5.959879095179616115e+00
-6.055547554262070697e+00,-5.961713589438240035e+00
-6.055451912311187179e+00,-5.959823236123058088e+00
-6.055120589534169540e+00,-5.963668645133693325e+00
-6.055466438843938093e+00,-5.961256489529688452e+00
-6.056472122515144108e+00,-5.961335537965545051e+00
-6.054902003000387722e+00,-5.968334778659705186e+00
-6.055025048381580177e+00,-5.961551031349088703e+00
-6.054776081605363736e+00,-5.971565794885020040e+00
-6.054834154605662988e+00,-5.967738004847238820e+00
-6.054898967167823720e+00,-5.961439941456339930e+00
-6.055477216391889073e+00,-5.961467097796550263e+00
-6.059383438837290470e+00,-5.961255916653835030e+00
-6.054946570242484505e+00,-5.956414925662927295e+00
-6.054842451196400965e+00,-5.959505785981640713e+00
-6.052150261202695170e+00,-5.958919740893223960e+00
-6.054892591408081337e+00,-5.961836907810757147e+00
-6.053700952442347294e+00,-5.963168325541613690e+00
-6.056307814103849552e+00,-5.962467624173695135e+00
-6.055493750952415155e+00,-5.962491745105338303e+00
-6.055838027013052738e+00,-5.958508597964878639e+00
-6.055236599962920963e+00,-5.960793573741709928e+00
-6.053154961173922821e+00,-5.961824139308962600e+00
-6.054744511640167914e+00,-5.962535119698938679e+00
-6.055335856801543848e+00,-5.961241030600566759e+00
-6.054804351658119366e+00,-5.962236519347914765e+00
-6.055221947254218584e+00,-5.960390949837869989e+00
-6.056222107476737726e+00,-5.961648362492036668e+00
-6.054748974450919086e+00,-5.962301412573651760e+00
-6.053532869339847799e+00,-5.961655440222870972e+00
-6.055781148504254752e+00,-5.961844824376488106e+00
-6.054857896274216777e+00,-5.960403772246498200e+00
-6.054760303422392020e+00,-5.963625849721829297e+00
-6.055446337571509297e+00,-5.963320699462072660e+00
-6.055838141742679426e+00,-5.962869227769361125e+00
-6.055365654019835731e+00,-5.963887983782863778e+00
-6.055332777876095918e+00,-5.957269145636178820e+00
-6.055205893219759439e+00,-5.961690010895728697e+00
-6.056115105689880096e+00,-5.961923860049053836e+00
-6.055569810652404072e+00,-5.962087962733523483e+00
-6.054724570772245684e+00,-5.960850304699828683e+00
-6.055138605849159639e+00,-5.961590197637182342e+00
-6.055315189481609295e+00,-5.961309186373181745e+00
-6.054523270272055058e+00,-5.962661562986372843e+00
-6.055125403829596742e+00,-5.957025048322562633e+00
-6.055388436512044947e+00,-5.962699244105483132e+00
-6.054603819084594996e+00,-5.961884354019585608e+00
-6.055125884192236185e+00,-5.961469834791291333e+00
-6.055065071746110306e+00,-5.962240067701582547e+00
-6.045930824300717710e+00,-5.961207682913435058e+00
-6.055351479909407253e+00,-5.961351361607808208e+00
-6.055239543084716125e+00,-5.962284222731516259e+00
-6.056193467750909498e+00,-5.963831252139220496e+00
-6.054782580214811638e+00,-5.961439545161677955e+00
-6.055573453245163940e+00,-5.963248380231984669e+00
-6.055683358668029648e+00,-5.962244329124644970e+00
-6.055608612314060224e+00,-5.961120538348862574e+00
-6.053357254512317098e+00,-5.961633505172375891e+00
-6.054908599294427596e+00,-5.961840564200144854e+00
-6.055882523921930272e+00,-5.962361264263582150e+00
-6.055967429563398063e+00,-5.961293405344578744e+00
-6.054170982105151921e+00,-5.962863441900997152e+00
-6.055034607758496890e+00,-5.962542836548156089e+00
-6.054758603887990809e+00,-5.961842482231340057e+00
-6.055159949170345612e+00,-5.960427556301850949e+00
-6.053932794687390206e+00,-5.963719889730498380e+00
-6.055007296070227696e+00,-5.960604673690395039e+00
-6.054620733930251575e+00,-5.960059253767955312e+00
-6.056317728968385161e+00,-5.937565704873904338e+00
-6.055400650605321289e+00,-5.948514283642314382e+00
-6.055158774486390172e+00,-5.961045275443058955e+00
-6.055090874261294331e+00,-5.961342310392453214e+00
-6.054637106825790482e+00,-5.960488617035542447e+00
-5.910872746982361647e+00,-5.969778243049928435e+00
-6.059759110048245745e+00,-5.961184444562668716e+00
-6.055428821300110620e+00,-5.962706801048736516e+00
-6.054977401034958184e+00,-5.962735582979465043e+00
-6.055887226468598783e+00,-5.959963465698173479e+00
-6.054680619980061351e+00,-5.961921446603021479e+00
-6.055273525068842311e+00,-6.003694783506857036e+00
-6.054700559868334331e+00,-5.960918697743007755e+00
-6.050954600795630078e+00,-5.962157013142419970e+00
-6.055626970644908624e+00,-5.962701380405541762e+00
-6.055570578506173085e+00,-5.960849582515656664e+00
-6.054245834956809347e+00,-5.961177746265710731e+00
-6.054631964437483305e+00,-5.961492932960990920e+00
-6.055528890943020492e+00,-5.961963969576371980e+00
-6.065861516593521685e+00,-5.960164496526449973e+00
-6.054059343623611866e+00,-5.963152245023252362e+00
-6.055155639455507277e+00,-5.961264736846100476e+00
-6.055413136624203219e+00,-5.961727455593717195e+00
-6.054885898017501766e+00,-5.962819986235551539e+00
-6.055873441575172933e+00,-5.962494173946210729e+00
-6.055747648633960978e+00,-5.961841146284820425e+00
-6.054426178161036454e+00,-5.958273646946572022e+00
-6.055411146708725489e+00,-5.961844649438270416e+00
-6.053809490532728432e+00,-5.960529277765591161e+00
-6.053396945023905573e+00,-5.959782316559322446e+00
-6.053370685823091790e+00,-5.963887064993643072e+00
-6.056927269053355545e+00,-5.961551773820584543e+00
-6.055000274233849566e+00,-5.962824403235075010e+00
-6.055273974899183287e+00,-5.961787516472234927e+00
-6.054852697934693495e+00,-5.962988620095379666e+00
-6.055169900188769105e+00,-5.961814053664308943e+00
-6.055064223192968775e+00,-5.960251236187145807e+00
-6.053950207635791614e+00,-5.951584264261962964e+00
-6.053765901072556410e+00,-5.962536911258026429e+00
-6.054854915323256925e+00,-5.962639148507588693e+00
-6.055531811018894039e+00,-5.961913617625514306e+00
-6.054925044294325431e+00,-5.955585489209759942e+00
-6.054887219336055892e+00,-5.961625034577133775e+00
-6.054627521961104542e+00,-5.961271426505224902e+00
-6.054436841545913772e+00,-5.961488853267404409e+00
-6.055544730572927747e+00,-5.955975351534984696e+00
-6.056008041028325017e+00,-5.942802433822923724e+00
-6.008528645428935278e+00,-5.962650952108052849e+00
-6.056758828427158292e+00,-5.968008908062650164e+00
-6.071774583030396855e+00,-5.962127858853847329e+00
-6.055073345920690464e+00,-5.961457145804592628e+00
-6.055412691545411619e+00,-5.944229864307817301e+00
-6.054156006479439078e+00,-5.961366693773348935e+00
-6.055052848107047581e+00,-5.961877661093776481e+00
-6.055855137763877849e+00,-5.962025900169448001e+00
-6.054595131191788937e+00,-5.962269522170664970e+00
-6.055075383201234729e+00,-5.961553807339597277e+00
-6.055372180349145594e+00,-5.958066724860985097e+00
-6.056340925524740904e+00,-5.959248679590056774e+00
-6.054466991563532297e+00,-5.961252884951932174e+00
-6.054677961203756453e+00,-5.962704107264926279e+00
-6.055275556752235389e+00,-5.961715387957934098e+00
-6.055542533932609217e+00,-5.962779345116056007e+00
-6.056059451737993093e+00,-5.945729110724780497e+00
-6.054502886517385107e+00,-5.963165451049864174e+00
-6.054757493899267651e+00,-5.961411776406565721e+00
-6.049006012185273562e+00,-5.964090684119899954e+00
-6.055382583823241127e+00,-5.962628697047328785e+00
-6.055952555090929224e+00,-5.961852947029120386e+00
-6.054650308729319086e+00,-5.953352671420635289e+00
-6.055322627879900388e+00,-5.962054976027038045e+00
-6.054570979533734132e+00,-5.962868185909096397e+00
-6.055409955814884171e+00,-5.962179843867566831e+00
-6.052126897454705556e+00,-5.962192367675188898e+00
-6.055380824460808498e+00,-5.961190815901899143e+00
-6.054802791720916844e+00,-5.961418454901156849e+00
-6.070078422037372690e+00,-5.964343220194749051e+00
-6.055689549760598922e+00,-5.961223877971465690e+00
-6.053852540197333099e+00,-5.961857489215561579e+00
-6.054818889037404617e+00,-5.961811218466458229e+00
-6.054649441122684550e+00,-5.962443457552893733e+00
-6.054976285048861762e+00,-5.961362719385775222e+00
-6.055252713356663818e+00,-5.961831422124303614e+00
-6.054253963686095474e+00,-5.961705096295720985e+00
-6.054524301536726050e+00,-5.964885139260705849e+00
-6.055021078413794555e+00,-5.962247217616146955e+00
-6.055221866372957784e+00,-5.962423658525320747e+00
-6.054516754734891038e+00,-5.963019987739021310e+00
-6.054850137155739276e+00,-5.962199043314664770e+00
-6.054243188522144159e+00,-5.962079503898509714e+00
-6.053604453514298100e+00,-5.962404197967918762e+00
-6.054826437153643326e+00,-5.962846514041991952e+00
-6.055482688395130708e+00,-5.962571709703395229e+00
-6.050345419023037685e+00,-5.961622920757228883e+00
-6.052155573363059204e+00,-5.960387200696152910e+00
-6.052392780589738841e+00,-5.961102869192958842e+00
-6.054428620769716218e+00,-5.965280969618163454e+00
-6.054556872997565620e+00,-5.961463455447918669e+00
-6.054411202088638255e+00,-5.962935639064859572e+00
-6.053964180606392631e+00,-5.967504685766944483e+00
-6.053598527728156320e+00,-5.961808424685356655e+00
-6.055179499788653885e+00,-5.962451847975211550e+00
-6.055750043310959896e+00,-5.962560782590710318e+00
-6.055373054569352931e+00,-5.960658457446695202e+00
-6.055056796883734549e+00,-5.962931107242149587e+00
-6.055218514747794600e+00,-5.956089582573103058e+00
-6.055275294478573045e+00,-5.962128960814533585e+00
-6.055445653584616394e+00,-5.963565822295852747e+00
-6.055166399654905440e+00,-5.962303838540426781e+00
-6.054465041076067422e+00,-5.961065928288217464e+00
-6.054655496004023973e+00,-5.961859307253163820e+00
-6.054677500042402016e+00,-5.957422510486003908e+00
-6.055074401188018207e+00,-5.960934451561186620e+00
-6.056027859009323500e+00,-5.961232799987114639e+00
-6.057701217154947138e+00,-5.961885411868085072e+00
-6.055319485309908600e+00,-5.959687284484200376e+00
-6.053544576900657503e+00,-5.961595453537982259e+00
-6.054529698970704032e+00,-5.961319221094414367e+00
-6.053041390923132425e+00,-5.961430714187062385e+00
-6.053801116971738061e+00,-5.962071061364642155e+00
-6.054584073953055423e+00,-5.962493904106626275e+00
-6.055012525565601322e+00,-5.962446951118297811e+00
-6.056511296419698986e+00,-5.961762561326671594e+00
-6.055539645106023272e+00,-5.960284645383425506e+00
-6.054112864467733779e+00,-5.960826161310617266e+00
-6.055444434101151074e+00,-5.962723244349033003e+00
-6.055441327989642630e+00,-5.960617537185508574e+00
-6.054278072412743406e+00,-5.962281337883247545e+00
-6.055493826565505167e+00,-5.962124158416870934e+00
-6.053959722228561269e+00,-5.960100840971914948e+00
-6.053873329837642814e+00,-5.963670995129580987e+00
-6.054309158418242909e+00,-5.962906955109108509e+00
-6.066806912439060007e+00,-5.961957561148508056e+00
-6.054857280697566679e+00,-5.964204965726159102e+00
-6.055468934177132390e+00,-5.960895280664471052e+00
-6.055442933724314969e+00,-5.961307024600373872e+00
-6.055285819666270442e+00,-5.961989608689558295e+00
-6.054209545663066905e+00,-5.961903642566893424e+00
-6.053927072719499591e+00,-5.961903703836414437e+00
-6.054839189198134797e+00,-5.960007418639749588e+00
-6.054754394058882383e+00,-5.960832080496220264e+00
