-5.989016348279372792e+00,-5.989016348279372792e+00
-5.988813441270377957e+00,-5.988813441270377957e+00
-5.988610447890928334e+00,-5.988610447890928334e+00
-5.988407267489358254e+00,-5.988407267489358254e+00
-5.988204381833916123e+00,-5.988204381833916123e+00
-5.988001376559457078e+00,-5.988001376559457078e+00
-5.987798791085032768e+00,-5.987798791085032768e+00
-5.987595632007646884e+00,-5.987595632007646884e+00
-5.987392958239100338e+00,-5.987392958239100338e+00
-5.987189880684137933e+00,-5.987189880684137933e+00
-5.986987092063182025e+00,-5.986987092063182025e+00
-5.986784365608320613e+00,-5.986784365608320613e+00
-5.986581666382049249e+00,-5.986581666382049249e+00
-5.986378748800836647e+00,-5.986378748800836647e+00
-5.986176061089467204e+00,-5.986176061089467204e+00
-5.985973305229875585e+00,-5.985973305229875585e+00
-5.985770453508571620e+00,-5.985770453508571620e+00
-5.985567740577395490e+00,-5.985567740577395490e+00
-5.985365085376826322e+00,-5.985365085376826322e+00
-5.985162431055790044e+00,-5.985162431055790044e+00
-5.984959800347342984e+00,-5.984959800347342984e+00
-5.984757180651433472e+00,-5.984757180651433472e+00
-5.984554555784933783e+00,-5.984554555784933783e+00
-5.984351702709478360e+00,-5.984351702709478360e+00
-5.984149220053665452e+00,-5.984149220053665452e+00
-5.983946849913096777e+00,-5.983946849913096777e+00
-5.983743781644560222e+00,-5.983743781644560222e+00
-5.983541248104540244e+00,-5.983541248104540244e+00
-5.983338949729938072e+00,-5.983338949729938072e+00
-5.983136426659659612e+00,-5.983136426659659612e+00
-5.982933910623301266e+00,-5.982933910623301266e+00
-5.982731372967356798e+00,-5.982731372967356798e+00
-5.982528755639294538e+00,-5.982528755639294538e+00
-5.982326617494045706e+00,-5.982326617494045706e+00
-5.982124000369958949e+00,-5.982124000369958949e+00
-5.981921541104844309e+00,-5.981921541104844309e+00
-5.981719170082142156e+00,-5.981719170082142156e+00
-5.981516735336303014e+00,-5.981516735336303014e+00
-5.981314402808378894e+00,-5.981314402808378894e+00
-5.981111966390846746e+00,-5.981111966390846746e+00
-5.980909590676054322e+00,-5.980909590676054322e+00
-5.980707249388386160e+00,-5.980707249388386160e+00
-5.980504926142799604e+00,-5.980504926142799604e+00
-5.980302701944038901e+00,-5.980302701944038901e+00
-5.980100554997786588e+00,-5.980100554997786588e+00
-5.979897982888989993e+00,-5.979897982888989993e+00
-5.979695801408963618e+00,-5.979695801408963618e+00
-5.979493677704204480e+00,-5.979493677704204480e+00
-5.979291546511577238e+00,-5.979291546511577238e+00
-5.979089354794201228e+00,-5.979089354794201228e+00
-5.978887149731630046e+00,-5.978887149731630046e+00
-5.978684882091586772e+00,-5.978684882091586772e+00
-5.978482944004558597e+00,-5.978482944004558597e+00
-5.978280815609336329e+00,-5.978280815609336329e+00
-5.978078415882249530e+00,-5.978078415882249530e+00
-5.977876432011604457e+00,-5.977876432011604457e+00
-5.977674344538608686e+00,-5.977674344538608686e+00
-5.977472368876072473e+00,-5.977472368876072473e+00
-5.977270062046998511e+00,-5.977270062046998511e+00
-5.977068343390928185e+00,-5.977068343390928185e+00
-5.976866327950293822e+00,-5.976866327950293822e+00
-5.976664145700458342e+00,-5.976664145700458342e+00
-5.976462281028412704e+00,-5.976462281028412704e+00
-5.976260545239175492e+00,-5.976260545239175492e+00
-5.976058438793968364e+00,-5.976058438793968364e+00
-5.975856350736962419e+00,-5.975856350736962419e+00
-5.975654376951657021e+00,-5.975654376951657021e+00
-5.975452658842648646e+00,-5.975452658842648646e+00
-5.975250776700129052e+00,-5.975250776700129052e+00
-5.975048707086768829e+00,-5.975048707086768829e+00
-5.974846921164370883e+00,-5.974846921164370883e+00
-5.974645123522424051e+00,-5.974645123522424051e+00
-5.974443397155770441e+00,-5.974443397155770441e+00
-5.974241374982351083e+00,-5.974241374982351083e+00
-5.974039687547588962e+00,-5.974039687547588962e+00
-5.973837969727066266e+00,-5.973837969727066266e+00
-5.973636181866045725e+00,-5.973636181866045725e+00
-5.973434541249686092e+00,-5.973434541249686092e+00
-5.973232789112156382e+00,-5.973232789112156382e+00
-5.973030923689813143e+00,-5.973030923689813143e+00
-5.972829249249562267e+00,-5.972829249249562267e+00
-5.972627670672393307e+00,-5.972627670672393307e+00
-5.972425847054294579e+00,-5.972425847054294579e+00
-5.972224380031907920e+00,-5.972224380031907920e+00
-5.972022818342390238e+00,-5.972022818342390238e+00
-5.971821019756902160e+00,-5.971821019756902160e+00
-5.971619494221076074e+00,-5.971619494221076074e+00
-5.971418161690566606e+00,-5.971418161690566606e+00
-5.971216567866833635e+00,-5.971216567866833635e+00
-5.971014845256324755e+00,-5.971014845256324755e+00
-5.970813150591248508e+00,-5.970813150591248508e+00
-5.970611711780033026e+00,-5.970611711780033026e+00
-5.970410139077822365e+00,-5.970410139077822365e+00
-5.970208955143827545e+00,-5.970208955143827545e+00
-5.970007608941052091e+00,-5.970007608941052091e+00
-5.969806048179250091e+00,-5.969806048179250091e+00
-5.969604329004259746e+00,-5.969604329004259746e+00
-5.969403292819920992e+00,-5.969403292819920992e+00
-5.969201771375911569e+00,-5.969201771375911569e+00
-5.969000292055680390e+00,-5.969000292055680390e+00
-5.968799051121574273e+00,-5.968799051121574273e+00
-5.968597711404890482e+00,-5.968597711404890482e+00
-5.968396518894621749e+00,-5.968396518894621749e+00
-5.968194942746256615e+00,-5.968194942746256615e+00
-5.967994086507519391e+00,-5.967994086507519391e+00
-5.967792677992516559e+00,-5.967792677992516559e+00
-5.967591215373372115e+00,-5.967591215373372115e+00
-5.967390189517383092e+00,-5.967390189517383092e+00
-5.967188908352530241e+00,-5.967188908352530241e+00
-5.966987625536843254e+00,-5.966987625536843254e+00
-5.966786519968174218e+00,-5.966786519968174218e+00
-5.966585222772677000e+00,-5.966585222772677000e+00
-5.966384261786557452e+00,-5.966384261786557452e+00
-5.966183150857675699e+00,-5.966183150857675699e+00
-5.965981978627399762e+00,-5.965981978627399762e+00
-5.965780623489347789e+00,-5.965780623489347789e+00
-5.965579438985668226e+00,-5.965579438985668226e+00
-5.965378950609755648e+00,-5.965378950609755648e+00
-5.965177466090038294e+00,-5.965177466090038294e+00
-5.964976644317006027e+00,-5.964976644317006027e+00
-5.964775665218847500e+00,-5.964775665218847500e+00
-5.964574472975637143e+00,-5.964574472975637143e+00
-5.964373543899345265e+00,-5.964373543899345265e+00
-5.964172766095350298e+00,-5.964172766095350298e+00
-5.963971600750456403e+00,-5.963971600750456403e+00
-5.963770842672489358e+00,-5.963770842672489358e+00
-5.963569689349620617e+00,-5.963569689349620617e+00
-5.963368957281046434e+00,-5.963368957281046434e+00
-5.963168184725251564e+00,-5.963168184725251564e+00
-5.962967083515637867e+00,-5.962967083515637867e+00
-5.962766469230792232e+00,-5.962766469230792232e+00
-5.962565434168140222e+00,-5.962565434168140222e+00
-5.962364549387039858e+00,-5.962364549387039858e+00
-5.962163981053854478e+00,-5.962163981053854478e+00
-5.961963095792825129e+00,-5.961963095792825129e+00
-5.961762409660495088e+00,-5.961762409660495088e+00
-5.961561586938596058e+00,-5.961561586938596058e+00
-5.961360747980173791e+00,-5.961360747980173791e+00
-5.961160131006400853e+00,-5.961160131006400853e+00
-5.960959624346213737e+00,-5.960959624346213737e+00
-5.960758866845650594e+00,-5.960758866845650594e+00
-5.960557997783773487e+00,-5.960557997783773487e+00
-5.960357519370367285e+00,-5.960357519370367285e+00
-5.960157023352396166e+00,-5.960157023352396166e+00
-5.959956421413872718e+00,-5.959956421413872718e+00
-5.959755736242922985e+00,-5.959755736242922985e+00
-5.959554983574260056e+00,-5.959554983574260056e+00
-5.959354521805663829e+00,-5.959354521805663829e+00
-5.959153989273464624e+00,-5.959153989273464624e+00
-5.958953511713569462e+00,-5.958953511713569462e+00
-5.958753169762502466e+00,-5.958753169762502466e+00
-5.958552626401388608e+00,-5.958552626401388608e+00
-5.958352107787594498e+00,-5.958352107787594498e+00
-5.958151587304620023e+00,-5.958151587304620023e+00
-5.957950974172090852e+00,-5.957950974172090852e+00
-5.957750780907999477e+00,-5.957750780907999477e+00
-5.957550196949836341e+00,-5.957550196949836341e+00
-5.957349918084204887e+00,-5.957349918084204887e+00
-5.957149445594312809e+00,-5.957149445594312809e+00
-5.956949099373570533e+00,-5.956949099373570533e+00
-5.956748836657514090e+00,-5.956748836657514090e+00
-5.956548568064635951e+00,-5.956548568064635951e+00
-5.956348312392058197e+00,-5.956348312392058197e+00
-5.956147990819621540e+00,-5.956147990819621540e+00
-5.955947663694566074e+00,-5.955947663694566074e+00
-5.955747419954565025e+00,-5.955747419954565025e+00
-5.955547354429552520e+00,-5.955547354429552520e+00
-5.955346873391184737e+00,-5.955346873391184737e+00
-5.955146821444203376e+00,-5.955146821444203376e+00
-5.954946431312016841e+00,-5.954946431312016841e+00
-5.954746294643352478e+00,-5.954746294643352478e+00
-5.954546214624851785e+00,-5.954546214624851785e+00
-5.954346083114761434e+00,-5.954346083114761434e+00
-5.954146075302967134e+00,-5.954146075302967134e+00
-5.953946227634106414e+00,-5.953946227634106414e+00
-5.953745843074084831e+00,-5.953745843074084831e+00
-5.953545822890685457e+00,-5.953545822890685457e+00
-5.953345590454122593e+00,-5.953345590454122593e+00
-5.953145591195829311e+00,-5.953145591195829311e+00
-5.952945762089951742e+00,-5.952945762089951742e+00
-5.952745691997218813e+00,-5.952745691997218813e+00
-5.952545785883489593e+00,-5.952545785883489593e+00
-5.952345539146024045e+00,-5.952345539146024045e+00
-5.952145721747208462e+00,-5.952145721747208462e+00
-5.951945694113966567e+00,-5.951945694113966567e+00
-5.951745770318228601e+00,-5.951745770318228601e+00
-5.951546288024962550e+00,-5.951546288024962550e+00
-5.951346072916236629e+00,-5.951346072916236629e+00
-5.951146283989745100e+00,-5.951146283989745100e+00
-5.950946612317609130e+00,-5.950946612317609130e+00
-5.950746808783107689e+00,-5.950746808783107689e+00
-5.950546833239643618e+00,-5.950546833239643618e+00
-5.950347174538902273e+00,-5.950347174538902273e+00
-5.950147401350775134e+00,-5.950147401350775134e+00
-5.949947461139659666e+00,-5.949947461139659666e+00
-5.949747883461221853e+00,-5.949747883461221853e+00
-5.949548287833037463e+00,-5.949548287833037463e+00
-5.949348336298012185e+00,-5.949348336298012185e+00
-5.949148899433820858e+00,-5.949148899433820858e+00
-5.948949062666223142e+00,-5.948949062666223142e+00
-5.948749483213559230e+00,-5.948749483213559230e+00
-5.948549913296570679e+00,-5.948549913296570679e+00
-5.948350409362280544e+00,-5.948350409362280544e+00
-5.948150639875856349e+00,-5.948150639875856349e+00
-5.947951128573297552e+00,-5.947951128573297552e+00
-5.947751673437931430e+00,-5.947751673437931430e+00
-5.947551952732239577e+00,-5.947551952732239577e+00
-5.947352583115591784e+00,-5.947352583115591784e+00
-5.947152627380236645e+00,-5.947152627380236645e+00
-5.946953421470053236e+00,-5.946953421470053236e+00
-5.946753855704137059e+00,-5.946753855704137059e+00
-5.946554671394878255e+00,-5.946554671394878255e+00
-5.946355019325482161e+00,-5.946355019325482161e+00
-5.946155505537785046e+00,-5.946155505537785046e+00
-5.945956257331665107e+00,-5.945956257331665107e+00
-5.945756844181598666e+00,-5.945756844181598666e+00
-5.945557443559275512e+00,-5.945557443559275512e+00
-5.945357957671915550e+00,-5.945357957671915550e+00
-5.945158667060951529e+00,-5.945158667060951529e+00
-5.944959278603848318e+00,-5.944959278603848318e+00
-5.944760010961506858e+00,-5.944760010961506858e+00
-5.944560865729243915e+00,-5.944560865729243915e+00
-5.944361485535464062e+00,-5.944361485535464062e+00
-5.944162026810558608e+00,-5.944162026810558608e+00
-5.943963078215684703e+00,-5.943963078215684703e+00
-5.943763844298449506e+00,-5.943763844298449506e+00
-5.943564391942706138e+00,-5.943564391942706138e+00
-5.943365315691601758e+00,-5.943365315691601758e+00
-5.943166036276505082e+00,-5.943166036276505082e+00
-5.942967211079928980e+00,-5.942967211079928980e+00
-5.942768047630481831e+00,-5.942768047630481831e+00
-5.942568847325201631e+00,-5.942568847325201631e+00
-5.942369629522126218e+00,-5.942369629522126218e+00
-5.942170552274245843e+00,-5.942170552274245843e+00
-5.941971606190342037e+00,-5.941971606190342037e+00
-5.941772721002762658e+00,-5.941772721002762658e+00
-5.941573405592906809e+00,-5.941573405592906809e+00
-5.941374669827965249e+00,-5.941374669827965249e+00
-5.941175454243577292e+00,-5.941175454243577292e+00
-5.940976524463796871e+00,-5.940976524463796871e+00
-5.940777643587080270e+00,-5.940777643587080270e+00
-5.940578471666962734e+00,-5.940578471666962734e+00
-5.940379721881769548e+00,-5.940379721881769548e+00
-5.940180758793350613e+00,-5.940180758793350613e+00
-5.939982190127093276e+00,-5.939982190127093276e+00
-5.939783031585605499e+00,-5.939783031585605499e+00
-5.939584379706169592e+00,-5.939584379706169592e+00
-5.939385246284543562e+00,-5.939385246284543562e+00
-5.939186482922315768e+00,-5.939186482922315768e+00
-5.938987908053593223e+00,-5.938987908053593223e+00
-5.938788909198129851e+00,-5.938788909198129851e+00
-5.938590152608268724e+00,-5.938590152608268724e+00
-5.938391536676214777e+00,-5.938391536676214777e+00
-5.938192694115318027e+00,-5.938192694115318027e+00
-5.937993755256919748e+00,-5.937993755256919748e+00
-5.937795220521478790e+00,-5.937795220521478790e+00
-5.937596584663419108e+00,-5.937596584663419108e+00
-5.937398108779601280e+00,-5.937398108779601280e+00
-5.937199373916149270e+00,-5.937199373916149270e+00
-5.937000728712314768e+00,-5.937000728712314768e+00
-5.936802060759700517e+00,-5.936802060759700517e+00
-5.936603543098319058e+00,-5.936603543098319058e+00
-5.936404987272801748e+00,-5.936404987272801748e+00
-5.936206430713459881e+00,-5.936206430713459881e+00
-5.936007692351406462e+00,-5.936007692351406462e+00
-5.935809209839068679e+00,-5.935809209839068679e+00
-5.935610746830105811e+00,-5.935610746830105811e+00
-5.935412076856608543e+00,-5.935412076856608543e+00
-5.935213931513414920e+00,-5.935213931513414920e+00
-5.935015386321252251e+00,-5.935015386321252251e+00
-5.934816932961862967e+00,-5.934816932961862967e+00
-5.934618417113823874e+00,-5.934618417113823874e+00
-5.934420192626694401e+00,-5.934420192626694401e+00
-5.934221754799993143e+00,-5.934221754799993143e+00
-5.934023338652289148e+00,-5.934023338652289148e+00
-5.933825032925505560e+00,-5.933825032925505560e+00
-5.933626702407302389e+00,-5.933626702407302389e+00
-5.933428443421899345e+00,-5.933428443421899345e+00
-5.933230195416207664e+00,-5.933230195416207664e+00
-5.933031598271671037e+00,-5.933031598271671037e+00
-5.932833478016136475e+00,-5.932833478016136475e+00
-5.932635300008560542e+00,-5.932635300008560542e+00
-5.932437042031303953e+00,-5.932437042031303953e+00
-5.932238878639751967e+00,-5.932238878639751967e+00
-5.932040535259246461e+00,-5.932040535259246461e+00
-5.931842562582730238e+00,-5.931842562582730238e+00
-5.931644392565452506e+00,-5.931644392565452506e+00
-5.931446042717190892e+00,-5.931446042717190892e+00
-5.931247941389526268e+00,-5.931247941389526268e+00
-5.931049837383119083e+00,-5.931049837383119083e+00
-5.930851698854445964e+00,-5.930851698854445964e+00
-5.930653877971420407e+00,-5.930653877971420407e+00
-5.930455797911780458e+00,-5.930455797911780458e+00
-5.930257562171568075e+00,-5.930257562171568075e+00
-5.930059805183376831e+00,-5.930059805183376831e+00
-5.929861490735563123e+00,-5.929861490735563123e+00
-5.929663504487951542e+00,-5.929663504487951542e+00
-5.929465820058500647e+00,-5.929465820058500647e+00
-5.929267648637236654e+00,-5.929267648637236654e+00
-5.929069779419910091e+00,-5.929069779419910091e+00
-5.928871772851772803e+00,-5.928871772851772803e+00
-5.928673959300974516e+00,-5.928673959300974516e+00
-5.928476084666726820e+00,-5.928476084666726820e+00
-5.928278364506817333e+00,-5.928278364506817333e+00
-5.928080183739511178e+00,-5.928080183739511178e+00
-5.927882692842204371e+00,-5.927882692842204371e+00
-5.927684552726002920e+00,-5.927684552726002920e+00
-5.927486856448868302e+00,-5.927486856448868302e+00
-5.927289017372087798e+00,-5.927289017372087798e+00
-5.927091392063627673e+00,-5.927091392063627673e+00
-5.926893564925260982e+00,-5.926893564925260982e+00
-5.926695797755017203e+00,-5.926695797755017203e+00
-5.926498182306987772e+00,-5.926498182306987772e+00
-5.926300726852700151e+00,-5.926300726852700151e+00
-5.926102719225685433e+00,-5.926102719225685433e+00
-5.925905292221942844e+00,-5.925905292221942844e+00
-5.925707619480294674e+00,-5.925707619480294674e+00
-5.925510009615412521e+00,-5.925510009615412521e+00
-5.925312182024064178e+00,-5.925312182024064178e+00
-5.925114739822438636e+00,-5.925114739822438636e+00
-5.924917153196492592e+00,-5.924917153196492592e+00
-5.924719799445230528e+00,-5.924719799445230528e+00
-5.924522125624701374e+00,-5.924522125624701374e+00
-5.924324612788703703e+00,-5.924324612788703703e+00
-5.924127078009967740e+00,-5.924127078009967740e+00
-5.923929615733253939e+00,-5.923929615733253939e+00
-5.923732062837864021e+00,-5.923732062837864021e+00
-5.923534648418631754e+00,-5.923534648418631754e+00
-5.923337393560241360e+00,-5.923337393560241360e+00
-5.923139673574524089e+00,-5.923139673574524089e+00
-5.922942396331366766e+00,-5.922942396331366766e+00
-5.922745174717261918e+00,-5.922745174717261918e+00
-5.922547523954674098e+00,-5.922547523954674098e+00
-5.922350578878764260e+00,-5.922350578878764260e+00
-5.922153298941298161e+00,-5.922153298941298161e+00
-5.921955654760669319e+00,-5.921955654760669319e+00
-5.921758537578813097e+00,-5.921758537578813097e+00
-5.921560906664971924e+00,-5.921560906664971924e+00
-5.921363940250689240e+00,-5.921363940250689240e+00
-5.921166657907343200e+00,-5.921166657907343200e+00
-5.920969374506523053e+00,-5.920969374506523053e+00
-5.920772340169493830e+00,-5.920772340169493830e+00
-5.920574997554666652e+00,-5.920574997554666652e+00
-5.920377908983073922e+00,-5.920377908983073922e+00
-5.920180786300019093e+00,-5.920180786300019093e+00
-5.919983503191795116e+00,-5.919983503191795116e+00
-5.919786485143149868e+00,-5.919786485143149868e+00
-5.919589525781329797e+00,-5.919589525781329797e+00
-5.919392375527596784e+00,-5.919392375527596784e+00
-5.919195215283107103e+00,-5.919195215283107103e+00
-5.918998184350647840e+00,-5.918998184350647840e+00
-5.918801185503769879e+00,-5.918801185503769879e+00
-5.918604034368116551e+00,-5.918604034368116551e+00
-5.918407376936118069e+00,-5.918407376936118069e+00
-5.918210215726996459e+00,-5.918210215726996459e+00
-5.918013288043517228e+00,-5.918013288043517228e+00
-5.917816361489610877e+00,-5.917816361489610877e+00
-5.917619090997105147e+00,-5.917619090997105147e+00
-5.917422517759217016e+00,-5.917422517759217016e+00
-5.917225666181531452e+00,-5.917225666181531452e+00
-5.917028888573450551e+00,-5.917028888573450551e+00
-5.916831715625129995e+00,-5.916831715625129995e+00
-5.916635065441732344e+00,-5.916635065441732344e+00
-5.916437993646622928e+00,-5.916437993646622928e+00
-5.916241320040014351e+00,-5.916241320040014351e+00
-5.916044488292593329e+00,-5.916044488292593329e+00
-5.915848026092485057e+00,-5.915848026092485057e+00
-5.915650849563067304e+00,-5.915650849563067304e+00
-5.915454188648225475e+00,-5.915454188648225475e+00
-5.915257469407898760e+00,-5.915257469407898760e+00
-5.915060794970274927e+00,-5.915060794970274927e+00
-5.914864124583885996e+00,-5.914864124583885996e+00
-5.914667779171424833e+00,-5.914667779171424833e+00
-5.914470701336296266e+00,-5.914470701336296266e+00
-5.914274362040963240e+00,-5.914274362040963240e+00
-5.914077592264478156e+00,-5.914077592264478156e+00
-5.913881036877433495e+00,-5.913881036877433495e+00
-5.913684253180504058e+00,-5.913684253180504058e+00
-5.913488014915525781e+00,-5.913488014915525781e+00
-5.913291255349498954e+00,-5.913291255349498954e+00
-5.913094480732448588e+00,-5.913094480732448588e+00
-5.912898071410352507e+00,-5.912898071410352507e+00
-5.912701840596048086e+00,-5.912701840596048086e+00
-5.912505398420795366e+00,-5.912505398420795366e+00
-5.912308782885970615e+00,-5.912308782885970615e+00
-5.912112308683541428e+00,-5.912112308683541428e+00
-5.911915902463391603e+00,-5.911915902463391603e+00
-5.911719784656188637e+00,-5.911719784656188637e+00
-5.911523390500252439e+00,-5.911523390500252439e+00
-5.911326894002468357e+00,-5.911326894002468357e+00
-5.911130454687808289e+00,-5.911130454687808289e+00
-5.910934021821388384e+00,-5.910934021821388384e+00
-5.910737848560632557e+00,-5.910737848560632557e+00
-5.910541596455352931e+00,-5.910541596455352931e+00
-5.910345423755786420e+00,-5.910345423755786420e+00
-5.910148976637630724e+00,-5.910148976637630724e+00
-5.909952802733929644e+00,-5.909952802733929644e+00
-5.909756568981604730e+00,-5.909756568981604730e+00
-5.909560074007568886e+00,-5.909560074007568886e+00
-5.909364230074741542e+00,-5.909364230074741542e+00
-5.909167973992503597e+00,-5.909167973992503597e+00
-5.908971752629778251e+00,-5.908971752629778251e+00
-5.908775457239254791e+00,-5.908775457239254791e+00
-5.908579364296027592e+00,-5.908579364296027592e+00
-5.908383359889733732e+00,-5.908383359889733732e+00
-5.908187237464845865e+00,-5.908187237464845865e+00
-5.907991186751398338e+00,-5.907991186751398338e+00
-5.907795157263580954e+00,-5.907795157263580954e+00
-5.907598945913549393e+00,-5.907598945913549393e+00
-5.907403087783732687e+00,-5.907403087783732687e+00
-5.907207145279341098e+00,-5.907207145279341098e+00
-5.907011108903284402e+00,-5.907011108903284402e+00
-5.906815231675972555e+00,-5.906815231675972555e+00
-5.906619138736815877e+00,-5.906619138736815877e+00
-5.906423083353128156e+00,-5.906423083353128156e+00
-5.906227084184566323e+00,-5.906227084184566323e+00
-5.906031267191945489e+00,-5.906031267191945489e+00
-5.905835063524032869e+00,-5.905835063524032869e+00
-5.905639515424122798e+00,-5.905639515424122798e+00
-5.905443551400914259e+00,-5.905443551400914259e+00
-5.905247955074448107e+00,-5.905247955074448107e+00
-5.905051994924263248e+00,-5.905051994924263248e+00
-5.904855980505671731e+00,-5.904855980505671731e+00
-5.904660419452049780e+00,-5.904660419452049780e+00
-5.904464758780036071e+00,-5.904464758780036071e+00
-5.904268835588096564e+00,-5.904268835588096564e+00
-5.904073142884947778e+00,-5.904073142884947778e+00
-5.903877536894649225e+00,-5.903877536894649225e+00
-5.903681709222746932e+00,-5.903681709222746932e+00
-5.903486108505318519e+00,-5.903486108505318519e+00
-5.903290411142497085e+00,-5.903290411142497085e+00
-5.903094586623807594e+00,-5.903094586623807594e+00
-5.902898881159656774e+00,-5.902898881159656774e+00
-5.902703393316201641e+00,-5.902703393316201641e+00
-5.902507925871023353e+00,-5.902507925871023353e+00
-5.902312186241874592e+00,-5.902312186241874592e+00
-5.902116687822889673e+00,-5.902116687822889673e+00
-5.901920889153887018e+00,-5.901920889153887018e+00
-5.901725335661389238e+00,-5.901725335661389238e+00
-5.901529891003682415e+00,-5.901529891003682415e+00
-5.901334423290894193e+00,-5.901334423290894193e+00
-5.901139034475924028e+00,-5.901139034475924028e+00
-5.900943651540327295e+00,-5.900943651540327295e+00
-5.900748096037279566e+00,-5.900748096037279566e+00
-5.900552429379225750e+00,-5.900552429379225750e+00
-5.900357391884001323e+00,-5.900357391884001323e+00
-5.900161843255699701e+00,-5.900161843255699701e+00
-5.899966669859228574e+00,-5.899966669859228574e+00
-5.899770985877888840e+00,-5.899770985877888840e+00
-5.899575751297973625e+00,-5.899575751297973625e+00
-5.899380615940083672e+00,-5.899380615940083672e+00
-5.899185424275295908e+00,-5.899185424275295908e+00
-5.898989921862595409e+00,-5.898989921862595409e+00
-5.898794645631201483e+00,-5.898794645631201483e+00
-5.898599461960450263e+00,-5.898599461960450263e+00
-5.898404341926272387e+00,-5.898404341926272387e+00
-5.898208822379514160e+00,-5.898208822379514160e+00
-5.898013537529100958e+00,-5.898013537529100958e+00
-5.897818699847957369e+00,-5.897818699847957369e+00
-5.897623300552158554e+00,-5.897623300552158554e+00
-5.897428289691323045e+00,-5.897428289691323045e+00
-5.897232874131416835e+00,-5.897232874131416835e+00
-5.897038000388810985e+00,-5.897038000388810985e+00
-5.896842779507720067e+00,-5.896842779507720067e+00
-5.896647844776047087e+00,-5.896647844776047087e+00
-5.896452899929287561e+00,-5.896452899929287561e+00
-5.896257572392201496e+00,-5.896257572392201496e+00
-5.896062470784273479e+00,-5.896062470784273479e+00
-5.895867383888643509e+00,-5.895867383888643509e+00
-5.895672397145506949e+00,-5.895672397145506949e+00
-5.895477465882284385e+00,-5.895477465882284385e+00
-5.895282443338246914e+00,-5.895282443338246914e+00
-5.895087536572567899e+00,-5.895087536572567899e+00
-5.894892729446494783e+00,-5.894892729446494783e+00
-5.894697756824912815e+00,-5.894697756824912815e+00
-5.894502953545063484e+00,-5.894502953545063484e+00
-5.894308047862646838e+00,-5.894308047862646838e+00
-5.894113182953112151e+00,-5.894113182953112151e+00
-5.893918214527783306e+00,-5.893918214527783306e+00
-5.893723249691356081e+00,-5.893723249691356081e+00
-5.893528790877637924e+00,-5.893528790877637924e+00
-5.893333586875209029e+00,-5.893333586875209029e+00
-5.893138907161030282e+00,-5.893138907161030282e+00
-5.892944196293647963e+00,-5.892944196293647963e+00
-5.892749443885305638e+00,-5.892749443885305638e+00
-5.892554677427627396e+00,-5.892554677427627396e+00
-5.892359676450772632e+00,-5.892359676450772632e+00
-5.892165699360638165e+00,-5.892165699360638165e+00
-5.891970445660867028e+00,-5.891970445660867028e+00
-5.891775820525834817e+00,-5.891775820525834817e+00
-5.891580974933900983e+00,-5.891580974933900983e+00
-5.891386830045494349e+00,-5.891386830045494349e+00
-5.891192022937802086e+00,-5.891192022937802086e+00
-5.890997374508391005e+00,-5.890997374508391005e+00
-5.890802728317257930e+00,-5.890802728317257930e+00
-5.890608173069603382e+00,-5.890608173069603382e+00
-5.890413856128025927e+00,-5.890413856128025927e+00
-5.890219334175790245e+00,-5.890219334175790245e+00
-5.890024520395447993e+00,-5.890024520395447993e+00
-5.889829997437789899e+00,-5.889829997437789899e+00
-5.889635498841266248e+00,-5.889635498841266248e+00
-5.889441292543229345e+00,-5.889441292543229345e+00
-5.889246758049121233e+00,-5.889246758049121233e+00
-5.889052208696578639e+00,-5.889052208696578639e+00
-5.888857644251670465e+00,-5.888857644251670465e+00
-5.888663517557876759e+00,-5.888663517557876759e+00
-5.888469403496077170e+00,-5.888469403496077170e+00
-5.888274913297271596e+00,-5.888274913297271596e+00
-5.888080209929797526e+00,-5.888080209929797526e+00
-5.887886063011807281e+00,-5.887886063011807281e+00
-5.887691771608405844e+00,-5.887691771608405844e+00
-5.887497242829007327e+00,-5.887497242829007327e+00
-5.887303134681205918e+00,-5.887303134681205918e+00
-5.887108712086387641e+00,-5.887108712086387641e+00
-5.886914171197184409e+00,-5.886914171197184409e+00
-5.886720211281965653e+00,-5.886720211281965653e+00
-5.886526053156409866e+00,-5.886526053156409866e+00
-5.886331814799756756e+00,-5.886331814799756756e+00
-5.886137722371448611e+00,-5.886137722371448611e+00
-5.885943577285737582e+00,-5.885943577285737582e+00
-5.885749521045108068e+00,-5.885749521045108068e+00
-5.885555242342152660e+00,-5.885555242342152660e+00
-5.885360990501299128e+00,-5.885360990501299128e+00
-5.885166865512727163e+00,-5.885166865512727163e+00
-5.884972740013983739e+00,-5.884972740013983739e+00
-5.884778816389265366e+00,-5.884778816389265366e+00
-5.884584977193529909e+00,-5.884584977193529909e+00
-5.884390732670846447e+00,-5.884390732670846447e+00
-5.884196737614666439e+00,-5.884196737614666439e+00
-5.884002602038868268e+00,-5.884002602038868268e+00
-5.883808833471724675e+00,-5.883808833471724675e+00
-5.883614581009642741e+00,-5.883614581009642741e+00
-5.883420707530412130e+00,-5.883420707530412130e+00
-5.883226940891468359e+00,-5.883226940891468359e+00
-5.883032569089253094e+00,-5.883032569089253094e+00
-5.882838856759612156e+00,-5.882838856759612156e+00
-5.882644988026384247e+00,-5.882644988026384247e+00
-5.882451167333735853e+00,-5.882451167333735853e+00
-5.882257393157066083e+00,-5.882257393157066083e+00
-5.882063604642573829e+00,-5.882063604642573829e+00
-5.881869775357603025e+00,-5.881869775357603025e+00
-5.881676061811710987e+00,-5.881676061811710987e+00
-5.881481987655408084e+00,-5.881481987655408084e+00
-5.881288064958237527e+00,-5.881288064958237527e+00
-5.881094358671952627e+00,-5.881094358671952627e+00
-5.880900657606987103e+00,-5.880900657606987103e+00
-5.880707016462784154e+00,-5.880707016462784154e+00
-5.880513213142283035e+00,-5.880513213142283035e+00
-5.880319839432733175e+00,-5.880319839432733175e+00
-5.880126045128045931e+00,-5.880126045128045931e+00
-5.879932370229107974e+00,-5.879932370229107974e+00
-5.879738470133277772e+00,-5.879738470133277772e+00
-5.879545302661155048e+00,-5.879545302661155048e+00
-5.879351593983553670e+00,-5.879351593983553670e+00
-5.879157890913995210e+00,-5.879157890913995210e+00
-5.878964206041048968e+00,-5.878964206041048968e+00
-5.878770660238140877e+00,-5.878770660238140877e+00
-5.878577112092677304e+00,-5.878577112092677304e+00
-5.878383714533876869e+00,-5.878383714533876869e+00
-5.878190338324009723e+00,-5.878190338324009723e+00
-5.877996453517571496e+00,-5.877996453517571496e+00
-5.877802899720204977e+00,-5.877802899720204977e+00
-5.877609619239642313e+00,-5.877609619239642313e+00
-5.877416164674981403e+00,-5.877416164674981403e+00
-5.877222783506115711e+00,-5.877222783506115711e+00
-5.877029318546841630e+00,-5.877029318546841630e+00
-5.876836094477715378e+00,-5.876836094477715378e+00
-5.876642534325029033e+00,-5.876642534325029033e+00
-5.876449179815106838e+00,-5.876449179815106838e+00
-5.876255866728511634e+00,-5.876255866728511634e+00
-5.876062482367639284e+00,-5.876062482367639284e+00
-5.875869022679589548e+00,-5.875869022679589548e+00
-5.875675761039762079e+00,-5.875675761039762079e+00
-5.875482777336041629e+00,-5.875482777336041629e+00
-5.875289312891990967e+00,-5.875289312891990967e+00
-5.875095879720474201e+00,-5.875095879720474201e+00
-5.874902849782439596e+00,-5.874902849782439596e+00
-5.874709589571153856e+00,-5.874709589571153856e+00
-5.874516306590265913e+00,-5.874516306590265913e+00
-5.874323346092864995e+00,-5.874323346092864995e+00
-5.874129680309008172e+00,-5.874129680309008172e+00
-5.873936855457813522e+00,-5.873936855457813522e+00
-5.873743555070647382e+00,-5.873743555070647382e+00
-5.873550401898919304e+00,-5.873550401898919304e+00
-5.873357416920043761e+00,-5.873357416920043761e+00
-5.873164526830779053e+00,-5.873164526830779053e+00
-5.872971289937454209e+00,-5.872971289937454209e+00
-5.872778350056741203e+00,-5.872778350056741203e+00
-5.872584869168335331e+00,-5.872584869168335331e+00
-5.872392519046954362e+00,-5.872392519046954362e+00
-5.872199090848844172e+00,-5.872199090848844172e+00
-5.872005999557527112e+00,-5.872005999557527112e+00
-5.871812991679143501e+00,-5.871812991679143501e+00
-5.871619919381622310e+00,-5.871619919381622310e+00
-5.871427290086841388e+00,-5.871427290086841388e+00
-5.871234421294381001e+00,-5.871234421294381001e+00
-5.871041447706900840e+00,-5.871041447706900840e+00
-5.870848370354622148e+00,-5.870848370354622148e+00
-5.870655533078291022e+00,-5.870655533078291022e+00
-5.870462769309065187e+00,-5.870462769309065187e+00
-5.870269871980068999e+00,-5.870269871980068999e+00
-5.870077380268556411e+00,-5.870077380268556411e+00
-5.869884073925972778e+00,-5.869884073925972778e+00
-5.869691328428126909e+00,-5.869691328428126909e+00
-5.869498439243008292e+00,-5.869498439243008292e+00
-5.869305839383883061e+00,-5.869305839383883061e+00
-5.869112928200902246e+00,-5.869112928200902246e+00
-5.868920467029715482e+00,-5.868920467029715482e+00
-5.868727621608777589e+00,-5.868727621608777589e+00
-5.868534841109250166e+00,-5.868534841109250166e+00
-5.868342416950293128e+00,-5.868342416950293128e+00
-5.868149628097993897e+00,-5.868149628097993897e+00
-5.867956572098381507e+00,-5.867956572098381507e+00
-5.867764091227599010e+00,-5.867764091227599010e+00
-5.867571732415009400e+00,-5.867571732415009400e+00
-5.867378983233993317e+00,-5.867378983233993317e+00
-5.867186369095450438e+00,-5.867186369095450438e+00
-5.866993657112228533e+00,-5.866993657112228533e+00
-5.866801198556533592e+00,-5.866801198556533592e+00
-5.866608605194683967e+00,-5.866608605194683967e+00
-5.866416445080046671e+00,-5.866416445080046671e+00
-5.866223510398472563e+00,-5.866223510398472563e+00
-5.866030935243672140e+00,-5.866030935243672140e+00
-5.865838686616206665e+00,-5.865838686616206665e+00
-5.865645993252458723e+00,-5.865645993252458723e+00
-5.865453340415709427e+00,-5.865453340415709427e+00
-5.865261163399155819e+00,-5.865261163399155819e+00
-5.865068668629861648e+00,-5.865068668629861648e+00
-5.864876246801434156e+00,-5.864876246801434156e+00
-5.864684025663360778e+00,-5.864684025663360778e+00
-5.864491607629523706e+00,-5.864491607629523706e+00
-5.864299304938684898e+00,-5.864299304938684898e+00
-5.864106859288650497e+00,-5.864106859288650497e+00
-5.863914486477646903e+00,-5.863914486477646903e+00
-5.863722108332930283e+00,-5.863722108332930283e+00
-5.863529958719480462e+00,-5.863529958719480462e+00
-5.863337680261034635e+00,-5.863337680261034635e+00
-5.863145223050993060e+00,-5.863145223050993060e+00
-5.862953169959680189e+00,-5.862953169959680189e+00
-5.862760882279352437e+00,-5.862760882279352437e+00
-5.862568571793513428e+00,-5.862568571793513428e+00
-5.862376315492696222e+00,-5.862376315492696222e+00
-5.862184119098840185e+00,-5.862184119098840185e+00
-5.861991836377009157e+00,-5.861991836377009157e+00
-5.861799936218533347e+00,-5.861799936218533347e+00
-5.861607917946616730e+00,-5.861607917946616730e+00
-5.861415537734215420e+00,-5.861415537734215420e+00
-5.861223467216305494e+00,-5.861223467216305494e+00
-5.861031321412395023e+00,-5.861031321412395023e+00
-5.860839477830659838e+00,-5.860839477830659838e+00
-5.860647235323819260e+00,-5.860647235323819260e+00
-5.860455309277856628e+00,-5.860455309277856628e+00
-5.860263197296720961e+00,-5.860263197296720961e+00
-5.860071246401963307e+00,-5.860071246401963307e+00
-5.859878779352173161e+00,-5.859878779352173161e+00
-5.859687144261100933e+00,-5.859687144261100933e+00
-5.859495196654063598e+00,-5.859495196654063598e+00
-5.859303231325685424e+00,-5.859303231325685424e+00
-5.859111151158706399e+00,-5.859111151158706399e+00
-5.858919242878583233e+00,-5.858919242878583233e+00
-5.858727477021841601e+00,-5.858727477021841601e+00
-5.858535347631112167e+00,-5.858535347631112167e+00
-5.858343496802040917e+00,-5.858343496802040917e+00
-5.858151666124279622e+00,-5.858151666124279622e+00
-5.857959928028369845e+00,-5.857959928028369845e+00
-5.857768107261422941e+00,-5.857768107261422941e+00
-5.857576034941011756e+00,-5.857576034941011756e+00
-5.857384495982168815e+00,-5.857384495982168815e+00
-5.857192583371560346e+00,-5.857192583371560346e+00
-5.857000788402711322e+00,-5.857000788402711322e+00
-5.856808751175294425e+00,-5.856808751175294425e+00
-5.856617438377988094e+00,-5.856617438377988094e+00
-5.856425626710357157e+00,-5.856425626710357157e+00
-5.856234028119960300e+00,-5.856234028119960300e+00
-5.856042225223014874e+00,-5.856042225223014874e+00
-5.855850670799633839e+00,-5.855850670799633839e+00
-5.855658660930894044e+00,-5.855658660930894044e+00
-5.855467266195400811e+00,-5.855467266195400811e+00
-5.855275536585937246e+00,-5.855275536585937246e+00
-5.855083831830381946e+00,-5.855083831830381946e+00
-5.854892538122056678e+00,-5.854892538122056678e+00
-5.854700561665151959e+00,-5.854700561665151959e+00
-5.854508944863385800e+00,-5.854508944863385800e+00
-5.854317527113562569e+00,-5.854317527113562569e+00
-5.854125799069578306e+00,-5.854125799069578306e+00
-5.853934424803748371e+00,-5.853934424803748371e+00
-5.853742919355107155e+00,-5.853742919355107155e+00
-5.853551170080200983e+00,-5.853551170080200983e+00
-5.853359749236073384e+00,-5.853359749236073384e+00
-5.853168371861636743e+00,-5.853168371861636743e+00
-5.852976968775708499e+00,-5.852976968775708499e+00
-5.852785712780921301e+00,-5.852785712780921301e+00
-5.852594245838802500e+00,-5.852594245838802500e+00
-5.852402684493266172e+00,-5.852402684493266172e+00
-5.852211061291337835e+00,-5.852211061291337835e+00
-5.852019924682842600e+00,-5.852019924682842600e+00
-5.851828797846061470e+00,-5.851828797846061470e+00
-5.851637176820478459e+00,-5.851637176820478459e+00
-5.851445692019780154e+00,-5.851445692019780154e+00
-5.851254520059013586e+00,-5.851254520059013586e+00
-5.851063442389387248e+00,-5.851063442389387248e+00
-5.850871818821106629e+00,-5.850871818821106629e+00
-5.850680734744265976e+00,-5.850680734744265976e+00
-5.850489370369548858e+00,-5.850489370369548858e+00
-5.850298005795603551e+00,-5.850298005795603551e+00
-5.850107299351506640e+00,-5.850107299351506640e+00
-5.849915627640698723e+00,-5.849915627640698723e+00
-5.849724696137594826e+00,-5.849724696137594826e+00
-5.849533453173250130e+00,-5.849533453173250130e+00
-5.849342242729904662e+00,-5.849342242729904662e+00
-5.849150698189225395e+00,-5.849150698189225395e+00
-5.848959729250807982e+00,-5.848959729250807982e+00
-5.848768765414845916e+00,-5.848768765414845916e+00
-5.848577592027504934e+00,-5.848577592027504934e+00
-5.848386646118818533e+00,-5.848386646118818533e+00
-5.848195407454523043e+00,-5.848195407454523043e+00
-5.848004031596193641e+00,-5.848004031596193641e+00
-5.847813518261776089e+00,-5.847813518261776089e+00
-5.847622208468895799e+00,-5.847622208468895799e+00
-5.847431457844481706e+00,-5.847431457844481706e+00
-5.847240164481242175e+00,-5.847240164481242175e+00
-5.847049359388080347e+00,-5.847049359388080347e+00
-5.846858465653671288e+00,-5.846858465653671288e+00
-5.846666994597597089e+00,-5.846666994597597089e+00
-5.846475932174637791e+00,-5.846475932174637791e+00
-5.846285185476207680e+00,-5.846285185476207680e+00
-5.846094690926109116e+00,-5.846094690926109116e+00
-5.845903652992065602e+00,-5.845903652992065602e+00
-5.845712864421671817e+00,-5.845712864421671817e+00
-5.845521801103680026e+00,-5.845521801103680026e+00
-5.845331193933723135e+00,-5.845331193933723135e+00
-5.845140250775259005e+00,-5.845140250775259005e+00
-5.844949427133052211e+00,-5.844949427133052211e+00
-5.844758528351498228e+00,-5.844758528351498228e+00
-5.844567716895857856e+00,-5.844567716895857856e+00
-5.844376883434150294e+00,-5.844376883434150294e+00
-5.844186332820878960e+00,-5.844186332820878960e+00
-5.843995430680108072e+00,-5.843995430680108072e+00
-5.843804329576175682e+00,-5.843804329576175682e+00
-5.843613873754665455e+00,-5.843613873754665455e+00
-5.843423311330503189e+00,-5.843423311330503189e+00
-5.843232506320299890e+00,-5.843232506320299890e+00
-5.843041749284755504e+00,-5.843041749284755504e+00
-5.842851195651407537e+00,-5.842851195651407537e+00
-5.842660690918248356e+00,-5.842660690918248356e+00
-5.842469818725165354e+00,-5.842469818725165354e+00
-5.842279186174302197e+00,-5.842279186174302197e+00
-5.842088578248061381e+00,-5.842088578248061381e+00
-5.841897934559925787e+00,-5.841897934559925787e+00
-5.841707378281370211e+00,-5.841707378281370211e+00
-5.841516922302565362e+00,-5.841516922302565362e+00
-5.841326272193954061e+00,-5.841326272193954061e+00
-5.841136050629509135e+00,-5.841136050629509135e+00
-5.840945247507979943e+00,-5.840945247507979943e+00
-5.840754917107464195e+00,-5.840754917107464195e+00
-5.840564291480410120e+00,-5.840564291480410120e+00
-5.840373913351340818e+00,-5.840373913351340818e+00
-5.840183267175518722e+00,-5.840183267175518722e+00
-5.839992718147128947e+00,-5.839992718147128947e+00
-5.839802352995332235e+00,-5.839802352995332235e+00
-5.839611980330071894e+00,-5.839611980330071894e+00
-5.839421734967560340e+00,-5.839421734967560340e+00
-5.839231134748293250e+00,-5.839231134748293250e+00
-5.839040968663011810e+00,-5.839040968663011810e+00
-5.838850463632737409e+00,-5.838850463632737409e+00
-5.838660041030308001e+00,-5.838660041030308001e+00
-5.838469782873903391e+00,-5.838469782873903391e+00
-5.838279526889753157e+00,-5.838279526889753157e+00
-5.838089034647903297e+00,-5.838089034647903297e+00
-5.837898950395227438e+00,-5.837898950395227438e+00
-5.837708470104198355e+00,-5.837708470104198355e+00
-5.837518266074314788e+00,-5.837518266074314788e+00
-5.837328216279246362e+00,-5.837328216279246362e+00
-5.837137923595629552e+00,-5.837137923595629552e+00
-5.836947591367220411e+00,-5.836947591367220411e+00
-5.836757312410056464e+00,-5.836757312410056464e+00
-5.836567308306506163e+00,-5.836567308306506163e+00
-5.836377041919357467e+00,-5.836377041919357467e+00
-5.836187068238035458e+00,-5.836187068238035458e+00
-5.835996622269835399e+00,-5.835996622269835399e+00
-5.835806399854298832e+00,-5.835806399854298832e+00
-5.835616457100319288e+00,-5.835616457100319288e+00
-5.835426423485445824e+00,-5.835426423485445824e+00
-5.835236080534730974e+00,-5.835236080534730974e+00
-5.835046046213181903e+00,-5.835046046213181903e+00
-5.834855783687843633e+00,-5.834855783687843633e+00
-5.834666261693874922e+00,-5.834666261693874922e+00
-5.834476059697014882e+00,-5.834476059697014882e+00
-5.834286096333426208e+00,-5.834286096333426208e+00
-5.834095938231269152e+00,-5.834095938231269152e+00
-5.833905897245893257e+00,-5.833905897245893257e+00
-5.833716011773559806e+00,-5.833716011773559806e+00
-5.833526173624581368e+00,-5.833526173624581368e+00
-5.833336199759548535e+00,-5.833336199759548535e+00
-5.833146261397677890e+00,-5.833146261397677890e+00
-5.832955908796326305e+00,-5.832955908796326305e+00
-5.832766331439469099e+00,-5.832766331439469099e+00
-5.832576595944969355e+00,-5.832576595944969355e+00
-5.832386519509315193e+00,-5.832386519509315193e+00
-5.832196899737295048e+00,-5.832196899737295048e+00
-5.832006806349220085e+00,-5.832006806349220085e+00
-5.831817224663833343e+00,-5.831817224663833343e+00
-5.831627333518521361e+00,-5.831627333518521361e+00
-5.831437586216960511e+00,-5.831437586216960511e+00
-5.831247552321854322e+00,-5.831247552321854322e+00
-5.831057680466018134e+00,-5.831057680466018134e+00
-5.830867731178641655e+00,-5.830867731178641655e+00
-5.830678177044080535e+00,-5.830678177044080535e+00
-5.830488399679913947e+00,-5.830488399679913947e+00
-5.830298584717525934e+00,-5.830298584717525934e+00
-5.830108764158916657e+00,-5.830108764158916657e+00
-5.829919213871561645e+00,-5.829919213871561645e+00
-5.829729645590815856e+00,-5.829729645590815856e+00
-5.829540063689416129e+00,-5.829540063689416129e+00
-5.829350539852024227e+00,-5.829350539852024227e+00
-5.829160644048815954e+00,-5.829160644048815954e+00
-5.828971381025707998e+00,-5.828971381025707998e+00
-5.828781251288324583e+00,-5.828781251288324583e+00
-5.828591830832015930e+00,-5.828591830832015930e+00
-5.828402475479125933e+00,-5.828402475479125933e+00
-5.828212866247718615e+00,-5.828212866247718615e+00
-5.828023310579816041e+00,-5.828023310579816041e+00
-5.827833608931500819e+00,-5.827833608931500819e+00
-5.827644082585048402e+00,-5.827644082585048402e+00
-5.827454733190844394e+00,-5.827454733190844394e+00
-5.827265061221850395e+00,-5.827265061221850395e+00
-5.827075532593982032e+00,-5.827075532593982032e+00
-5.826886047818049086e+00,-5.826886047818049086e+00
-5.826696882610164607e+00,-5.826696882610164607e+00
-5.826507263216163857e+00,-5.826507263216163857e+00
-5.826317730626624503e+00,-5.826317730626624503e+00
-5.826128549231797571e+00,-5.826128549231797571e+00
-5.825938947154343239e+00,-5.825938947154343239e+00
-5.825749365182081974e+00,-5.825749365182081974e+00
-5.825559866895447136e+00,-5.825559866895447136e+00
-5.825371173094759492e+00,-5.825371173094759492e+00
-5.825181744195785605e+00,-5.825181744195785605e+00
-5.824991947673794357e+00,-5.824991947673794357e+00
-5.824802922911119119e+00,-5.824802922911119119e+00
-5.824613468903987012e+00,-5.824613468903987012e+00
-5.824424142111194413e+00,-5.824424142111194413e+00
-5.824234872734975532e+00,-5.824234872734975532e+00
-5.824045867707893009e+00,-5.824045867707893009e+00
-5.823856409802698586e+00,-5.823856409802698586e+00
-5.823666981935060605e+00,-5.823666981935060605e+00
-5.823477930898467214e+00,-5.823477930898467214e+00
-5.823288555541900280e+00,-5.823288555541900280e+00
-5.823099339716747203e+00,-5.823099339716747203e+00
-5.822910233448220119e+00,-5.822910233448220119e+00
-5.822721095301240268e+00,-5.822721095301240268e+00
-5.822531977999227948e+00,-5.822531977999227948e+00
-5.822342783793904353e+00,-5.822342783793904353e+00
-5.822153473683925995e+00,-5.822153473683925995e+00
-5.821964624541743127e+00,-5.821964624541743127e+00
-5.821775666301877372e+00,-5.821775666301877372e+00
-5.821585892441947685e+00,-5.821585892441947685e+00
-5.821397141060959513e+00,-5.821397141060959513e+00
-5.821208097163884432e+00,-5.821208097163884432e+00
-5.821018950041585427e+00,-5.821018950041585427e+00
-5.820830187355709562e+00,-5.820830187355709562e+00
-5.820641089502848864e+00,-5.820641089502848864e+00
-5.820452239391150862e+00,-5.820452239391150862e+00
-5.820263046269595897e+00,-5.820263046269595897e+00
-5.820074151830296749e+00,-5.820074151830296749e+00
-5.819885183291487962e+00,-5.819885183291487962e+00
-5.819696055391066380e+00,-5.819696055391066380e+00
-5.819507229917712188e+00,-5.819507229917712188e+00
-5.819318354283499417e+00,-5.819318354283499417e+00
-5.819129540667860923e+00,-5.819129540667860923e+00
-5.818940386190592839e+00,-5.818940386190592839e+00
-5.818751779677476144e+00,-5.818751779677476144e+00
-5.818562571767539993e+00,-5.818562571767539993e+00
-5.818374104387821433e+00,-5.818374104387821433e+00
-5.818185087104613018e+00,-5.818185087104613018e+00
-5.817995985997731268e+00,-5.817995985997731268e+00
-5.817807558825928815e+00,-5.817807558825928815e+00
-5.817618559620327368e+00,-5.817618559620327368e+00
-5.817429855630315672e+00,-5.817429855630315672e+00
-5.817241357928120138e+00,-5.817241357928120138e+00
-5.817051968207670676e+00,-5.817051968207670676e+00
-5.816863443010362289e+00,-5.816863443010362289e+00
-5.816674710048091335e+00,-5.816674710048091335e+00
-5.816486136978673116e+00,-5.816486136978673116e+00
-5.816297404820601535e+00,-5.816297404820601535e+00
-5.816108391899138752e+00,-5.816108391899138752e+00
-5.815919931758784855e+00,-5.815919931758784855e+00
-5.815731023831118840e+00,-5.815731023831118840e+00
-5.815542465414064388e+00,-5.815542465414064388e+00
-5.815353936442281046e+00,-5.815353936442281046e+00
-5.815165020097720294e+00,-5.815165020097720294e+00
-5.814976710264852855e+00,-5.814976710264852855e+00
-5.814787736612195168e+00,-5.814787736612195168e+00
-5.814599552279577033e+00,-5.814599552279577033e+00
-5.814410747753855802e+00,-5.814410747753855802e+00
-5.814221966044729406e+00,-5.814221966044729406e+00
-5.814033612635995496e+00,-5.814033612635995496e+00
-5.813845214035441522e+00,-5.813845214035441522e+00
-5.813656681474233423e+00,-5.813656681474233423e+00
-5.813468321982120379e+00,-5.813468321982120379e+00
-5.813279830658370173e+00,-5.813279830658370173e+00
-5.813091132263206617e+00,-5.813091132263206617e+00
-5.812903106720728630e+00,-5.812903106720728630e+00
-5.812714290136347550e+00,-5.812714290136347550e+00
-5.812525843103425238e+00,-5.812525843103425238e+00
-5.812337556133482686e+00,-5.812337556133482686e+00
-5.812149088231745253e+00,-5.812149088231745253e+00
-5.811960465461108782e+00,-5.811960465461108782e+00
-5.811772102009813423e+00,-5.811772102009813423e+00
-5.811583692422836123e+00,-5.811583692422836123e+00
-5.811395327397324451e+00,-5.811395327397324451e+00
-5.811207113106423350e+00,-5.811207113106423350e+00
-5.811018703010743636e+00,-5.811018703010743636e+00
-5.810830111261123143e+00,-5.810830111261123143e+00
-5.810642317438375670e+00,-5.810642317438375670e+00
-5.810453834242805371e+00,-5.810453834242805371e+00
-5.810265418150380334e+00,-5.810265418150380334e+00
-5.810076918025483650e+00,-5.810076918025483650e+00
-5.809888829912347674e+00,-5.809888829912347674e+00
-5.809700278820010944e+00,-5.809700278820010944e+00
-5.809512322935209916e+00,-5.809512322935209916e+00
-5.809323932808279523e+00,-5.809323932808279523e+00
-5.809136059380811901e+00,-5.809136059380811901e+00
-5.808947710700536504e+00,-5.808947710700536504e+00
-5.808759476058727778e+00,-5.808759476058727778e+00
-5.808571350362957020e+00,-5.808571350362957020e+00
-5.808383147933508184e+00,-5.808383147933508184e+00
-5.808195112610843758e+00,-5.808195112610843758e+00
-5.808006870144050815e+00,-5.808006870144050815e+00
-5.807818732835390740e+00,-5.807818732835390740e+00
-5.807630455010666104e+00,-5.807630455010666104e+00
-5.807442365589926325e+00,-5.807442365589926325e+00
-5.807254384798142155e+00,-5.807254384798142155e+00
-5.807066169373152675e+00,-5.807066169373152675e+00
-5.806878393794939974e+00,-5.806878393794939974e+00
-5.806690408419334481e+00,-5.806690408419334481e+00
-5.806502059036237284e+00,-5.806502059036237284e+00
-5.806314338211229220e+00,-5.806314338211229220e+00
-5.806126018542578038e+00,-5.806126018542578038e+00
-5.805938505932204841e+00,-5.805938505932204841e+00
-5.805749891947730390e+00,-5.805749891947730390e+00
-5.805562349057914240e+00,-5.805562349057914240e+00
-5.805374330543439321e+00,-5.805374330543439321e+00
-5.805186577498140821e+00,-5.805186577498140821e+00
-5.804998361078663294e+00,-5.804998361078663294e+00
-5.804810288315566780e+00,-5.804810288315566780e+00
-5.804622455709997908e+00,-5.804622455709997908e+00
-5.804434268522210338e+00,-5.804434268522210338e+00
-5.804246960608447914e+00,-5.804246960608447914e+00
-5.804058948482239799e+00,-5.804058948482239799e+00
-5.803871238676830302e+00,-5.803871238676830302e+00
-5.803683295981315382e+00,-5.803683295981315382e+00
-5.803495255678072340e+00,-5.803495255678072340e+00
-5.803307507664325016e+00,-5.803307507664325016e+00
-5.803119544364925275e+00,-5.803119544364925275e+00
-5.802931687442757891e+00,-5.802931687442757891e+00
-5.802743746066750141e+00,-5.802743746066750141e+00
-5.802556249920998610e+00,-5.802556249920998610e+00
-5.802368824305333739e+00,-5.802368824305333739e+00
-5.802180722194232310e+00,-5.802180722194232310e+00
-5.801993080037524564e+00,-5.801993080037524564e+00
-5.801805511657819103e+00,-5.801805511657819103e+00
-5.801617568978065798e+00,-5.801617568978065798e+00
-5.801430117688222587e+00,-5.801430117688222587e+00
-5.801242433931037112e+00,-5.801242433931037112e+00
-5.801054440814646718e+00,-5.801054440814646718e+00
-5.800866969301588405e+00,-5.800866969301588405e+00
-5.800679399459140129e+00,-5.800679399459140129e+00
-5.800491802457580448e+00,-5.800491802457580448e+00
-5.800304377465494099e+00,-5.800304377465494099e+00
-5.800116538491747242e+00,-5.800116538491747242e+00
-5.799928965401553782e+00,-5.799928965401553782e+00
-5.799741249225511375e+00,-5.799741249225511375e+00
-5.799553662762979123e+00,-5.799553662762979123e+00
-5.799366312668314372e+00,-5.799366312668314372e+00
-5.799178685102581277e+00,-5.799178685102581277e+00
-5.798991157556255160e+00,-5.798991157556255160e+00
-5.798803597962991496e+00,-5.798803597962991496e+00
-5.798616147812340138e+00,-5.798616147812340138e+00
-5.798428746339009621e+00,-5.798428746339009621e+00
-5.798241373778733276e+00,-5.798241373778733276e+00
-5.798053885584768530e+00,-5.798053885584768530e+00
-5.797866298106162830e+00,-5.797866298106162830e+00
-5.797679007412578578e+00,-5.797679007412578578e+00
-5.797491281324533396e+00,-5.797491281324533396e+00
-5.797304025273956718e+00,-5.797304025273956718e+00
-5.797116315869256020e+00,-5.797116315869256020e+00
-5.796929036031945870e+00,-5.796929036031945870e+00
-5.796741674793279842e+00,-5.796741674793279842e+00
-5.796554354729015479e+00,-5.796554354729015479e+00
-5.796367246476799906e+00,-5.796367246476799906e+00
-5.796179725575633768e+00,-5.796179725575633768e+00
-5.795992244105358182e+00,-5.795992244105358182e+00
-5.795805199432827237e+00,-5.795805199432827237e+00
-5.795617698001368723e+00,-5.795617698001368723e+00
-5.795430584984303302e+00,-5.795430584984303302e+00
-5.795243376840875982e+00,-5.795243376840875982e+00
-5.795055884385979184e+00,-5.795055884385979184e+00
-5.794868696631716887e+00,-5.794868696631716887e+00
-5.794681565982359395e+00,-5.794681565982359395e+00
-5.794494346012634800e+00,-5.794494346012634800e+00
