5.102356098105312876e-01,2.107475827993567918e+00
5.136465094646456286e-01,2.110989683443958320e+00
5.171862833180322916e-01,2.114494809216317606e+00
5.206778094406818713e-01,2.117726005012448454e+00
5.241758231867246209e-01,2.121508722111019374e+00
5.277053512716749495e-01,2.124956502543062342e+00
5.311924230819321524e-01,2.128504755222818012e+00
5.347112538591020092e-01,2.132027424080980893e+00
5.385854119051256550e-01,2.135520946808243004e+00
5.417091236388258402e-01,2.139041226425382192e+00
5.452292761750583416e-01,2.142475589739439634e+00
5.487328048076207665e-01,2.146041672574022563e+00
5.522062620139305267e-01,2.149493957888608975e+00
5.557136041199531862e-01,2.152818417527552874e+00
5.592604430171640439e-01,2.156536286783846457e+00
5.627411931433010661e-01,2.160066600286635996e+00
5.662478779811017660e-01,2.163709023519397867e+00
5.697101133398250195e-01,2.167008555963925609e+00
5.733034758204293979e-01,2.170533174176617841e+00
5.767520343430866392e-01,2.174099610870956489e+00
5.802402277341309755e-01,2.177519486315439678e+00
5.837672839593229801e-01,2.182296103541245813e+00
5.872482056292647190e-01,2.184516126879491260e+00
5.907637664249630882e-01,2.188077992701065178e+00
5.942696751478662165e-01,2.191380651517198519e+00
5.977803133446812911e-01,2.195263643664294939e+00
6.012922548107961784e-01,2.198560266576763844e+00
6.047501366318247529e-01,2.202053255733836146e+00
6.082710273031517456e-01,2.205626772713686456e+00
6.118099537389233289e-01,2.209036354525331092e+00
6.150684304821916193e-01,2.212581891795429634e+00
6.187690274994337436e-01,2.216085928579991204e+00
6.223137985390869709e-01,2.219547034706073951e+00
6.258133216170057578e-01,2.223041202895081003e+00
6.292880665337365897e-01,2.226583520454092913e+00
6.328060410988508577e-01,2.230113322405543830e+00
6.363146325591555463e-01,2.233572767821888405e+00
6.398078437684335817e-01,2.237201197009668796e+00
6.432445596245783825e-01,2.241301906897824825e+00
6.468354921757949461e-01,2.244105714404279972e+00
6.503225148507021380e-01,2.247607642733635558e+00
6.538295685212615060e-01,2.229997561903209302e+00
6.573332968739505899e-01,2.253704823828253545e+00
6.608468291301868858e-01,2.258169461087553564e+00
6.643083936731919437e-01,2.262147694286975597e+00
6.678483753587112215e-01,2.265109051748577684e+00
6.713569059119830484e-01,2.268705690228465688e+00
6.748583449817168178e-01,2.272100802149617849e+00
6.784105038045704639e-01,2.275661032167174191e+00
6.818506179180513493e-01,2.278506234033878641e+00
6.853799277341601215e-01,2.282663371823904441e+00
6.888959885356502610e-01,2.286160869259077799e+00
6.923558684020709730e-01,2.289633454571144533e+00
6.958912835345677506e-01,2.293002066946876472e+00
6.993413794971414799e-01,2.296661033731935753e+00
7.028896673289757313e-01,2.299713135235216477e+00
7.063791156354688461e-01,2.303680189755461072e+00
7.098830325918952244e-01,2.306977482411404878e+00
7.134002996351950232e-01,2.310688641093405327e+00
7.169052932835660030e-01,2.314135341957578973e+00
7.204031789450873191e-01,2.317159729706316007e+00
7.239170855163953311e-01,2.321157361040669720e+00
7.271586853670490846e-01,2.324661068367319672e+00
7.308906886402555259e-01,2.327947416710206774e+00
7.341160351611011325e-01,2.331629771453953115e+00
7.379208746609292602e-01,2.335120947669656832e+00
7.414293238491801441e-01,2.338996120275949497e+00
7.448878715782154547e-01,2.342244995949023689e+00
7.484218513398378514e-01,2.346086248303806521e+00
7.519193248880456926e-01,2.349253191520963568e+00
7.554456876814797939e-01,2.352638414376694520e+00
7.589472614299611619e-01,2.356406985308598934e+00
7.624309455360906984e-01,2.359666044716446365e+00
7.659349770243690791e-01,2.363236855235966605e+00
7.694341161898452519e-01,2.366723508172932533e+00
7.729539748536174981e-01,2.370265817998164160e+00
7.764442894519181237e-01,2.373668061688315234e+00
7.800254663136397815e-01,2.377277144549295063e+00
7.834564743247489638e-01,2.380690854691553504e+00
7.869544544145350429e-01,2.384263297605005327e+00
7.901389507629978937e-01,2.387733965955439963e+00
7.939674372447707018e-01,2.391380077818102023e+00
7.974792438867236433e-01,2.394889801935602414e+00
8.009735136661815247e-01,2.398250551223818139e+00
8.045743658167454626e-01,2.401587889608312043e+00
8.080306697097419111e-01,2.405242281774254032e+00
8.107228280453254721e-01,2.408780162268142178e+00
8.149889476032794455e-01,2.412333015882904164e+00
8.183595156130384352e-01,2.415766651023896205e+00
8.219981782840062312e-01,2.419588902850558387e+00
8.255191653253355355e-01,2.422807900372485612e+00
8.290077334321456215e-01,2.426348338273014882e+00
8.324908881270263183e-01,2.429803054930751660e+00
8.359871076263319933e-01,2.433627201913100002e+00
8.394916861828977117e-01,2.436789706704881375e+00
8.430008126081807163e-01,2.440325791978069425e+00
8.465224130336500563e-01,2.443436479065406175e+00
8.500314370133953412e-01,2.447308292169983801e+00
8.534290941929152385e-01,2.450842006046809018e+00
8.570299742154671163e-01,2.454319591726481065e+00
8.605354680080193885e-01,2.457872851602722619e+00
8.640434964969915255e-01,2.461357899578918484e+00
8.675635401221667431e-01,2.464697448804165525e+00
8.710005656609122182e-01,2.468229150826468654e+00
8.745329066546644325e-01,2.471829395652822114e+00
8.780529176633082855e-01,2.475331075977940998e+00
8.815573067309939725e-01,2.478899711159196162e+00
8.850930397507090763e-01,2.482363683490850015e+00
8.885565796857410881e-01,2.485968992489240748e+00
8.921813634460238340e-01,2.489401047483577045e+00
8.958086406817367120e-01,2.492859017172172731e+00
8.992248895085638294e-01,2.496396407076884927e+00
9.025732485664280658e-01,2.499811672352846958e+00
9.061004816409206075e-01,2.503373433481142829e+00
9.095892778861124350e-01,2.506864984260531060e+00
9.131098884008572725e-01,2.510329828253182072e+00
9.166061670304714859e-01,2.513832531752481891e+00
9.200910028917888006e-01,2.517369758082548259e+00
9.236276013637573223e-01,2.520830740529814484e+00
9.270810549989244587e-01,2.524401690039861812e+00
9.306025083931198649e-01,2.527797721259771535e+00
9.341163612827442231e-01,2.531412196915862722e+00
9.375996314039563018e-01,2.534842152835164342e+00
9.411194332857993894e-01,2.538431317099238527e+00
9.446137781471595218e-01,2.542060442663115261e+00
9.480945676742824624e-01,2.545791089936830787e+00
9.515872127086857368e-01,2.548985796612502686e+00
9.551151368089242366e-01,2.552343336554663722e+00
9.585788866178855949e-01,2.555739276246937308e+00
9.621327459166251206e-01,2.559886657980419145e+00
9.657224303616666061e-01,2.562980731926451483e+00
9.691530849657594704e-01,2.566457634440029612e+00
9.726480357627071971e-01,2.569956037207603572e+00
9.761552355103397804e-01,2.573167024525480073e+00
9.796441673092776137e-01,2.576888215147753236e+00
9.830964264999638713e-01,2.580540570415564616e+00
9.866606583385370000e-01,2.583927333467006093e+00
9.901079624911441890e-01,2.587416305004282879e+00
9.936666576960878627e-01,2.590733828419317764e+00
9.971630055934090908e-01,2.594462001753564451e+00
1.000685525667206477e+00,2.598437503903537227e+00
1.004171464701303140e+00,2.600952286126246626e+00
1.007657617119090743e+00,2.605399824810529452e+00
1.011182761913446582e+00,2.608431888207254801e+00
1.014690368529973297e+00,2.612038019723611271e+00
1.018206873585839389e+00,2.615340097720178392e+00
1.021697386197024660e+00,2.618638054497180789e+00
1.025230252248836349e+00,2.622530127213986706e+00
1.028687356024225119e+00,2.626232546382598176e+00
1.030795069054944335e+00,2.629464647593478421e+00
1.035717793245610530e+00,2.632656748860414453e+00
1.039245999647396168e+00,2.636440087147016165e+00
1.042747419869655356e+00,2.640202374624008641e+00
1.046285965752749902e+00,2.643652235909589088e+00
1.049735951879920748e+00,2.646949594571500697e+00
1.053118465050401520e+00,2.650488805929652969e+00
1.056733179018804369e+00,2.653908382553033185e+00
1.060230541805168958e+00,2.657476830552429892e+00
1.063742197285199698e+00,2.660988913127674937e+00
1.067278313639103304e+00,2.664568834177376111e+00
1.070748616757333460e+00,2.667988423160326139e+00
1.074230414053394922e+00,2.671950917925611790e+00
1.077782963998417110e+00,2.675363959149364312e+00
1.081155100292057192e+00,2.678521109713177140e+00
1.084785225755953375e+00,2.682047072973954727e+00
1.088231320813307201e+00,2.685321606067245348e+00
1.091767096533443393e+00,2.689043355871143959e+00
1.095422845233203768e+00,2.692721197429559954e+00
1.098761418832041148e+00,2.696137322654771573e+00
1.102272040955539323e+00,2.699561388286504382e+00
1.105787652791715203e+00,2.703037462429426885e+00
1.109174804014546378e+00,2.706114270348868978e+00
1.112787172272039715e+00,2.710137473115032947e+00
1.116308513934787694e+00,2.713659556371432302e+00
1.119784216620096418e+00,2.717254586656721926e+00
1.123298191277270375e+00,2.720573975748065365e+00
1.126806791780045947e+00,2.724122322137878527e+00
1.130327023808649578e+00,2.727589422765030580e+00
1.133818580389731601e+00,2.730975130795495254e+00
1.137549437361335514e+00,2.732928610090016974e+00
1.140838281481830307e+00,2.738079393987248089e+00
1.144306678905490982e+00,2.741651631114317755e+00
1.147815270754330097e+00,2.745041148421766941e+00
1.151314486943235904e+00,2.748517508720767388e+00
1.154828455900112738e+00,2.752064516826678187e+00
1.158372111492709466e+00,2.755517597775819283e+00
1.162113189383012335e+00,2.759063960205005550e+00
1.165365193053389259e+00,2.762681199767860640e+00
1.168838967653659466e+00,2.766121530838793419e+00
1.172347227291771432e+00,2.769577882345761743e+00
1.175840435054569033e+00,2.773144836662402746e+00
1.179363004608456000e+00,2.776367272631195426e+00
1.181595526831231924e+00,2.780432321290008169e+00
1.186357439392970337e+00,2.783565458062942533e+00
1.189858374475774694e+00,2.787340264102724952e+00
1.193350735387872952e+00,2.790662908572884238e+00
1.196877432068446101e+00,2.794513642119067942e+00
1.200349980505680980e+00,2.797607182422809480e+00
1.203838881704114350e+00,2.801296527491767385e+00
1.207379429074417754e+00,2.804789213894703259e+00
1.210897953378826664e+00,2.808479289000246126e+00
1.214401857111603977e+00,2.811663906974796845e+00
1.217892998671761262e+00,2.811552720278675643e+00
1.221370386454541768e+00,2.818666686220311135e+00
1.224904813400542913e+00,2.822123766538351397e+00
1.228453464971721587e+00,2.825684383405688394e+00
1.231902308793245693e+00,2.829290083048689119e+00
1.235388731155091291e+00,2.835327545169893604e+00
1.238920115818593848e+00,2.836111930876452192e+00
1.242429819261230639e+00,2.839600988460802888e+00
1.245724541454336531e+00,2.842857806049118530e+00
1.249471879731120172e+00,2.846780075307806079e+00
1.252917053532232039e+00,2.850215095134559284e+00
1.256377666852352304e+00,2.853779146229863173e+00
1.259949801940127179e+00,2.857221537564690550e+00
1.263440609236480938e+00,2.860732544101645125e+00
1.266941074865633787e+00,2.863859066443584567e+00
1.270445948283976501e+00,2.867718470885251669e+00
1.273957199069579271e+00,2.871412802820641375e+00
1.277424182691234922e+00,2.874633819965795922e+00
1.280953445296401094e+00,2.878495430935769761e+00
1.284593630178790358e+00,2.881842526284132511e+00
1.287979387779249585e+00,2.885368628786946665e+00
1.291468353649412926e+00,2.888704737803126754e+00
1.294923470692536993e+00,2.892237910241651555e+00
1.298464025065849237e+00,2.895492004076785086e+00
1.302022663554228910e+00,2.899151106938985478e+00
1.305484437238440876e+00,2.906611252540420409e+00
1.308943223120919264e+00,2.906366690815796794e+00
1.312501519366446434e+00,2.909725309385409631e+00
1.316029581272787130e+00,2.913267092392797686e+00
1.319488818576478595e+00,2.916646105020132218e+00
1.322998611315250983e+00,2.920343803143039096e+00
1.326472837446930564e+00,2.923492352099842151e+00
1.330007868246800840e+00,2.927100109498913305e+00
1.333516224293621821e+00,2.930604798033428438e+00
1.337011900765016303e+00,2.934281244227517682e+00
1.340518520912639122e+00,2.937791486575617839e+00
1.344019256814992014e+00,2.941375596029383033e+00
1.347508730935970345e+00,2.942963092803114300e+00
1.351349044541004574e+00,2.948346129958705930e+00
1.354502561160369378e+00,2.951859291291744292e+00
1.358027977894148641e+00,2.955379433896755614e+00
1.361542006589768983e+00,2.959173793222285020e+00
1.365032476733597067e+00,2.962240214472226185e+00
1.368443382431787203e+00,2.965884441258960003e+00
1.372047321591299163e+00,2.969334250613516524e+00
1.375539839356975769e+00,2.972932139291788900e+00
1.379132564183308540e+00,2.977135949979945906e+00
1.382545886676794789e+00,2.979493434929194606e+00
1.386056480421702375e+00,2.983295574096103131e+00
1.389572487060425132e+00,2.986839649029037425e+00
1.393027695630991047e+00,2.990141855910152913e+00
1.396573137495427552e+00,2.993897799650151015e+00
1.400075743174443721e+00,2.997352277420733735e+00
1.403674117279331890e+00,3.001341837653299649e+00
1.407084729580848848e+00,3.004380381392436128e+00
1.410421236811313594e+00,3.008221725994046913e+00
1.414090703018076489e+00,3.010916687711751472e+00
1.417582655801605362e+00,3.015024959995776577e+00
1.421103586137121511e+00,3.018425230568076323e+00
1.424592468329585415e+00,3.022396025591663538e+00
1.428103280294005240e+00,3.025158592361976595e+00
1.431605325218936020e+00,3.028891467587642161e+00
1.435108001688893076e+00,3.032202817401487671e+00
1.438615348603109911e+00,3.035785590262543465e+00
1.442125177897771060e+00,3.039421999254908080e+00
1.445609846074650484e+00,3.042998844024556782e+00
1.449134553289135097e+00,3.037591428324525111e+00
1.452630703320202832e+00,3.050090363312278008e+00
1.456131811070142890e+00,3.053134904405338190e+00
1.459638330479036128e+00,3.056919553617842844e+00
1.463139116555536967e+00,3.060427545815358918e+00
1.466641646477712335e+00,3.063580158125042807e+00
1.470149001539057254e+00,3.067721641656226517e+00
1.473647287127218597e+00,3.070947569608193817e+00
1.477154346311801758e+00,3.074836612379778344e+00
1.480656997273167796e+00,3.077925258981531798e+00
1.484160085892856085e+00,3.082798834379727460e+00
1.487659704415102091e+00,3.085007408545004104e+00
1.491162332492286247e+00,3.088108733357847413e+00
1.494667814984030674e+00,3.091892055605682366e+00
1.498172900636338678e+00,3.095666912781680047e+00
1.501657943543067253e+00,3.099010003102617539e+00
1.505185982998301419e+00,3.102489854951137715e+00
1.508640957847974917e+00,3.105937280560099545e+00
1.512191630859679892e+00,3.109563003178188900e+00
1.515693683556820437e+00,3.112069337520381396e+00
1.519199164419321901e+00,3.116556515188847243e+00
1.522699782354236753e+00,3.120002853527881648e+00
1.526200812949992214e+00,3.123517062546553369e+00
1.529705630378343617e+00,3.127482336856410861e+00
1.533211397517530994e+00,3.130481613961606513e+00
1.536717027157868287e+00,3.134009369061465655e+00
1.540218801092135159e+00,3.137642109389103595e+00
1.543719934287330453e+00,3.141147010221795099e+00
1.547220783424404500e+00,3.144306712983720331e+00
1.550728590128013451e+00,3.147706356000965933e+00
1.554228414019288351e+00,3.151608759002082927e+00
1.557720128673146798e+00,3.155026617560489299e+00
1.561239342790315288e+00,3.158432272427115883e+00
1.564747884807882183e+00,3.162022371069704185e+00
1.568241226229911911e+00,3.165560663783498541e+00
1.571748742584326841e+00,3.169105448618869225e+00
1.575251495542408398e+00,3.172598951270298784e+00
1.578755097706465271e+00,3.176015395488830606e+00
1.582259953735728253e+00,3.179523635507458756e+00
1.585760431546554106e+00,3.183138725258460866e+00
1.589264996457265156e+00,3.187036261942735926e+00
1.592768728638992215e+00,3.190036001023070611e+00
1.596272070625823325e+00,3.193553232152480881e+00
1.599775588420307759e+00,3.197813549430315483e+00
1.603279259880298291e+00,3.200125836422492043e+00
1.606782405080671161e+00,3.203876868245369103e+00
1.610289372121006313e+00,3.207747933654860439e+00
1.613789489411914024e+00,3.211036938387066719e+00
1.617293998203890304e+00,3.214598562963209893e+00
1.620797550314051483e+00,3.221713780245064385e+00
1.624299560029226264e+00,3.221771752986963833e+00
1.627802308102620277e+00,3.225041079979082959e+00
1.631312062928997664e+00,3.228332708248419891e+00
1.634804724694419065e+00,3.232210239352006020e+00
1.638318434485167785e+00,3.235600230335029082e+00
1.641796946524489931e+00,3.238844016836932127e+00
1.645330271548638423e+00,3.242452988224825638e+00
1.648825025208919826e+00,3.246349771319812838e+00
1.652336465281967648e+00,3.249696271812193338e+00
1.655826459196027445e+00,3.253207867246735496e+00
1.659338532913288367e+00,3.256425757184947756e+00
1.662821960515611597e+00,3.260102012501540081e+00
1.666343617008711364e+00,3.263704385557107734e+00
1.669844434291815283e+00,3.266910760228870281e+00
1.673356416310741723e+00,3.270879040118631842e+00
1.676858324054403049e+00,3.274134011504381547e+00
1.680355930691544986e+00,3.277585312856217570e+00
1.683861184822034618e+00,3.281935286500128335e+00
1.687359110855151334e+00,3.284635204229881644e+00
1.690862366942480266e+00,3.288262466569758402e+00
1.694463470184241149e+00,3.291745768470456746e+00
1.697883849911801413e+00,3.288491966141397604e+00
1.701377821165002580e+00,3.298491280199782771e+00
1.704896421089390435e+00,3.302067880658063004e+00
1.708383990009433973e+00,3.305739143529294211e+00
1.711885008665326779e+00,3.309252423579542857e+00
1.715387965769424206e+00,3.311765820445022435e+00
1.718901663460319584e+00,3.315962364256883177e+00
1.722410547165035943e+00,3.318959297700909694e+00
1.725901374387847298e+00,3.323327285057418479e+00
1.729406499749855719e+00,3.326883479548143008e+00
1.732900794023412239e+00,3.330168104312973831e+00
1.736412124032224558e+00,3.333629349471416425e+00
1.739903420037467230e+00,3.337233228233343674e+00
1.743424988084089300e+00,3.341022451995055320e+00
1.746912364344158863e+00,3.344306312323842789e+00
1.750420791666200904e+00,3.347733933440387055e+00
1.753931065144105794e+00,3.351240414803974055e+00
1.757437926693133257e+00,3.354885298596360421e+00
1.760904105601901026e+00,3.358540388237837071e+00
1.764414199359649160e+00,3.360936957050081553e+00
1.767938850013415664e+00,3.365273126093822675e+00
1.771449961028045195e+00,3.368405265422107497e+00
1.774952889949177992e+00,3.372263710162572536e+00
1.778453483833424720e+00,3.375515643982185843e+00
1.781961140838284052e+00,3.376553979510462433e+00
1.785474532969468342e+00,3.382346362857289179e+00
1.788976871322121243e+00,3.374773865469274270e+00
1.792474893082293352e+00,3.389792298529670234e+00
1.795976588338838997e+00,3.393478757344182917e+00
1.799473296611938666e+00,3.396725714931462470e+00
1.803026536906036092e+00,3.400377019950019175e+00
1.806484691660215081e+00,3.403642372937997429e+00
1.809988506505695316e+00,3.407072819698273136e+00
1.813474054745290331e+00,3.410590585201631164e+00
1.816993699063283119e+00,3.432403438590185374e+00
1.820451705134255027e+00,3.417752551871195088e+00
1.823968095784635368e+00,3.421291027520481975e+00
1.827529557341619926e+00,3.424613038618020688e+00
1.830999359154644957e+00,3.428179567687799079e+00
1.834529709826697941e+00,3.432049714178233124e+00
1.838003815084426451e+00,3.435418737254715360e+00
1.841552680175351675e+00,3.439226870462841923e+00
1.845019134257204430e+00,3.442189682658754357e+00
1.848519139410836010e+00,3.445403031235317215e+00
1.852031737343588835e+00,3.448736385407602967e+00
1.855539520951627885e+00,3.452814185297675031e+00
1.859003341105949891e+00,3.456421343182910277e+00
1.862529628912410917e+00,3.459419017840451360e+00
1.866029806398011193e+00,3.463975442349172873e+00
1.869553929792530544e+00,3.467078059052362882e+00
1.873093163138038975e+00,3.469993393311820995e+00
1.876550026376411440e+00,3.473805215039738492e+00
1.880074897884066232e+00,3.477334213396351181e+00
1.883167855905805155e+00,3.480371145626637741e+00
1.887018498280087719e+00,3.482955420125226631e+00
1.890588733969864155e+00,3.486013171727598170e+00
1.894084387728569130e+00,3.491336291704218553e+00
1.897580809156565351e+00,3.494828941416303181e+00
1.901080104139953875e+00,3.498749956680743622e+00
1.904571695432461853e+00,3.501942394195390662e+00
1.908062307364841503e+00,3.505207769002879559e+00
1.911573337694411734e+00,3.508725946742353941e+00
1.915111042168197830e+00,3.512363858208170875e+00
1.918575164722376769e+00,3.515836044787995718e+00
1.922100069589539162e+00,3.519505047865731484e+00
1.925604062170061415e+00,3.522746949428706920e+00
1.929094242574254991e+00,3.526340458007998002e+00
1.932602330432996229e+00,3.529872060530012234e+00
1.936094142696034304e+00,3.533339343934465582e+00
1.939610372280216044e+00,3.538186445653724199e+00
1.943105310378983264e+00,3.540627901279712830e+00
1.946603673000904200e+00,3.544159944699321940e+00
1.950129942333320932e+00,3.546619261583549232e+00
1.953655954789828897e+00,3.550926660374476462e+00
1.957128150608837380e+00,3.554408989631215654e+00
1.960625990082492054e+00,3.557879816127345940e+00
1.964148280472149954e+00,3.561919072352582205e+00
1.967671724336003791e+00,3.565172215077669016e+00
1.971117739358254184e+00,3.568628013077642436e+00
1.974660019868239136e+00,3.571361001032890670e+00
1.977982977742899440e+00,3.574857571507642717e+00
1.981652516860338498e+00,3.578970178848156714e+00
1.985171659117150655e+00,3.582745526200336705e+00
1.988631752526507590e+00,3.583683758763052118e+00
1.992208424242271292e+00,3.589249634751384477e+00
1.995696439609649264e+00,3.591935829679473891e+00
1.999190185307387013e+00,3.596300541855444344e+00
2.002674094530464632e+00,3.599671949142353000e+00
2.006174841229402261e+00,3.602854689114600717e+00
2.009685889793765057e+00,3.607189588594621910e+00
2.013229246165824549e+00,3.610498058919175968e+00
2.016596599724963745e+00,3.613894251226651200e+00
2.020197770494149836e+00,3.617605484543774175e+00
2.023536658754120587e+00,3.621691739363366302e+00
2.027216014629802388e+00,3.625219062419489546e+00
2.030751484838495990e+00,3.627860722372944657e+00
2.034208888091293410e+00,3.631354037362047649e+00
2.037740542299198765e+00,3.635108076803307497e+00
2.041180093733482970e+00,3.638743466447862396e+00
2.044770552976657108e+00,3.641941696951776386e+00
2.048238911193437595e+00,3.647526804189079819e+00
2.051813785897908637e+00,3.649061727828749824e+00
2.056182901175054756e+00,3.652378908914951872e+00
2.058728042345476794e+00,3.654262801595517196e+00
2.062259308921170486e+00,3.659530579009239837e+00
2.065742272708994243e+00,3.663002675860005830e+00
2.069237093146858886e+00,3.666461609596107785e+00
2.072455926545971217e+00,3.669967877479589191e+00
2.076264239120640287e+00,3.671082814881024170e+00
2.079766181701400374e+00,3.675978182465164501e+00
2.082344245683331430e+00,3.680534677816462263e+00
2.086704558194203862e+00,3.683795513598020044e+00
2.090285812995405834e+00,3.687429862335112496e+00
2.093764976313073678e+00,3.690920688831657692e+00
2.097310736713578372e+00,3.694160518887550815e+00
2.100755618048651741e+00,3.698236034006366246e+00
2.104287191155766568e+00,3.700625862387141751e+00
2.107809881369288263e+00,3.705208717096158288e+00
2.111383428816271390e+00,3.708139011990062350e+00
2.106514836485108511e+00,3.714159138843753816e+00
2.118257850592553115e+00,3.715548784236602842e+00
2.121798854373283305e+00,3.719012552980255570e+00
2.125299381957431955e+00,3.722159552462552590e+00
2.128602407176037659e+00,3.725889004222696421e+00
2.132314988913077691e+00,3.729594705184548609e+00
2.135822383644555345e+00,3.732916556918191908e+00
2.139307126434933259e+00,3.736791496363181864e+00
2.142822447049226753e+00,3.741029281545900531e+00
2.146328595379431547e+00,3.743474426431075308e+00
2.149804281544191120e+00,3.747403692943488629e+00
2.153350872343712030e+00,3.750669579585002467e+00
2.156873117024074915e+00,3.753751787407369811e+00
2.160438465128925678e+00,3.757364285806432669e+00
2.163855590119322603e+00,3.760982768337186144e+00
2.167232770772225425e+00,3.764633105590898587e+00
2.170852648257290518e+00,3.767916783750702159e+00
2.174204820183637921e+00,3.771556960320937790e+00
2.177835144820687852e+00,3.775341155616604105e+00
2.181329647000200822e+00,3.778432510553272117e+00
2.184895154436119036e+00,3.782353186556565383e+00
2.189042483844709786e+00,3.785422437280694830e+00
2.191886914543929255e+00,3.788701423962592685e+00
2.195417490468541732e+00,3.795757993128225039e+00
2.198880774373773939e+00,3.802973406394053235e+00
2.202369137756781114e+00,3.799769689404427275e+00
2.205944012588290981e+00,3.803158911876395543e+00
2.209357383229892946e+00,3.805736904077639871e+00
2.212840785673512833e+00,3.809864513980094181e+00
2.216253474591877826e+00,3.814121479020952776e+00
2.219692852170044972e+00,3.817629087554069933e+00
2.223409962472049362e+00,3.819513560108568129e+00
2.226893475098570718e+00,3.824307286300233422e+00
2.230365345452467452e+00,3.808787445699723939e+00
2.233958674617889884e+00,3.832118883800307962e+00
2.237627526527727895e+00,3.834830044955004347e+00
2.240925255886241807e+00,3.838103114123181392e+00
2.244468381297624937e+00,3.841708446936490162e+00
2.248322229519488680e+00,3.845073907818291836e+00
2.161471333257339644e+00,3.848254248648640186e+00
2.254979984440389718e+00,3.852246050665983468e+00
2.258513686855154745e+00,3.856003293886103300e+00
2.261903752402043999e+00,3.858924036201854868e+00
2.265357105062942189e+00,3.862398204210569119e+00
2.268925245320390083e+00,3.866389406800651685e+00
2.272461946074580297e+00,3.868849589962040092e+00
2.276048012727303060e+00,3.872863012432826046e+00
2.279459829108640534e+00,3.876912075694815663e+00
2.282805656736249134e+00,3.880546938822851288e+00
2.286457333994781571e+00,3.883795341158759129e+00
2.289966724044714130e+00,3.887699301938309482e+00
2.293384244029776031e+00,3.890953327465712874e+00
2.296948274863393369e+00,3.893948749049678248e+00
2.300269694322202518e+00,3.897733667949909275e+00
2.303960960419209059e+00,3.900731499429554106e+00
2.307485714629444296e+00,3.904840781995498666e+00
2.310964348859559259e+00,3.908056606825485169e+00
2.314555271119541402e+00,3.913485559235719613e+00
2.317999344808149065e+00,3.915312745738879663e+00
2.321633652490144417e+00,3.919001950187635863e+00
2.326045443012463743e+00,3.922705273894473876e+00
2.328483613121203888e+00,3.925741090441518644e+00
2.332005866661170046e+00,3.929840176373560645e+00
2.335514761668012973e+00,3.932872255209879597e+00
2.339021630337638769e+00,3.936625734850276004e+00
2.342616415584738210e+00,3.939627396204188337e+00
2.346068692880666440e+00,3.944011299435362439e+00
2.349896920237653397e+00,3.947320066377264070e+00
2.353044042744046216e+00,3.950318028773668999e+00
2.356525291041899450e+00,3.954028444303696155e+00
2.360119345712524463e+00,3.957308799211881833e+00
2.363554079757039794e+00,3.960955311232823739e+00
2.366963500905248097e+00,3.964346554099775766e+00
2.370798969650616428e+00,3.968721870180909939e+00
2.374066003994947938e+00,3.971463123772273285e+00
2.377373590624695332e+00,3.975095880950365590e+00
2.381142039157449375e+00,3.978162779341198885e+00
2.384589952303258542e+00,3.982251147610056385e+00
2.388030438190936966e+00,3.987224120601050359e+00
2.391433569139777227e+00,3.989254725179833372e+00
2.395600921543493911e+00,3.992241075530862382e+00
2.398766864866320958e+00,3.995627002759897906e+00
2.402197894371381537e+00,3.999313554631550360e+00
2.405440232084528951e+00,4.003297799809957702e+00
2.409181306139811518e+00,4.005736049357971673e+00
2.412680290948165052e+00,4.009355055595775319e+00
2.416141613577643898e+00,4.013959371861942849e+00
2.419486486711427631e+00,4.017546964512031415e+00
2.424121022376595214e+00,4.020556090726243426e+00
2.426609224912905205e+00,4.023918825724489778e+00
2.430158984300199165e+00,4.027574981449814295e+00
2.433587381183007992e+00,4.031699611255350923e+00
2.437153656815432612e+00,4.036588280515455374e+00
2.440326520244950892e+00,4.037844507511510805e+00
2.443849278158699789e+00,4.042188982932696462e+00
2.447586566269665198e+00,4.045439104082544368e+00
2.451112228550869077e+00,4.048222902526047662e+00
2.454657302876059433e+00,4.054843714575153690e+00
2.457978093659123786e+00,4.055653551597147022e+00
2.461631111418262741e+00,4.049574591573388282e+00
2.465230102127197842e+00,4.062956612300555825e+00
2.468948890972273880e+00,4.066262906983609149e+00
2.472151368603864974e+00,4.069321157337376427e+00
2.475794514789056322e+00,4.072530449138750619e+00
2.479302286304908343e+00,4.076617738371319355e+00
2.482702332450840377e+00,4.079724421016644342e+00
2.486191210598670764e+00,4.083595465714796369e+00
2.489693166099043786e+00,4.087617112544411846e+00
2.493228630974302362e+00,4.090839380405931536e+00
2.496405211358306619e+00,4.094243383355121502e+00
2.500136455479296860e+00,4.097274208642074811e+00
2.504404030209496312e+00,4.101295655212108926e+00
2.507797414638115008e+00,4.104032550635169585e+00
2.510664965834977114e+00,4.107352206634561576e+00
2.514141371902619326e+00,4.111572587480067931e+00
2.517684020585623905e+00,4.114773994794737710e+00
2.521387740534563271e+00,4.118582469587366290e+00
2.524704758915775393e+00,4.122101608214234325e+00
2.528175313632782917e+00,4.125105258314030188e+00
2.531770100062153972e+00,4.129535963623321315e+00
2.535217033972105405e+00,4.132864764584602391e+00
2.538804468858462116e+00,4.187824351414783486e+00
2.541957817157799671e+00,4.139563758374983138e+00
2.545620114959556091e+00,4.142966375861052875e+00
2.549371849123488687e+00,4.146968311005393204e+00
2.552794458664996657e+00,4.149072224556534572e+00
2.556214274135394149e+00,4.153597072186978600e+00
2.559680143807640196e+00,4.157256713100265344e+00
2.563277762387158099e+00,4.155501204699496576e+00
2.566811106727183933e+00,4.163847722610109159e+00
2.570280410486628142e+00,4.167807236846713614e+00
2.573778542110483514e+00,4.171066645195141476e+00
2.577347266765527056e+00,4.174750898915315922e+00
2.580759580217085958e+00,4.178788602277724529e+00
2.584372625121523548e+00,4.181900536914255007e+00
2.587834144559069571e+00,4.184311826869580919e+00
2.591227885647102713e+00,4.189290087775654925e+00
2.594748007109526355e+00,4.191906989196827027e+00
2.598267430983279613e+00,4.195648983439325796e+00
2.601733787709056500e+00,4.199420141926498040e+00
2.605244198568103631e+00,4.201963544242229176e+00
2.609541242313238030e+00,4.206329611877323238e+00
2.612215269306413123e+00,4.208130220185550385e+00
2.615670529505007558e+00,4.213863787828162621e+00
2.619583801552465729e+00,4.216598501338441274e+00
2.622736436676464500e+00,4.220387593489419942e+00
2.626274316857727165e+00,4.223572862588098609e+00
2.629735459370629691e+00,4.227624615471730962e+00
2.634296396226961878e+00,4.231866594824219341e+00
2.636813773199218947e+00,4.234032378605118829e+00
2.640358550926960035e+00,4.237817561423639745e+00
2.643815366072890249e+00,4.240730557425838043e+00
2.647319774350890942e+00,4.244559895719127063e+00
2.650819588324313969e+00,4.249580303923355729e+00
2.654528200113386305e+00,4.252046112579362713e+00
2.657840514512333829e+00,4.255145730683330463e+00
2.661202582448471077e+00,4.258396314017831585e+00
2.664900093408479442e+00,4.262243926139201555e+00
2.668295074501794595e+00,4.271667572105769750e+00
2.671854969052783080e+00,4.269012307969833664e+00
2.675194345023223619e+00,4.272705041088248556e+00
2.678735697684277106e+00,4.276200266021700003e+00
2.682339728832337844e+00,4.279916608504568565e+00
2.685924573040413765e+00,4.283340438374338532e+00
2.689130565930208938e+00,4.286610206395770284e+00
2.692555326851950870e+00,4.290281977183545870e+00
2.696374688485944304e+00,4.293249198614026874e+00
2.699725146800589393e+00,4.297773448588944056e+00
2.703307610486811896e+00,4.300005729775477015e+00
2.706819105521680147e+00,4.303921259250649278e+00
2.710303927253698397e+00,4.307401425527777050e+00
2.713899445321876769e+00,4.310113292990073397e+00
2.717323081383849370e+00,4.313701011205480107e+00
2.720801925247950948e+00,4.318143135992547066e+00
2.724401367488464842e+00,4.321471127345406948e+00
2.727912798329616528e+00,4.326469132924849248e+00
2.731273319216823925e+00,4.332967606655788728e+00
2.734931887269590689e+00,4.333075478601256414e+00
2.738427703358795817e+00,4.335668010556383400e+00
2.741972556097125313e+00,4.338985738618419852e+00
2.745344783088037310e+00,4.343359392366178184e+00
2.750228335867677565e+00,4.351032477938012732e+00
2.752246793156617244e+00,4.349697250517633229e+00
2.756048032810675785e+00,4.345365908774069474e+00
2.759259019027486382e+00,4.357070044189127245e+00
2.762908598449019593e+00,4.360799790932296638e+00
2.766167338946385890e+00,4.364096809427486789e+00
2.770236522475042040e+00,4.367026404170466058e+00
2.773722931888272569e+00,4.370882451390807333e+00
2.777107212236954226e+00,4.374045024594017228e+00
2.780587240516459335e+00,4.377472353743124600e+00
2.784931756854126306e+00,4.381524261546534404e+00
2.787422022717188419e+00,4.383530136790953158e+00
2.791053235656158371e+00,4.387944980569232989e+00
2.794504107491261102e+00,4.390223354062929850e+00
2.798082728686474674e+00,4.395246496680907278e+00
2.801302632379120361e+00,4.399246120394079362e+00
2.805011982821733696e+00,4.402293710932553061e+00
2.808597035636393180e+00,4.406320785842797960e+00
2.812015787876010364e+00,4.410141010953662288e+00
2.815977669063933320e+00,4.412191226553715317e+00
2.818986509695347031e+00,4.416476650228265299e+00
2.822484807167037424e+00,4.418751621646667793e+00
2.825916060743497660e+00,4.423065176563907741e+00
2.829669507726795707e+00,4.426889031777373695e+00
2.832959517978519415e+00,4.430415395140875567e+00
2.836386071198921499e+00,4.434124837922261086e+00
2.838420083089228108e+00,4.437713625361985770e+00
2.843434287980225683e+00,4.442896812774250748e+00
2.847014408567373422e+00,4.447884985926560120e+00
2.850683475645514164e+00,4.447345403389228125e+00
2.853957823461878540e+00,4.451623619916539987e+00
2.857587258599198599e+00,4.454978767602060685e+00
2.861121709843133409e+00,4.458729842475861460e+00
2.864710943302748447e+00,4.455831813831904853e+00
2.868322899050905761e+00,4.465814050576363492e+00
2.871563428617620595e+00,4.469202622114969436e+00
2.874914864094940903e+00,4.472597586305843365e+00
2.878743072338735942e+00,4.477969534083154457e+00
2.882690130627412195e+00,4.478941101126397761e+00
2.885514360295112546e+00,4.483376000588676469e+00
2.888747448078204272e+00,4.486389929331925153e+00
2.892703241734716713e+00,4.488305498569439500e+00
2.896231887594786336e+00,4.493806536780657446e+00
2.897721566321697750e+00,4.493635304858538682e+00
2.902759063335827783e+00,4.498993916676947258e+00
2.906498429073605116e+00,4.503830495439706816e+00
2.910259213547170987e+00,4.508386613804378662e+00
2.913706627914960379e+00,4.511171388939245297e+00
2.917088274860716979e+00,4.514117514262974140e+00
2.920750144938723203e+00,4.518247998560048551e+00
2.924148444381711620e+00,4.521575382447386993e+00
2.927726661185201529e+00,4.524633771046089770e+00
2.930964756746937461e+00,4.527465278848714192e+00
2.934460914626510153e+00,4.533534396682341594e+00
2.938200027952254878e+00,4.534794329045858774e+00
2.941608284322417610e+00,4.538934067351061863e+00
2.945087332809484870e+00,4.542757961111965948e+00
2.948646832030772380e+00,4.544395827587755399e+00
2.944323064732479622e+00,4.549402830787935947e+00
2.955654067228302928e+00,4.553487531508320529e+00
2.959141399551302953e+00,4.557008093376370361e+00
2.962732822902532703e+00,4.559511346034931023e+00
2.966059998106726603e+00,4.563183038925779478e+00
2.969657625964790881e+00,4.566791397635059369e+00
2.973231818201650611e+00,4.570581157976877584e+00
2.976600957780059176e+00,4.574037847995380268e+00
2.980022429078535318e+00,4.577353981126075944e+00
2.983532730339457650e+00,4.581230100906862113e+00
2.987028942867747894e+00,4.584189890294479319e+00
2.989780431439512220e+00,4.587762554606864995e+00
2.994287174296475840e+00,4.591527872491903750e+00
3.013488038871686925e+00,4.594940472549079225e+00
3.001508388717954112e+00,4.598642707702889965e+00
3.004874431359019660e+00,4.600940196576368990e+00
3.009005029582227486e+00,4.601544969457822987e+00
3.011790094466194390e+00,4.608235318449135143e+00
3.008882450692840216e+00,4.612763878639702497e+00
3.027727557059162855e+00,4.616709556144654947e+00
3.022201937428271812e+00,4.621511507583713652e+00
3.025794534437124206e+00,4.622293753512908054e+00
3.031217945401587066e+00,4.626694069428096689e+00
3.034785443485760403e+00,4.629958805448423753e+00
3.036043817266457445e+00,4.633712091936852850e+00
3.039886022460665416e+00,4.637807359800667051e+00
3.043175673108252433e+00,4.639867940401096291e+00
3.046672438204544697e+00,4.643707344912776591e+00
3.050280775415493473e+00,4.645735219717074926e+00
3.053716002001230834e+00,4.650969116884342114e+00
3.056929202400392676e+00,4.655217248239980954e+00
3.060862269413968662e+00,4.658218808727576210e+00
3.064354103513882599e+00,4.661580860347528166e+00
3.067717508971605334e+00,4.664963148940898030e+00
3.071387832294797171e+00,4.664776566974749628e+00
3.074618873202489056e+00,4.671357181156372995e+00
3.078139852914074659e+00,4.675350209230454190e+00
3.081738372705925322e+00,4.680226861550276674e+00
3.088576989845943643e+00,4.681810793465110088e+00
3.088746367504640489e+00,4.685831737794488028e+00
3.092261212377755975e+00,4.690086766713704947e+00
3.095924284601520249e+00,4.692750781778107338e+00
3.099329059928113139e+00,4.694870047897349075e+00
3.103054404719926218e+00,4.701578481273067212e+00
3.106088755182558891e+00,4.704462091830269088e+00
3.110427291575676101e+00,4.707169309603734142e+00
3.113675952727359864e+00,4.710411570403929105e+00
3.116815670869141464e+00,4.713647900369612564e+00
3.120140532229357611e+00,4.717042978048174184e+00
3.124271300132182461e+00,4.722364544391743024e+00
3.127135514772018787e+00,4.723808132374469615e+00
3.130683407266587004e+00,4.728671031642345035e+00
3.134346786966498932e+00,4.732060762247916941e+00
3.137719185587484638e+00,4.734974087268058796e+00
3.141489767624865870e+00,4.743755372175720630e+00
3.144766942597863491e+00,4.742817697970763469e+00
3.148113793495268986e+00,4.745781647604178310e+00
3.151802529386735330e+00,4.749370741537495277e+00
3.155321481989906474e+00,4.752568449070989409e+00
3.158828798156750217e+00,4.750143966789454275e+00
3.182355028542710684e+00,4.867627179108156454e+00
3.165785019694225433e+00,4.762596532418374551e+00
3.168744016896027915e+00,4.766279236115279261e+00
3.172838369534570546e+00,4.769692732670342217e+00
3.176227371307031255e+00,4.773210730454777284e+00
3.179479256601585035e+00,4.776878822513611844e+00
3.183370879082759508e+00,4.781180686500984045e+00
3.186881984921328126e+00,4.784150252477398446e+00
3.190728012615713816e+00,4.787394181927457026e+00
3.193974317940136309e+00,4.792305359238055118e+00
3.197377428153490797e+00,4.794184413835813174e+00
3.200957351772169446e+00,4.795861368324852769e+00
3.204255494994064257e+00,4.800996706762406419e+00
3.208783206889505912e+00,4.805186216129436971e+00
3.211614111993367437e+00,4.808407391549291532e+00
3.214712202261410745e+00,4.812934921493576823e+00
3.218523940717024523e+00,4.816300647277164337e+00
3.221844461065026977e+00,4.819347780296884487e+00
3.225309427500949511e+00,4.823382342706266535e+00
3.228675472122100487e+00,4.825612033519293576e+00
3.232644336687985565e+00,4.830009368137686110e+00
3.235916878343479297e+00,4.832306365624636335e+00
3.238855939778285453e+00,4.836374527683066304e+00
3.243207532059672715e+00,4.840528201177002998e+00
3.246245338212601972e+00,4.843666023935758957e+00
3.249998354867230432e+00,4.848403172787413062e+00
3.253488154253043163e+00,4.856423359299709475e+00
3.256824165325171272e+00,4.853714194584133779e+00
3.260587559912930367e+00,4.857835160073085135e+00
3.264252370295608330e+00,4.860862242351311480e+00
3.267349939799609970e+00,4.863977867965987301e+00
3.271059020578118037e+00,4.868897350041117456e+00
3.274372882563024056e+00,4.871968913510857035e+00
3.278017247037535498e+00,4.876183331120751419e+00
3.281626113121660637e+00,4.877682337257397194e+00
3.285110685126997332e+00,4.882184051368932742e+00
3.288595866712482163e+00,4.884583185027149277e+00
3.292083341650409167e+00,4.890283114189077907e+00
3.295602638949695518e+00,4.892304765214171347e+00
3.299703003708854609e+00,4.895968890807735008e+00
3.302443988009069464e+00,4.904298524058865461e+00
3.305907144410924481e+00,4.903036027013083498e+00
3.309373979045362901e+00,4.914794115325772594e+00
3.312889695525050193e+00,4.913571088682375354e+00
3.316456276448813689e+00,4.913312248093985701e+00
3.320180908821143362e+00,4.917128845294707062e+00
3.325594296947119943e+00,4.920392705443378034e+00
3.326987416725531332e+00,4.919845686131033347e+00
3.330418509332352173e+00,4.926519306689555400e+00
3.333139267134785477e+00,4.929181491194817077e+00
3.337477994027084449e+00,4.934797956441834721e+00
3.340612631620675010e+00,4.939046173251783856e+00
3.345164183528517299e+00,4.942218343414079840e+00
3.348112323752771680e+00,4.945676603573384789e+00
3.351709532485368292e+00,4.946860298952104884e+00
3.355084700028242217e+00,4.951610980068729795e+00
3.357959238008954905e+00,4.955652151107127423e+00
3.361924195924204994e+00,4.959622232577906686e+00
3.365633467677575652e+00,4.962436136681499299e+00
3.368948471145362333e+00,4.966494737599591147e+00
3.372616372859649658e+00,4.968695457911158186e+00
3.376486007242696097e+00,4.973222521843343458e+00
3.379445622943498151e+00,4.977281344387972872e+00
3.382055539381872755e+00,4.980351368095219833e+00
3.386861454407218197e+00,4.983882136097018467e+00
3.389834232206215603e+00,4.986246296536991807e+00
3.393465767947245304e+00,4.991876714596882536e+00
3.397104786373418506e+00,4.995136954485279723e+00
3.400885506076792630e+00,4.998455573427989407e+00
3.404186577357227073e+00,5.002887706134722556e+00
3.407705786499686695e+00,5.000901735751194011e+00
3.411097649596886328e+00,5.008310242098517939e+00
3.414880578009014123e+00,5.011957503605829700e+00
3.418285208481846027e+00,5.015747666746149136e+00
3.421426204191254428e+00,5.018318201414276203e+00
3.425175804018138592e+00,5.022055932091681107e+00
3.428722344941979472e+00,5.025579578687485949e+00
3.431955876379553239e+00,5.029789823660505199e+00
3.435603070917014001e+00,5.030298404693487768e+00
3.439190388504659524e+00,5.037167510567409856e+00
3.442454538508649797e+00,5.039766462447694551e+00
3.446189965675723776e+00,5.043123770524384319e+00
3.449545549973788816e+00,5.047085762471306580e+00
3.447847578531341384e+00,5.050121803473078153e+00
3.456747447564548992e+00,5.053563833961273843e+00
3.460203358332907264e+00,5.057614063594614073e+00
3.464194696644519844e+00,5.062298492747961731e+00
3.467028297312804597e+00,5.064215062099767017e+00
3.470831929996312404e+00,5.068924433167984134e+00
3.474307639494209177e+00,5.071686177334234991e+00
3.477840298662031593e+00,5.074550716550048968e+00
3.480563880968381874e+00,5.078322494671787979e+00
3.484535625736692843e+00,5.081970200438450824e+00
3.488406048904060697e+00,5.085756627970943633e+00
3.492106568524056875e+00,5.088536129413439468e+00
3.494921080376583333e+00,5.093046218908805045e+00
3.498623310760158311e+00,5.096581558283387103e+00
3.502055359147825619e+00,5.099507679261961357e+00
3.505697797330268983e+00,5.101522895429755344e+00
3.508801074520709662e+00,5.108065208711179750e+00
3.512602437881021444e+00,5.109104521719482150e+00
3.516064243820014923e+00,5.112017118850008757e+00
3.520447408191218486e+00,5.102739331042505988e+00
3.523283613951783799e+00,5.108683213696807002e+00
3.526575785813797381e+00,5.123383009290333412e+00
3.530119637076582606e+00,5.127082409746176239e+00
3.533511560872175217e+00,5.129897252982971168e+00
3.491059041111629568e+00,5.139289584141979894e+00
3.542457004738305493e+00,5.137432887412468396e+00
3.544399491483932074e+00,5.141953392402478507e+00
3.547628745657679161e+00,5.145565450132350449e+00
3.551520616011092812e+00,5.147759042063691837e+00
3.554584859231454175e+00,5.152074293859163490e+00
3.558380871328949091e+00,5.180425854157619803e+00
3.561641191676093499e+00,5.158405904582617829e+00
3.562876785720166417e+00,5.162715364720644295e+00
3.569017001841464420e+00,5.166535857668446141e+00
3.572459287902854719e+00,5.168700129654445696e+00
3.575307239886345911e+00,5.172563960290267104e+00
3.579097548907853366e+00,5.176324489314700905e+00
3.582928996743409478e+00,5.180010482822249074e+00
3.592598293128784093e+00,5.182469385388557725e+00
3.589405326215168834e+00,5.188224040707103413e+00
3.593441068694581908e+00,5.190118832188117537e+00
3.596899088075658391e+00,5.193987422832462286e+00
3.600196909241818233e+00,5.198186833899604231e+00
3.604084175451261807e+00,5.201458408717869908e+00
3.607661564398713772e+00,5.204450220605772337e+00
3.610433924504661718e+00,5.205729623821898855e+00
3.614419536402038169e+00,5.211575198461388503e+00
3.617355227301818132e+00,5.214002576879940065e+00
3.620721035685042999e+00,5.217222669253869682e+00
3.624210080063869022e+00,5.223622791812279509e+00
3.629488367238920432e+00,5.225546078010429696e+00
3.631797588690466760e+00,5.229739251197329963e+00
3.635359303755071103e+00,5.232451162765306307e+00
3.638708023536821656e+00,5.236805103406363848e+00
3.642338153222238084e+00,5.239591937302790825e+00
3.645873127589420726e+00,5.241986964873229127e+00
3.648764162976090297e+00,5.240490841443097736e+00
3.652441206243506322e+00,5.250538667865988884e+00
3.656248095542207643e+00,5.253976896857407652e+00
3.659977117188155660e+00,5.257033523217288007e+00
3.663303114612496358e+00,5.255197660997796838e+00
3.666745518936648907e+00,5.264039279662749315e+00
3.670117182605806327e+00,5.267271160604591884e+00
3.673547377418302062e+00,5.270910459070814014e+00
3.677611909546122604e+00,5.271014677976921803e+00
3.681119667979844579e+00,5.265469376949541314e+00
3.668307395317334851e+00,5.282578369601402812e+00
3.689146572456859730e+00,5.290506008158901707e+00
3.697920416502579855e+00,5.288925456622004972e+00
3.694903006037002058e+00,5.291818115741004469e+00
3.698547854392574052e+00,5.284786709151690687e+00
3.701367707272772201e+00,5.298887428573992864e+00
3.705335393234677532e+00,5.302698653860131728e+00
3.709304450211707405e+00,5.306189674817315627e+00
3.712188340726617852e+00,5.309856471858910076e+00
3.715835027225924847e+00,5.312937768814693484e+00
3.719533899289915624e+00,5.313483379398213913e+00
3.723523968544546037e+00,5.318488989561503288e+00
3.726246277664515993e+00,5.323161192291107291e+00
3.729821234242463035e+00,5.327815841744364178e+00
3.733409113923134015e+00,5.330480696582778677e+00
3.737066425029172301e+00,5.334858974458297709e+00
3.740795342434574344e+00,5.322730593944399402e+00
3.743763866992317446e+00,5.342048323337388993e+00
3.747278025249549671e+00,5.344308631249678143e+00
3.747068525228516300e+00,5.349685386922371499e+00
3.754586042987008376e+00,5.351901602551865089e+00
3.758404269873382830e+00,5.355257134853778744e+00
3.761117901466502822e+00,5.353432266496913172e+00
3.765127411607726238e+00,5.362546552606866967e+00
3.768236435515935234e+00,5.366427995667260475e+00
3.772035153732981705e+00,5.369380055624346504e+00
3.774334145727391565e+00,5.372829272466859152e+00
3.779083773047298145e+00,5.375716501780500423e+00
3.782377431982845373e+00,5.379472350834650918e+00
3.795703859601960772e+00,5.384893172440107456e+00
3.789774927641958335e+00,5.386225787602223036e+00
3.792338708007751968e+00,5.390277797061584941e+00
3.796433239747168287e+00,5.393505087902100925e+00
3.799739144803043978e+00,5.397664868221889733e+00
3.803376311573327229e+00,5.400464749730497616e+00
3.807033573866895004e+00,5.404316396130179889e+00
3.810094918052939761e+00,5.407517335831551364e+00
3.813685330555005137e+00,5.413243302133243340e+00
3.817498540836929521e+00,5.415027698694269809e+00
3.821024943690040310e+00,5.418688346631092223e+00
3.824383610532588129e+00,5.422745883413737644e+00
3.827903527451021581e+00,5.425509955449390631e+00
3.831034535532235275e+00,5.429145018108475718e+00
3.834545855234250844e+00,5.432701801312459722e+00
3.838298954220844550e+00,5.436529341338377286e+00
3.842105332937342688e+00,5.439800319132856998e+00
3.843739672735157598e+00,5.442695192994157161e+00
3.847059504902339278e+00,5.445428024703195646e+00
3.851609400642577619e+00,5.449328390215136153e+00
3.855699860252489231e+00,5.455473627763033129e+00
3.859250070638976737e+00,5.456273025441035429e+00
3.862756044433459657e+00,5.461194985604558738e+00
3.866198480497956780e+00,5.467515604357298109e+00
3.869270984753284459e+00,5.467390624573504887e+00
3.873568878532831050e+00,5.471153288203510989e+00
3.877536765366947691e+00,5.474854936541011519e+00
3.880700097953871719e+00,5.476961434212145541e+00
3.884124861220557889e+00,5.481978921307326225e+00
3.887481091206615780e+00,5.481030383454752908e+00
3.891258936942533886e+00,5.489563814916303741e+00
3.894653510077641378e+00,5.493295632034202569e+00
3.898063918200278977e+00,5.495903797491129339e+00
3.901152337013798821e+00,5.498377759914005125e+00
3.904875140365580144e+00,5.502261336042519879e+00
3.908411659673293848e+00,5.501658757528827159e+00
3.912023345104336691e+00,5.508710956889634858e+00
3.915936021122436550e+00,5.512390056876832034e+00
3.920696714256869164e+00,5.516481914087591143e+00
3.922740870120206225e+00,5.518517065385153408e+00
3.925347207931991989e+00,5.523302987281501153e+00
3.929312877264051984e+00,5.526460063390003619e+00
3.932354758148594698e+00,5.530157386606736836e+00
3.936029302806625552e+00,5.533799011700375914e+00
3.939869410919832227e+00,5.537857625867186329e+00
3.943648249109556581e+00,5.541324873422825981e+00
3.948249905745023547e+00,5.544181338629717182e+00
3.950714860387139815e+00,5.546556054118680912e+00
3.953679107288405881e+00,5.550538279550233156e+00
3.957767861003818055e+00,5.555545688898181567e+00
3.961314298478030516e+00,5.557304557236627751e+00
3.964350111068994487e+00,5.561884527432925829e+00
3.968349695007020728e+00,5.565383970483095410e+00
3.971128504399701775e+00,5.567615367296944839e+00
3.974726562554928400e+00,5.573694757920042875e+00
3.978506310111241007e+00,5.576530044213214410e+00
3.986793850070282197e+00,5.579437635835377662e+00
3.985594024001321678e+00,5.585186866138432293e+00
3.989395026040289061e+00,5.585607412174860897e+00
3.992756381951724443e+00,5.589463467157441912e+00
3.996239713759695000e+00,5.593429275760812835e+00
3.999220040189326753e+00,5.597073048736841194e+00
4.002770775723258012e+00,5.600402021707615141e+00
4.006606326042947863e+00,5.602586312812876557e+00
4.010022082867509496e+00,5.606697276681989806e+00
