5.133010927405464718e-01,1.513301092740546583e+00
5.167763370630719111e-01,1.516776337063071800e+00
5.202514110805761538e-01,1.520251411080576265e+00
5.237261945479211311e-01,1.523726194547921242e+00
5.272007502426544479e-01,1.527200750242654337e+00
5.306751013692332375e-01,1.530675101369233237e+00
5.341492102645533091e-01,1.534149210264553309e+00
5.376230863557507345e-01,1.537623086355750734e+00
5.410967589474607875e-01,1.541096758947460899e+00
5.445701342949377244e-01,1.544570134294937613e+00
5.480433642418601758e-01,1.548043364241860065e+00
5.515162843606757903e-01,1.551516284360675790e+00
5.549890183602058658e-01,1.554989018360205755e+00
5.584615017513949731e-01,1.558461501751394973e+00
5.619337815924465573e-01,1.561933781592446557e+00
5.654057872713301736e-01,1.565405787271330063e+00
5.688776126532379962e-01,1.568877612653237996e+00
5.723491843590068351e-01,1.572349184359006724e+00
5.758205021645714794e-01,1.575820502164571479e+00
5.792916111406126722e-01,1.579291611140612783e+00
5.827624920067407954e-01,1.582762492006740906e+00
5.862331347854212726e-01,1.586233134785421273e+00
5.897035429361761061e-01,1.589703542936176106e+00
5.931736793285032894e-01,1.593173679328503400e+00
5.966436659186726832e-01,1.596643665918672683e+00
6.001134254729409978e-01,1.600113425472940998e+00
6.035828911243928951e-01,1.603582891124392784e+00
6.070521585545887167e-01,1.607052158554588717e+00
6.105211838185294893e-01,1.610521183818529600e+00
6.139899897658217531e-01,1.613989989765821864e+00
6.174585702337144211e-01,1.617458570233714532e+00
6.209268895407986655e-01,1.620926889540798665e+00
6.243950107025951768e-01,1.624395010702595066e+00
6.278628791578501067e-01,1.627862879157849996e+00
6.313305421650510230e-01,1.631330542165051023e+00
6.347979201188238552e-01,1.634797920118823855e+00
6.382651269215048329e-01,1.638265126921504944e+00
6.417320852774665019e-01,1.641732085277466613e+00
6.451988535791646218e-01,1.645198853579164622e+00
6.486653125495985828e-01,1.648665312549598472e+00
6.521316034304347475e-01,1.652131603430434748e+00
6.555975978857625508e-01,1.655597597885762440e+00
6.590634103488329787e-01,1.659063410348832868e+00
6.625289957215650949e-01,1.662528995721565206e+00
6.659943668909831249e-01,1.665994366890983125e+00
6.694594588548620218e-01,1.669459458854861911e+00
6.729243748885705978e-01,1.672924374888570487e+00
6.763889998385531621e-01,1.676388999838553051e+00
6.798534380706852120e-01,1.679853438070685101e+00
6.833176271977140503e-01,1.683317627197713939e+00
6.867815556707256297e-01,1.686781555670725741e+00
6.902453262869164829e-01,1.690245326286916594e+00
6.937088446002597220e-01,1.693708844600259722e+00
6.971721403036988951e-01,1.697172140303699006e+00
7.006351460738328152e-01,1.700635146073832704e+00
7.040979598347649748e-01,1.704097959834764975e+00
7.075605538594488264e-01,1.707560553859448937e+00
7.110229120637833189e-01,1.711022912063783430e+00
7.144850345743141151e-01,1.714485034574314115e+00
7.179469304959048559e-01,1.717946930495904745e+00
7.214085989289138467e-01,1.721408598928913847e+00
7.248700387907279774e-01,1.724870038790728088e+00
7.283312395082701673e-01,1.728331239508270167e+00
7.317922341519740304e-01,1.731792234151974030e+00
7.352529652136806648e-01,1.735252965213680554e+00
7.387134775708309453e-01,1.738713477570831056e+00
7.421737753477378741e-01,1.742173775347737763e+00
7.456338353136207076e-01,1.745633835313620708e+00
7.490936511362344952e-01,1.749093651136234495e+00
7.525532604818393478e-01,1.752553260481839459e+00
7.560126285251030920e-01,1.756012628525103203e+00
7.594717710157292689e-01,1.759471771015729269e+00
7.629307071492366088e-01,1.762930707149236609e+00
7.663893567518887950e-01,1.766389356751888684e+00
7.698478324554040020e-01,1.769847832455404113e+00
7.733060455661542321e-01,1.773306045566154232e+00
7.767640265674838895e-01,1.776764026567483779e+00
7.802218084159384670e-01,1.780221808415938467e+00
7.836793436460390838e-01,1.783679343646038973e+00
7.871366405572319813e-01,1.787136640557231981e+00
7.905937305152671568e-01,1.790593730515267268e+00
7.940505804608327667e-01,1.794050580460832656e+00
7.975072011278321327e-01,1.797507201127832133e+00
8.009635926527599592e-01,1.800963592652760070e+00
8.044197524888291317e-01,1.804419752488829243e+00
8.078756669897543263e-01,1.807875666989754215e+00
8.113313584095702691e-01,1.811331358409570269e+00
8.147868794065085130e-01,1.814786879406508513e+00
8.182421065549574379e-01,1.818242106554957438e+00
8.216971198290201617e-01,1.821697119829020162e+00
8.251518877098428240e-01,1.825151887709842935e+00
8.286064486970622367e-01,1.828606448697062348e+00
8.320607718857969681e-01,1.832060771885796857e+00
8.355149082135084893e-01,1.835514908213508489e+00
8.389687831705769927e-01,1.838968783170576993e+00
8.424224155107792322e-01,1.842422415510779121e+00
8.458758185268246965e-01,1.845875818526824697e+00
8.493290195165557055e-01,1.849329019516555705e+00
8.527819752765037897e-01,1.852781975276503790e+00
8.562346703171885842e-01,1.856234670317188584e+00
8.596872032088194171e-01,1.859687203208819417e+00
8.631394461297183796e-01,1.863139446129718380e+00
8.665914855160973262e-01,1.866591485516097215e+00
8.700432969371318936e-01,1.870043296937131894e+00
8.734948999373962630e-01,1.873494899937396152e+00
8.769462628134168103e-01,1.876946262813416810e+00
8.803973747173133857e-01,1.880397374717313497e+00
8.838482969322997151e-01,1.883848296932299604e+00
8.872989794394499086e-01,1.887298979439449909e+00
8.907493868800696601e-01,1.890749386880069771e+00
8.941996114138641705e-01,1.894199611413864170e+00
8.976495845088647840e-01,1.897649584508864784e+00
9.010993744640936054e-01,1.901099374464093605e+00
9.045488755708627204e-01,1.904548875570862609e+00
9.079981926905764666e-01,1.907998192690576467e+00
9.114472433830093090e-01,1.911447243383009198e+00
9.148960793346236908e-01,1.914896079334623691e+00
9.183447483445121851e-01,1.918344748344512185e+00
9.217930929990323374e-01,1.921793092999032337e+00
9.252412627895958419e-01,1.925241262789595842e+00
9.286892190670892333e-01,1.928689219067089233e+00
9.321368861889007817e-01,1.932136886188900782e+00
9.355843750790684421e-01,1.935584375079068442e+00
9.390316274949440656e-01,1.939031627494943955e+00
9.424786327339232939e-01,1.942478632733923405e+00
9.459254330650643805e-01,1.945925433065064381e+00
9.493719815972561094e-01,1.949371981597256109e+00
9.528183280976323388e-01,1.952818328097632339e+00
9.562644481649031913e-01,1.956264448164903191e+00
9.597103132000144310e-01,1.959710313200014431e+00
9.631559974473684616e-01,1.963155997447368462e+00
9.666013876141035244e-01,1.966601387614103524e+00
9.700465445587234115e-01,1.970046544558723411e+00
9.734915669359858192e-01,1.973491566935985819e+00
9.769362940990994337e-01,1.976936294099099545e+00
9.803808263001873025e-01,1.980380826300187191e+00
9.838250688741549954e-01,1.983825068874154995e+00
9.872691669837209139e-01,1.987269166983721025e+00
9.907129705936678077e-01,1.990712970593667919e+00
9.941565734495848572e-01,1.994156573449584968e+00
9.975999514224609399e-01,1.997599951422460940e+00
1.001043064428753349e+00,2.001043064428753127e+00
1.004486011173565618e+00,2.004486011173565618e+00
1.007928712956123851e+00,2.007928712956124073e+00
1.011371202982882966e+00,2.011371202982882966e+00
1.014813426645266414e+00,2.014813426645266414e+00
1.018255406853203926e+00,2.018255406853203926e+00
1.021697200468835387e+00,2.021697200468835387e+00
1.025138745591966050e+00,2.025138745591966050e+00
1.028580080667374608e+00,2.028580080667374830e+00
1.032021201480569639e+00,2.032021201480569417e+00
1.035462073197013888e+00,2.035462073197013666e+00
1.038902729880306186e+00,2.038902729880306186e+00
1.042343103675083871e+00,2.042343103675083871e+00
1.045783289093874302e+00,2.045783289093874302e+00
1.049223274464980094e+00,2.049223274464980094e+00
1.052662980735704634e+00,2.052662980735704856e+00
1.056102509745627804e+00,2.056102509745628026e+00
1.059541783667718784e+00,2.059541783667718562e+00
1.062980811913798229e+00,2.062980811913798007e+00
1.066419673536723955e+00,2.066419673536723955e+00
1.069858286222052701e+00,2.069858286222052701e+00
1.073296635953007394e+00,2.073296635953007616e+00
1.076734777030135870e+00,2.076734777030135870e+00
1.080172713619544034e+00,2.080172713619544034e+00
1.083610383895602824e+00,2.083610383895602602e+00
1.087047854309215911e+00,2.087047854309215911e+00
1.090485076814538656e+00,2.090485076814538878e+00
1.093922091012767384e+00,2.093922091012767162e+00
1.097358846478089012e+00,2.097358846478089234e+00
1.100795440601756159e+00,2.100795440601756159e+00
1.104231766960664052e+00,2.104231766960664274e+00
1.107667832126170149e+00,2.107667832126169927e+00
1.111103760444956956e+00,2.111103760444956734e+00
1.114539432333960356e+00,2.114539432333960356e+00
1.117974832157219156e+00,2.117974832157218934e+00
1.121410027427271361e+00,2.121410027427271139e+00
1.124844963274557852e+00,2.124844963274557852e+00
1.128279725020653323e+00,2.128279725020653323e+00
1.131714255340398712e+00,2.131714255340398712e+00
1.135148530798869126e+00,2.135148530798868904e+00
1.138582627106618395e+00,2.138582627106618617e+00
1.142016408645450065e+00,2.142016408645449843e+00
1.145450057284325585e+00,2.145450057284325585e+00
1.148883412407304183e+00,2.148883412407304405e+00
1.152316561107857185e+00,2.152316561107856963e+00
1.155749550909898726e+00,2.155749550909898726e+00
1.159182228242392698e+00,2.159182228242392476e+00
1.162614683176104613e+00,2.162614683176104613e+00
1.166046971109997221e+00,2.166046971109997443e+00
1.169479010259784513e+00,2.169479010259784513e+00
1.172910783526873724e+00,2.172910783526873502e+00
1.176342367195800653e+00,2.176342367195800875e+00
1.179773738574860120e+00,2.179773738574859898e+00
1.183204794624064027e+00,2.183204794624064249e+00
1.186635701547352539e+00,2.186635701547352539e+00
1.190066422334629337e+00,2.190066422334629337e+00
1.193496820997649754e+00,2.193496820997649976e+00
1.196927056743287254e+00,2.196927056743287032e+00
1.200357029522480801e+00,2.200357029522480801e+00
1.203786816402342197e+00,2.203786816402342197e+00
1.207216361651180625e+00,2.207216361651180847e+00
1.210645707527006065e+00,2.210645707527006287e+00
1.214074756846090120e+00,2.214074756846089898e+00
1.217503606897581303e+00,2.217503606897581303e+00
1.220932261799163365e+00,2.220932261799163143e+00
1.224360659509413862e+00,2.224360659509414084e+00
1.227788813527777911e+00,2.227788813527777911e+00
1.231216724684158548e+00,2.231216724684158770e+00
1.234644521415440011e+00,2.234644521415440011e+00
1.238071991594724475e+00,2.238071991594724253e+00
1.241499334692490741e+00,2.241499334692490741e+00
1.244926379071565004e+00,2.244926379071564781e+00
1.248353146224371546e+00,2.248353146224371546e+00
1.251779821832909922e+00,2.251779821832910145e+00
1.255206173959875215e+00,2.255206173959875215e+00
1.258632304538227498e+00,2.258632304538227498e+00
1.262058220364129291e+00,2.262058220364129291e+00
1.265483924221495027e+00,2.265483924221495027e+00
1.268909375474414292e+00,2.268909375474414070e+00
1.272334624550061521e+00,2.272334624550061299e+00
1.275759694568444846e+00,2.275759694568444846e+00
1.279184459852025890e+00,2.279184459852025668e+00
1.282609012521648717e+00,2.282609012521648495e+00
1.286033395915128219e+00,2.286033395915127997e+00
1.289457509399887236e+00,2.289457509399887236e+00
1.292881397705258228e+00,2.292881397705258451e+00
1.296305040167384570e+00,2.296305040167384348e+00
1.299728484385160199e+00,2.299728484385160421e+00
1.303151755422866431e+00,2.303151755422866209e+00
1.306574748617855386e+00,2.306574748617855164e+00
1.309997461416983588e+00,2.309997461416983811e+00
1.313420049272693957e+00,2.313420049272694179e+00
1.316842348285827136e+00,2.316842348285827136e+00
1.320264474127536891e+00,2.320264474127537113e+00
1.323686343079674144e+00,2.323686343079674366e+00
1.327107975598779577e+00,2.327107975598779355e+00
1.330529412098558906e+00,2.330529412098559128e+00
1.333950568068611675e+00,2.333950568068611453e+00
1.337371557134056754e+00,2.337371557134056754e+00
1.340792279365063511e+00,2.340792279365063511e+00
1.344212793429876651e+00,2.344212793429876651e+00
1.347633109360224068e+00,2.347633109360224068e+00
1.351053157454051412e+00,2.351053157454051412e+00
1.354473044370158918e+00,2.354473044370158696e+00
1.357892626694003679e+00,2.357892626694003901e+00
1.361312038309690386e+00,2.361312038309690386e+00
1.364731162474247972e+00,2.364731162474248194e+00
1.368150131731628472e+00,2.368150131731628250e+00
1.371568875230771978e+00,2.371568875230772200e+00
1.374987335817993594e+00,2.374987335817993817e+00
1.378405609492831418e+00,2.378405609492831196e+00
1.381823662495194727e+00,2.381823662495194505e+00
1.385241484687133928e+00,2.385241484687133706e+00
1.388659034073642884e+00,2.388659034073643106e+00
1.392076446694049841e+00,2.392076446694050063e+00
1.395493597458886237e+00,2.395493597458886015e+00
1.398910542270268342e+00,2.398910542270268564e+00
1.402327238875882509e+00,2.402327238875882287e+00
1.405743691223481528e+00,2.405743691223481306e+00
1.409159925160491156e+00,2.409159925160491156e+00
1.412575956902616614e+00,2.412575956902616614e+00
1.415991770102716041e+00,2.415991770102715819e+00
1.419407325087654215e+00,2.419407325087654215e+00
1.422822671056657162e+00,2.422822671056657384e+00
1.426237788528813777e+00,2.426237788528813777e+00
1.429652709965439916e+00,2.429652709965440138e+00
1.433067364802989463e+00,2.433067364802989463e+00
1.436481857714781762e+00,2.436481857714781540e+00
1.439896091856883942e+00,2.439896091856883942e+00
1.443310075625183320e+00,2.443310075625183320e+00
1.446723831843890196e+00,2.446723831843890196e+00
1.450137409172725045e+00,2.450137409172724823e+00
1.453550729115337337e+00,2.453550729115337337e+00
1.456963824272707431e+00,2.456963824272707431e+00
1.460376733567883445e+00,2.460376733567883445e+00
1.463789377320452889e+00,2.463789377320452889e+00
1.467201836986307351e+00,2.467201836986307129e+00
1.470614060883125296e+00,2.470614060883125518e+00
1.474025989088679767e+00,2.474025989088679545e+00
1.477437775783263296e+00,2.477437775783263518e+00
1.480849308787157481e+00,2.480849308787157703e+00
1.484260619605598297e+00,2.484260619605598297e+00
1.487671766141865914e+00,2.487671766141866136e+00
1.491082582947385271e+00,2.491082582947385049e+00
1.494493243877755395e+00,2.494493243877755617e+00
1.497903693752008047e+00,2.497903693752007825e+00
1.501313815788790418e+00,2.501313815788790418e+00
1.504723801859632726e+00,2.504723801859632726e+00
1.508133562200122180e+00,2.508133562200121958e+00
1.511543082393248971e+00,2.511543082393249193e+00
1.514952420902184294e+00,2.514952420902184294e+00
1.518361471030651222e+00,2.518361471030651444e+00
1.521770316242266885e+00,2.521770316242267107e+00
1.525179029550797427e+00,2.525179029550797427e+00
1.528587339392753375e+00,2.528587339392753375e+00
1.531995544954720012e+00,2.531995544954719790e+00
1.535403525425638849e+00,2.535403525425638627e+00
1.538811229041626705e+00,2.538811229041626483e+00
1.542218751129066368e+00,2.542218751129066590e+00
1.545626014642174306e+00,2.545626014642174084e+00
1.549033107190591174e+00,2.549033107190591174e+00
1.552439931548831309e+00,2.552439931548831531e+00
1.555846598018763682e+00,2.555846598018763682e+00
1.559252912779200750e+00,2.559252912779200528e+00
1.562659140551075021e+00,2.562659140551074799e+00
1.566065041853840656e+00,2.566065041853840434e+00
1.569470780850131808e+00,2.569470780850132030e+00
1.572876294283552134e+00,2.572876294283552134e+00
1.576281565644591209e+00,2.576281565644591431e+00
1.579686622840774213e+00,2.579686622840774213e+00
1.583091434474859005e+00,2.583091434474859227e+00
1.586496075565973385e+00,2.586496075565973385e+00
1.589900453487117948e+00,2.589900453487118170e+00
1.593304579364042350e+00,2.593304579364042350e+00
1.596708543719271400e+00,2.596708543719271400e+00
1.600112262823410569e+00,2.600112262823410347e+00
1.603515798324770980e+00,2.603515798324770980e+00
1.606919008611189081e+00,2.606919008611189081e+00
1.610322066511846062e+00,2.610322066511845840e+00
1.613724902223440116e+00,2.613724902223440338e+00
1.617127541989822781e+00,2.617127541989822781e+00
1.620529889805485846e+00,2.620529889805485624e+00
1.623932047272897750e+00,2.623932047272897528e+00
1.627333982606310236e+00,2.627333982606310236e+00
1.630735671254052610e+00,2.630735671254052832e+00
1.634137144389395058e+00,2.634137144389395058e+00
1.637538416570166078e+00,2.637538416570166078e+00
1.640939475279648674e+00,2.640939475279648896e+00
1.644340257005669548e+00,2.644340257005669770e+00
1.647740854723970472e+00,2.647740854723970472e+00
1.651141269066181305e+00,2.651141269066181305e+00
1.654541347548283747e+00,2.654541347548283525e+00
1.657941342635439907e+00,2.657941342635440130e+00
1.661341089367823320e+00,2.661341089367823542e+00
1.664740492735873767e+00,2.664740492735873545e+00
1.668139804682353233e+00,2.668139804682353233e+00
1.671538739563621201e+00,2.671538739563620979e+00
1.674937630921996545e+00,2.674937630921996323e+00
1.678336182744624150e+00,2.678336182744624150e+00
1.681734563194576149e+00,2.681734563194575927e+00
1.685132750017795278e+00,2.685132750017795278e+00
1.688530616999426748e+00,2.688530616999426748e+00
1.691928332135392843e+00,2.691928332135392843e+00
1.695325847418808651e+00,2.695325847418808429e+00
1.698723062028968389e+00,2.698723062028968389e+00
1.702120097016605493e+00,2.702120097016605271e+00
1.705516965927191819e+00,2.705516965927191819e+00
1.708913550383157620e+00,2.708913550383157620e+00
1.712309855673907810e+00,2.712309855673908032e+00
1.715706017679851536e+00,2.715706017679851314e+00
1.719101939410025981e+00,2.719101939410025981e+00
1.722497607989275759e+00,2.722497607989275537e+00
1.725893176952438601e+00,2.725893176952438601e+00
1.729288363391440209e+00,2.729288363391439987e+00
1.732683431027314036e+00,2.732683431027314036e+00
1.736078248293369652e+00,2.736078248293369874e+00
1.739472765896554973e+00,2.739472765896555195e+00
1.742867188578487880e+00,2.742867188578487880e+00
1.746261352985978510e+00,2.746261352985978732e+00
1.749655311424846760e+00,2.749655311424846538e+00
1.753048929914167164e+00,2.753048929914167164e+00
1.756442462965396967e+00,2.756442462965396967e+00
1.759835665365971691e+00,2.759835665365971913e+00
1.763228709952542106e+00,2.763228709952541884e+00
1.766621523387958304e+00,2.766621523387958526e+00
1.770014178792087112e+00,2.770014178792087112e+00
1.773406467037535572e+00,2.773406467037535350e+00
1.776798633469060196e+00,2.776798633469060196e+00
1.780190546190825840e+00,2.780190546190826062e+00
1.783582243743914608e+00,2.783582243743914830e+00
1.786973740603148730e+00,2.786973740603148730e+00
1.790365064691340491e+00,2.790365064691340713e+00
1.793756018680140452e+00,2.793756018680140230e+00
1.797146892441173982e+00,2.797146892441173982e+00
1.800537463129350479e+00,2.800537463129350257e+00
1.803927862789577174e+00,2.803927862789577397e+00
1.807317975037536106e+00,2.807317975037536328e+00
1.810707962735386367e+00,2.810707962735386367e+00
1.814097637306361088e+00,2.814097637306360866e+00
1.817487058545800505e+00,2.817487058545800505e+00
1.820876352834177148e+00,2.820876352834177148e+00
1.824265465688308163e+00,2.824265465688307941e+00
1.827654297656775562e+00,2.827654297656775562e+00
1.831042846814530556e+00,2.831042846814530556e+00
1.834431236595673864e+00,2.834431236595674086e+00
1.837819393570657267e+00,2.837819393570657489e+00
1.841207407748825187e+00,2.841207407748825187e+00
1.844595102901606776e+00,2.844595102901606776e+00
1.847982553926259097e+00,2.847982553926259097e+00
1.851369839271474138e+00,2.851369839271474138e+00
1.854756861444003091e+00,2.854756861444003313e+00
1.858143733662673380e+00,2.858143733662673380e+00
1.861530332269943244e+00,2.861530332269943244e+00
1.864916775353907541e+00,2.864916775353907319e+00
1.868302877566474063e+00,2.868302877566474063e+00
1.871688850455947906e+00,2.871688850455948128e+00
1.875074571081116526e+00,2.875074571081116304e+00
1.878460011364155857e+00,2.878460011364155857e+00
1.881845389607126995e+00,2.881845389607127217e+00
1.885230434658032639e+00,2.885230434658032639e+00
1.888615276329903558e+00,2.888615276329903558e+00
1.891999826762492454e+00,2.891999826762492454e+00
1.895384241465455366e+00,2.895384241465455588e+00
1.898768449920971380e+00,2.898768449920971157e+00
1.902152400584412817e+00,2.902152400584412817e+00
1.905536177524254970e+00,2.905536177524254970e+00
1.908919680523270435e+00,2.908919680523270657e+00
1.912302915098796907e+00,2.912302915098797129e+00
1.915686045730227161e+00,2.915686045730227161e+00
1.919068889817090895e+00,2.919068889817090895e+00
1.922451538223574286e+00,2.922451538223574286e+00
1.925833962445260283e+00,2.925833962445260283e+00
1.929216104474544169e+00,2.929216104474543947e+00
1.932598068365089850e+00,2.932598068365090072e+00
1.935979776503895744e+00,2.935979776503895522e+00
1.939361351885228402e+00,2.939361351885228402e+00
1.942742588225712774e+00,2.942742588225712552e+00
1.946123765857051158e+00,2.946123765857051158e+00
1.949504559758562072e+00,2.949504559758562294e+00
1.952885282893139118e+00,2.952885282893139340e+00
1.956265689979955535e+00,2.956265689979955535e+00
1.959645832868379900e+00,2.959645832868379678e+00
1.963025863869450660e+00,2.963025863869450660e+00
1.966405662859522785e+00,2.966405662859522785e+00
1.969785171956080383e+00,2.969785171956080383e+00
1.973164501459663045e+00,2.973164501459662823e+00
1.976543615730368408e+00,2.976543615730368408e+00
1.979922484162502716e+00,2.979922484162502716e+00
1.983301161216511677e+00,2.983301161216511677e+00
1.986679564174475887e+00,2.986679564174475665e+00
1.990057783175533945e+00,2.990057783175533945e+00
1.993435762816216039e+00,2.993435762816216261e+00
1.996813567847881998e+00,2.996813567847881998e+00
2.000191155453161507e+00,3.000191155453161507e+00
2.003568465882143546e+00,3.003568465882143546e+00
2.006945579244763689e+00,3.006945579244763689e+00
2.010322434669882252e+00,3.010322434669882252e+00
2.013699107116114995e+00,3.013699107116114995e+00
2.017075585063928145e+00,3.017075585063928145e+00
2.020451842226255401e+00,3.020451842226255401e+00
2.023827866872622838e+00,3.023827866872622838e+00
2.027203685990963677e+00,3.027203685990963677e+00
2.030579208591043017e+00,3.030579208591043017e+00
2.033954523780213020e+00,3.033954523780213020e+00
2.037329771479868157e+00,3.037329771479868157e+00
2.040704644353620090e+00,3.040704644353620090e+00
2.044079409207650411e+00,3.044079409207650411e+00
2.047453759918826055e+00,3.047453759918826055e+00
2.050828079376709301e+00,3.050828079376709301e+00
2.054202188532362250e+00,3.054202188532362250e+00
2.057576035853280416e+00,3.057576035853280416e+00
2.060949555705835046e+00,3.060949555705835046e+00
2.064322945590168157e+00,3.064322945590168157e+00
2.067696119073128447e+00,3.067696119073128447e+00
2.071069075892378653e+00,3.071069075892378653e+00
2.074441726904682426e+00,3.074441726904682426e+00
2.077814213848792058e+00,3.077814213848792058e+00
2.081186585662807342e+00,3.081186585662807342e+00
2.084558595151936977e+00,3.084558595151936977e+00
2.087930463329140895e+00,3.087930463329140895e+00
2.091301992287442957e+00,3.091301992287442957e+00
2.094673486216429570e+00,3.094673486216429570e+00
2.098044634586833546e+00,3.098044634586833546e+00
2.101415605708131462e+00,3.101415605708131462e+00
2.104786396746957777e+00,3.104786396746957777e+00
2.108156850851084840e+00,3.108156850851084840e+00
2.111527129130047697e+00,3.111527129130047697e+00
2.114897212278755489e+00,3.114897212278755489e+00
2.118267082917761890e+00,3.118267082917761890e+00
2.121636708778146918e+00,3.121636708778146918e+00
2.125006120394537845e+00,3.125006120394537845e+00
2.128375331793079805e+00,3.128375331793079805e+00
2.131744369535335526e+00,3.131744369535335526e+00
2.135113124169459642e+00,3.135113124169459642e+00
2.138481677454220797e+00,3.138481677454220797e+00
2.141850038530269895e+00,3.141850038530269895e+00
2.145218173412791973e+00,3.145218173412791973e+00
2.148585965857048752e+00,3.148585965857048752e+00
2.151953629587144423e+00,3.151953629587144423e+00
2.155321203113381490e+00,3.155321203113381490e+00
2.158688304259090085e+00,3.158688304259090085e+00
2.162055369769150470e+00,3.162055369769150470e+00
2.165422166328824449e+00,3.165422166328824449e+00
2.168788717371684882e+00,3.168788717371684882e+00
2.172155060615916344e+00,3.172155060615916344e+00
2.175521138667644294e+00,3.175521138667644294e+00
2.178887227562444462e+00,3.178887227562444462e+00
2.182252780766151812e+00,3.182252780766151812e+00
2.185618262169557902e+00,3.185618262169557902e+00
2.188983458596969633e+00,3.188983458596969633e+00
2.192348655420181647e+00,3.192348655420181647e+00
2.195713428888752539e+00,3.195713428888752539e+00
2.199077998371384179e+00,3.199077998371384179e+00
2.202442368700767261e+00,3.202442368700767261e+00
2.205806547314760113e+00,3.205806547314760113e+00
2.209170553776622636e+00,3.209170553776622636e+00
2.212534275094922176e+00,3.212534275094922176e+00
2.215897716592315270e+00,3.215897716592315270e+00
2.219260985804663466e+00,3.219260985804663466e+00
2.222624018728465600e+00,3.222624018728465600e+00
2.225986988271199785e+00,3.225986988271199785e+00
2.229349586752713108e+00,3.229349586752713108e+00
2.232711963563749791e+00,3.232711963563749791e+00
2.236074118641649289e+00,3.236074118641649289e+00
2.239436130659532509e+00,3.239436130659532509e+00
2.242798020578220974e+00,3.242798020578220974e+00
2.246159485511478149e+00,3.246159485511478149e+00
2.249520741603404872e+00,3.249520741603404872e+00
2.252881910920339514e+00,3.252881910920339514e+00
2.256242761116760587e+00,3.256242761116760587e+00
2.259603384094393430e+00,3.259603384094393430e+00
2.262963885547596199e+00,3.262963885547596199e+00
2.266324034810713428e+00,3.266324034810713428e+00
2.269683988678828701e+00,3.269683988678828701e+00
2.273043844880027642e+00,3.273043844880027642e+00
2.276403427892709885e+00,3.276403427892709885e+00
2.279762768963726316e+00,3.279762768963726316e+00
2.283121922139723647e+00,3.283121922139723647e+00
2.286480821184068812e+00,3.286480821184068812e+00
2.289839566849024788e+00,3.289839566849024788e+00
2.293197997862663318e+00,3.293197997862663318e+00
2.296556230843461943e+00,3.296556230843461943e+00
2.299914254492093857e+00,3.299914254492093857e+00
2.303272080218933482e+00,3.303272080218933482e+00
2.306629748622824216e+00,3.306629748622824216e+00
2.309987210269033309e+00,3.309987210269033309e+00
2.313344275794503524e+00,3.313344275794503524e+00
2.316701244483425182e+00,3.316701244483425182e+00
2.320057925708756574e+00,3.320057925708756574e+00
2.323414517743350061e+00,3.323414517743350061e+00
2.326770737894462648e+00,3.326770737894462648e+00
2.330126813780964756e+00,3.330126813780964756e+00
2.333482733593334135e+00,3.333482733593334135e+00
2.336838225718912643e+00,3.336838225718912643e+00
2.340193741696446228e+00,3.340193741696446228e+00
2.343548906094741202e+00,3.343548906094741202e+00
2.346903960139189227e+00,3.346903960139189227e+00
2.350258701910311387e+00,3.350258701910311387e+00
2.353613278401756492e+00,3.353613278401756492e+00
2.356967630372455158e+00,3.356967630372455158e+00
2.360321762631129250e+00,3.360321762631129250e+00
2.363675576148302593e+00,3.363675576148302593e+00
2.367029213470508431e+00,3.367029213470508431e+00
2.370382686479131085e+00,3.370382686479131085e+00
2.373735930403831240e+00,3.373735930403831240e+00
2.377088999857638552e+00,3.377088999857638552e+00
2.380441757534236480e+00,3.380441757534236480e+00
2.383794452395953112e+00,3.383794452395953112e+00
2.387146788631502314e+00,3.387146788631502314e+00
2.390498922596264286e+00,3.390498922596264286e+00
2.393850773434854862e+00,3.393850773434854862e+00
2.397202668555264538e+00,3.397202668555264538e+00
2.400554103342300127e+00,3.400554103342300127e+00
2.403905381862821322e+00,3.403905381862821322e+00
2.407256401130739132e+00,3.407256401130739132e+00
2.410607234781882102e+00,3.410607234781882102e+00
2.413957885828673877e+00,3.413957885828673877e+00
2.417308337880495372e+00,3.417308337880495372e+00
2.420658580376112479e+00,3.420658580376112479e+00
2.424008424560878172e+00,3.424008424560878172e+00
2.427358153505879468e+00,3.427358153505879468e+00
2.430707766961849980e+00,3.430707766961849980e+00
2.434057063358317397e+00,3.434057063358317397e+00
2.437406195725742908e+00,3.437406195725742908e+00
2.440755070025121043e+00,3.440755070025121043e+00
2.444103792797739594e+00,3.444103792797739594e+00
2.447452171670410515e+00,3.447452171670410515e+00
2.450800464380337385e+00,3.450800464380337385e+00
2.454148457266084993e+00,3.454148457266084993e+00
2.457496245809908331e+00,3.457496245809908331e+00
2.460843791778324796e+00,3.460843791778324796e+00
2.464191174463666201e+00,3.464191174463666201e+00
2.467538431900571094e+00,3.467538431900571094e+00
2.470885304960202866e+00,3.470885304960202866e+00
2.474231950086081433e+00,3.474231950086081433e+00
2.477578477154996683e+00,3.477578477154996683e+00
2.480924779634116728e+00,3.480924779634116728e+00
2.484270825827691098e+00,3.484270825827691098e+00
2.487616720690755567e+00,3.487616720690755567e+00
2.490962181088393734e+00,3.490962181088393734e+00
2.494307699464808348e+00,3.494307699464808348e+00
2.497652836690388067e+00,3.497652836690388067e+00
2.500997821817823930e+00,3.500997821817823930e+00
2.504342641843066986e+00,3.504342641843066986e+00
2.507687238063136093e+00,3.507687238063136093e+00
2.511031513964138817e+00,3.511031513964138817e+00
2.514375646499531491e+00,3.514375646499531491e+00
2.517719398784523666e+00,3.517719398784523666e+00
2.521063307695235789e+00,3.521063307695235789e+00
2.524406584548112065e+00,3.524406584548112065e+00
2.527749853219715792e+00,3.527749853219715792e+00
2.531092827147646496e+00,3.531092827147646496e+00
2.534435603761336697e+00,3.534435603761336697e+00
2.537778325652641609e+00,3.537778325652641609e+00
2.541120696301306214e+00,3.541120696301306214e+00
2.544462837076151285e+00,3.544462837076151285e+00
2.547804734532899129e+00,3.547804734532899129e+00
2.551146429536039317e+00,3.551146429536039317e+00
2.554487980043282924e+00,3.554487980043282924e+00
2.557829250753708372e+00,3.557829250753708372e+00
2.561170464522750212e+00,3.561170464522750212e+00
2.564511130300342501e+00,3.564511130300342501e+00
2.567851796898310557e+00,3.567851796898310557e+00
2.571192181264450483e+00,3.571192181264450483e+00
2.574532459432009812e+00,3.574532459432009812e+00
2.577872376208524052e+00,3.577872376208524052e+00
2.581212244707843606e+00,3.581212244707843606e+00
2.584551741709689043e+00,3.584551741709689043e+00
2.587891067279062707e+00,3.587891067279062707e+00
2.591230299184497987e+00,3.591230299184497987e+00
2.594569143574565029e+00,3.594569143574565029e+00
2.597907706655954829e+00,3.597907706655954829e+00
2.601246231971677592e+00,3.601246231971677592e+00
2.604584582450610419e+00,3.604584582450610419e+00
2.607922574968334573e+00,3.607922574968334573e+00
2.611260397046103243e+00,3.611260397046103243e+00
2.614597930739794851e+00,3.614597930739794851e+00
2.617935379793830286e+00,3.617935379793830286e+00
2.621272514128975661e+00,3.621272514128975661e+00
2.624609635759995285e+00,3.624609635759995285e+00
2.627946170458496766e+00,3.627946170458496766e+00
2.631282707015022648e+00,3.631282707015022648e+00
2.634619083686011276e+00,3.634619083686011276e+00
2.637955126994285582e+00,3.637955126994285582e+00
2.641290882848661870e+00,3.641290882848661870e+00
2.644626654925681830e+00,3.644626654925681830e+00
2.647962058155831855e+00,3.647962058155831855e+00
2.651297293074935446e+00,3.651297293074935446e+00
2.654632343874525180e+00,3.654632343874525180e+00
2.657967120578727638e+00,3.657967120578727638e+00
2.661301747379050120e+00,3.661301747379050120e+00
2.664636062440390418e+00,3.664636062440390418e+00
2.667970181673328334e+00,3.667970181673328334e+00
2.671304080886411025e+00,3.671304080886411025e+00
2.674637854754295496e+00,3.674637854754295496e+00
2.677971354890205991e+00,3.677971354890205991e+00
2.681304557803242616e+00,3.681304557803242616e+00
2.684637723962858047e+00,3.684637723962858047e+00
2.687970505026525903e+00,3.687970505026525903e+00
2.691303106363404751e+00,3.691303106363404751e+00
2.694635521922891908e+00,3.694635521922891908e+00
2.697967691756732567e+00,3.697967691756732567e+00
2.701299646366427609e+00,3.701299646366427609e+00
2.704631489153751289e+00,3.704631489153751289e+00
2.707963091317841631e+00,3.707963091317841631e+00
2.711294344834929149e+00,3.711294344834929149e+00
2.714625477813314980e+00,3.714625477813314980e+00
2.717956366671568258e+00,3.717956366671568258e+00
2.721287130575174462e+00,3.721287130575174462e+00
2.724617523933138941e+00,3.724617523933138941e+00
2.727947852497615955e+00,3.727947852497615955e+00
2.731277852182642629e+00,3.731277852182642629e+00
2.734607657276823645e+00,3.734607657276823645e+00
2.737937120094102728e+00,3.737937120094102728e+00
2.741266655868391577e+00,3.741266655868391577e+00
2.744595825622858865e+00,3.744595825622858865e+00
2.747924777897136739e+00,3.747924777897136739e+00
2.751253487700849654e+00,3.751253487700849654e+00
2.754581995160743979e+00,3.754581995160743979e+00
2.757910375558735527e+00,3.757910375558735527e+00
2.761238361451467949e+00,3.761238361451467949e+00
2.764566284886833536e+00,3.764566284886833536e+00
2.767893955621294477e+00,3.767893955621294477e+00
2.771221435555086376e+00,3.771221435555086376e+00
2.774548689652335032e+00,3.774548689652335032e+00
2.777875622412171897e+00,3.777875622412171897e+00
2.781202500141483291e+00,3.781202500141483291e+00
2.784529060157189928e+00,3.784529060157189928e+00
2.787855395513743062e+00,3.787855395513743062e+00
2.791181466241374753e+00,3.791181466241374753e+00
2.794507552610099310e+00,3.794507552610099310e+00
2.797833243125385394e+00,3.797833243125385394e+00
2.801158780430578421e+00,3.801158780430578421e+00
2.804484051891632301e+00,3.804484051891632301e+00
2.807809175624266462e+00,3.807809175624266462e+00
2.811133908172542384e+00,3.811133908172542384e+00
2.814458637815627107e+00,3.814458637815627107e+00
2.817783054693678846e+00,3.817783054693678846e+00
2.821107233115075275e+00,3.821107233115075275e+00
2.824431370215991777e+00,3.824431370215991777e+00
2.827754984363076485e+00,3.827754984363076485e+00
2.831078535669420582e+00,3.831078535669420582e+00
2.834401950969202222e+00,3.834401950969202222e+00
2.837725022801160346e+00,3.837725022801160346e+00
2.841048008465085317e+00,3.841048008465085317e+00
2.844370700237201621e+00,3.844370700237201621e+00
2.847693127875808639e+00,3.847693127875808639e+00
2.851015425387005475e+00,3.851015425387005475e+00
2.854337522680707728e+00,3.854337522680707728e+00
2.857659399784628906e+00,3.857659399784628906e+00
2.860981063069638175e+00,3.860981063069638175e+00
2.864302500426412657e+00,3.864302500426412657e+00
2.867623623019764256e+00,3.867623623019764256e+00
2.870944529610861551e+00,3.870944529610861551e+00
2.874265362870704887e+00,3.874265362870704887e+00
2.877586024289153777e+00,3.877586024289153777e+00
2.880906284647720916e+00,3.880906284647720916e+00
2.884226329658443166e+00,3.884226329658443166e+00
2.887546320294245294e+00,3.887546320294245294e+00
2.890866058255075366e+00,3.890866058255075366e+00
2.894185416141764389e+00,3.894185416141764389e+00
2.897504789625953148e+00,3.897504789625953148e+00
2.900823766617602217e+00,3.900823766617602217e+00
2.904142584056823129e+00,3.904142584056823129e+00
2.907461389656077255e+00,3.907461389656077255e+00
2.910779610128150896e+00,3.910779610128150896e+00
2.914097917076460931e+00,3.914097917076460931e+00
2.917415883354772976e+00,3.917415883354772976e+00
2.920733616297719770e+00,3.920733616297719770e+00
2.924051024655141440e+00,3.924051024655141440e+00
2.927368423730463132e+00,3.927368423730463132e+00
2.930685600433973192e+00,3.930685600433973192e+00
2.934002467842656614e+00,3.934002467842656614e+00
2.937319213169226728e+00,3.937319213169226728e+00
2.940635622928976733e+00,3.940635622928976733e+00
2.943951750986787630e+00,3.943951750986787630e+00
2.947267983982714501e+00,3.947267983982714501e+00
2.950583741695721240e+00,3.950583741695721240e+00
2.953899457107783899e+00,3.953899457107783899e+00
2.957214729713022461e+00,3.957214729713022461e+00
2.960529990211677731e+00,3.960529990211677731e+00
2.963844990018945857e+00,3.963844990018945857e+00
2.967159537498046618e+00,3.967159537498046618e+00
2.970473996620708768e+00,3.970473996620708768e+00
2.973788417470198286e+00,3.973788417470198286e+00
2.977102682936515698e+00,3.977102682936515698e+00
2.980416564310659933e+00,3.980416564310659933e+00
2.983730270200560586e+00,3.983730270200560586e+00
2.987043651730671545e+00,3.987043651730671545e+00
2.990357026076339242e+00,3.990357026076339242e+00
2.993670005422819802e+00,3.993670005422819802e+00
2.996982804683578028e+00,3.996982804683578028e+00
3.000295405966355133e+00,4.000295405966355133e+00
3.003607757547810841e+00,4.003607757547810841e+00
3.006919974404207441e+00,4.006919974404206997e+00
3.010232014071101858e+00,4.010232014071101858e+00
3.013543678334864140e+00,4.013543678334864140e+00
3.016855097729423285e+00,4.016855097729423285e+00
3.020166499503737612e+00,4.020166499503737612e+00
3.023477663069569665e+00,4.023477663069569665e+00
3.026788527760573722e+00,4.026788527760573722e+00
3.030099162306022720e+00,4.030099162306022720e+00
3.033409697679656514e+00,4.033409697679656958e+00
3.036720000937782160e+00,4.036720000937782160e+00
3.040029935941456429e+00,4.040029935941456429e+00
3.043339754771066108e+00,4.043339754771066552e+00
3.046649347706970268e+00,4.046649347706970268e+00
3.049958734045596032e+00,4.049958734045596032e+00
3.053267909258419621e+00,4.053267909258419621e+00
3.056576925365944497e+00,4.056576925365944497e+00
3.059885615009116933e+00,4.059885615009116933e+00
3.063194285895725955e+00,4.063194285895725955e+00
3.066502499399217374e+00,4.066502499399216930e+00
3.069810689509016921e+00,4.069810689509017365e+00
3.073118550440362196e+00,4.073118550440362640e+00
3.076426230422197428e+00,4.076426230422197428e+00
3.079733626832686699e+00,4.079733626832686255e+00
3.083040819214589057e+00,4.083040819214589057e+00
3.086347912203225352e+00,4.086347912203224908e+00
3.089654723377876167e+00,4.089654723377876167e+00
3.092961430600607020e+00,4.092961430600606576e+00
3.096267724107348407e+00,4.096267724107348407e+00
3.099574013944553563e+00,4.099574013944553563e+00
3.102879892440074450e+00,4.102879892440074450e+00
3.106185646384437504e+00,4.106185646384437504e+00
3.109491192769917145e+00,4.109491192769917589e+00
3.112796541773273695e+00,4.112796541773273695e+00
3.116101582199475306e+00,4.116101582199474862e+00
3.119406582060554101e+00,4.119406582060554101e+00
3.122711140560653575e+00,4.122711140560653575e+00
3.126015655559603257e+00,4.126015655559603701e+00
3.129320005268766636e+00,4.129320005268766636e+00
3.132624003851564698e+00,4.132624003851564254e+00
3.135927750114649637e+00,4.135927750114650081e+00
3.139231354646441652e+00,4.139231354646441652e+00
3.142534865384102982e+00,4.142534865384103426e+00
3.145837976840860417e+00,4.145837976840860861e+00
3.149141061351968585e+00,4.149141061351969029e+00
3.152443661675001341e+00,4.152443661675000897e+00
3.155746182035099601e+00,4.155746182035099601e+00
3.159048608456975771e+00,4.159048608456975771e+00
3.162350730428526546e+00,4.162350730428526546e+00
3.165652514719049737e+00,4.165652514719049293e+00
3.168954256740172948e+00,4.168954256740173392e+00
3.172255619246253655e+00,4.172255619246254099e+00
3.175557145622561528e+00,4.175557145622561528e+00
3.178858079031722017e+00,4.178858079031721573e+00
3.182158958813217087e+00,4.182158958813216643e+00
3.185459498807859280e+00,4.185459498807858836e+00
3.188759871013964187e+00,4.188759871013964187e+00
3.192060120903265741e+00,4.192060120903265741e+00
3.195360159492453000e+00,4.195360159492453000e+00
3.198659913624514406e+00,4.198659913624513962e+00
3.201959448051330703e+00,4.201959448051330703e+00
3.205258592980605670e+00,4.205258592980605670e+00
3.208557893720678678e+00,4.208557893720678678e+00
3.211856854450375387e+00,4.211856854450375387e+00
3.215155448587161402e+00,4.215155448587161402e+00
3.218454084897528489e+00,4.218454084897528489e+00
3.221752233869396242e+00,4.221752233869396242e+00
3.225050423699629576e+00,4.225050423699629576e+00
3.228348246204876482e+00,4.228348246204876482e+00
3.231645867462514143e+00,4.231645867462514587e+00
3.234943205569130509e+00,4.234943205569130953e+00
3.238240317578017891e+00,4.238240317578018335e+00
3.241537246923655413e+00,4.241537246923655857e+00
3.244834109048126525e+00,4.244834109048126081e+00
3.248130701152291522e+00,4.248130701152291522e+00
3.251427006699195044e+00,4.251427006699195488e+00
3.254723076856642638e+00,4.254723076856642194e+00
3.258019062739516247e+00,4.258019062739515803e+00
3.261314811357888033e+00,4.261314811357888033e+00
3.264610376473656483e+00,4.264610376473656927e+00
3.267905704027394442e+00,4.267905704027394442e+00
3.271200659232283314e+00,4.271200659232283314e+00
3.274495693758456394e+00,4.274495693758456838e+00
3.277790107149375132e+00,4.277790107149375132e+00
3.281084630064203811e+00,4.281084630064203367e+00
3.284378930501149263e+00,4.284378930501149263e+00
3.287672967156265891e+00,4.287672967156265891e+00
3.290966743508887848e+00,4.290966743508887404e+00
3.294260210727627758e+00,4.294260210727627758e+00
3.297553634155410585e+00,4.297553634155410585e+00
3.300846806168821423e+00,4.300846806168821423e+00
3.304139688088302496e+00,4.304139688088302051e+00
3.307432396581810874e+00,4.307432396581811318e+00
3.310724899508072916e+00,4.310724899508072916e+00
3.314017364691917322e+00,4.314017364691917322e+00
3.317309342532513750e+00,4.317309342532514194e+00
3.320601177796538295e+00,4.320601177796538295e+00
3.323892940427038756e+00,4.323892940427038312e+00
3.327184315191026087e+00,4.327184315191026087e+00
3.330475478490358299e+00,4.330475478490358299e+00
3.333766432302825322e+00,4.333766432302825322e+00
3.337057556278749004e+00,4.337057556278749004e+00
3.340348090153610006e+00,4.340348090153609562e+00
3.343638279544312475e+00,4.343638279544312475e+00
3.346928595153373820e+00,4.346928595153373820e+00
3.350218460720026492e+00,4.350218460720026492e+00
3.353508203301173829e+00,4.353508203301173829e+00
3.356797769890573768e+00,4.356797769890573768e+00
3.360087190666437351e+00,4.360087190666437351e+00
3.363376210811901412e+00,4.363376210811901856e+00
3.366664997059820585e+00,4.366664997059820585e+00
3.369953786737597046e+00,4.369953786737596602e+00
3.373242151153447388e+00,4.373242151153447388e+00
3.376530425649292511e+00,4.376530425649292511e+00
3.379818513702200544e+00,4.379818513702200988e+00
3.383106365169314955e+00,4.383106365169314955e+00
3.386393995803400170e+00,4.386393995803400614e+00
3.389681361365273649e+00,4.389681361365273204e+00
3.392968512616505006e+00,4.392968512616505450e+00
3.396255556596109670e+00,4.396255556596109670e+00
3.399542435757984649e+00,4.399542435757984649e+00
3.402828659790603449e+00,4.402828659790603893e+00
3.406115148818900984e+00,4.406115148818900984e+00
3.409401289157676374e+00,4.409401289157676374e+00
3.412687185873526374e+00,4.412687185873526374e+00
3.415973008500330366e+00,4.415973008500330366e+00
3.419258461165217255e+00,4.419258461165217255e+00
3.422543827097458635e+00,4.422543827097458191e+00
3.425828772293924462e+00,4.425828772293924018e+00
3.429113711765995109e+00,4.429113711765994665e+00
3.432398317025578294e+00,4.432398317025578294e+00
3.435682701239639147e+00,4.435682701239638703e+00
3.438966943657542963e+00,4.438966943657542963e+00
3.442250918077015331e+00,4.442250918077014887e+00
3.445534795216119939e+00,4.445534795216119939e+00
3.448818302086070098e+00,4.448818302086070098e+00
3.452101783111227284e+00,4.452101783111227284e+00
3.455384748973082676e+00,4.455384748973083120e+00
3.458667883911504592e+00,4.458667883911504148e+00
3.461950554702857730e+00,4.461950554702857730e+00
3.465232922523763470e+00,4.465232922523763470e+00
3.468515421083859351e+00,4.468515421083859351e+00
3.471797449485709564e+00,4.471797449485709564e+00
3.475079391174021648e+00,4.475079391174022092e+00
3.478361201576115835e+00,4.478361201576115391e+00
3.481642312178487852e+00,4.481642312178488297e+00
3.484923669299478721e+00,4.484923669299478277e+00
3.488204726657591515e+00,4.488204726657591515e+00
3.491485630958562680e+00,4.491485630958562680e+00
3.494766197012216580e+00,4.494766197012216580e+00
3.498046444497619589e+00,4.498046444497619589e+00
3.501326776178879996e+00,4.501326776178879996e+00
3.504606621501662911e+00,4.504606621501663355e+00
3.507886435629979704e+00,4.507886435629979260e+00
3.511166024915949535e+00,4.511166024915949535e+00
3.514445234967658038e+00,4.514445234967658038e+00
3.517724500493134343e+00,4.517724500493134343e+00
3.521003239737748203e+00,4.521003239737748203e+00
3.524282113590145649e+00,4.524282113590145649e+00
3.527560485059322737e+00,4.527560485059322737e+00
3.530838655959098737e+00,4.530838655959098737e+00
3.534116821625004512e+00,4.534116821625004512e+00
3.537394741452969615e+00,4.537394741452969171e+00
3.540672416118358257e+00,4.540672416118358257e+00
3.543949901970765648e+00,4.543949901970766092e+00
3.547227105968463245e+00,4.547227105968463690e+00
3.550504024250236146e+00,4.550504024250235702e+00
3.553781023824040819e+00,4.553781023824040375e+00
3.557057462007886972e+00,4.557057462007886528e+00
3.560333788363688079e+00,4.560333788363688079e+00
3.563610032237896519e+00,4.563610032237896519e+00
3.566885955387540719e+00,4.566885955387540719e+00
3.570161542467876092e+00,4.570161542467875648e+00
3.573437114782662238e+00,4.573437114782661794e+00
3.576712414503863346e+00,4.576712414503862902e+00
3.579987519535054563e+00,4.579987519535054119e+00
3.583262472291009804e+00,4.583262472291009360e+00
3.586537070960924112e+00,4.586537070960924112e+00
3.589811427322326054e+00,4.589811427322326054e+00
3.593085933870855175e+00,4.593085933870854731e+00
3.596359906429825948e+00,4.596359906429825948e+00
3.599633652218520385e+00,4.599633652218519941e+00
3.602907148402599624e+00,4.602907148402599624e+00
3.606180619982374047e+00,4.606180619982374047e+00
3.609453673796914064e+00,4.609453673796913620e+00
3.612726796624173176e+00,4.612726796624173176e+00
3.615999490085378021e+00,4.615999490085378021e+00
3.619272228252483625e+00,4.619272228252484069e+00
3.622544457024114095e+00,4.622544457024114095e+00
3.625816592186057896e+00,4.625816592186057896e+00
3.629088511951964691e+00,4.629088511951964691e+00
3.632360246884348332e+00,4.632360246884347887e+00
3.635631787878011334e+00,4.635631787878011778e+00
3.638903014504216937e+00,4.638903014504217381e+00
3.642174085744029011e+00,4.642174085744029455e+00
3.645444852413969983e+00,4.645444852413969983e+00
3.648715517622363347e+00,4.648715517622363791e+00
3.651985968795202986e+00,4.651985968795202986e+00
3.655256149897799123e+00,4.655256149897798679e+00
3.658526296002128753e+00,4.658526296002128753e+00
3.661796159755912772e+00,4.661796159755912328e+00
3.665065558936288159e+00,4.665065558936287715e+00
3.668335104289951687e+00,4.668335104289951687e+00
3.671604089512991997e+00,4.671604089512991997e+00
3.674873325901392374e+00,4.674873325901392818e+00
3.678141744603931507e+00,4.678141744603931507e+00
3.681410475027739437e+00,4.681410475027739437e+00
3.684678757467756860e+00,4.684678757467756860e+00
3.687946981778743805e+00,4.687946981778743805e+00
3.691214777544700176e+00,4.691214777544700176e+00
3.694482360437325141e+00,4.694482360437325141e+00
3.697749867760376397e+00,4.697749867760376397e+00
3.701016993872457306e+00,4.701016993872457306e+00
3.704284344394686901e+00,4.704284344394686457e+00
3.707551111471215410e+00,4.707551111471214966e+00
3.710817820416237200e+00,4.710817820416236756e+00
3.714084191203282703e+00,4.714084191203282259e+00
3.717350273023000362e+00,4.717350273023000362e+00
3.720616317374867865e+00,4.720616317374867421e+00
3.723882033735881780e+00,4.723882033735881336e+00
3.727147568319374216e+00,4.727147568319374216e+00
3.730412850099159794e+00,4.730412850099160238e+00
3.733678136101201250e+00,4.733678136101200806e+00
3.736943261452041476e+00,4.736943261452041476e+00
3.740207780261147974e+00,4.740207780261147974e+00
3.743472355207942748e+00,4.743472355207942748e+00
3.746736742177704915e+00,4.746736742177704471e+00
3.750000705133884171e+00,4.750000705133883727e+00
3.753264725908999733e+00,4.753264725909000177e+00
3.756528416738622145e+00,4.756528416738621701e+00
3.759791674481462120e+00,4.759791674481462564e+00
3.763055015877844411e+00,4.763055015877844411e+00
3.766318087197117137e+00,4.766318087197117137e+00
3.769580978085038225e+00,4.769580978085038225e+00
3.772843674298020034e+00,4.772843674298020034e+00
3.776106000523832051e+00,4.776106000523832051e+00
3.779368198681773094e+00,4.779368198681773094e+00
3.782630107599786129e+00,4.782630107599786129e+00
3.785891864139781848e+00,4.785891864139781404e+00
3.789153546010829654e+00,4.789153546010830098e+00
3.792414844346119196e+00,4.792414844346119196e+00
3.795675988481770791e+00,4.795675988481770347e+00
3.798936862148588833e+00,4.798936862148588389e+00
3.802197632528162341e+00,4.802197632528162785e+00
3.805458190257922091e+00,4.805458190257922091e+00
3.808718551694686205e+00,4.808718551694686205e+00
3.811978653528588001e+00,4.811978653528587557e+00
3.815238440508188056e+00,4.815238440508188056e+00
3.818498194054329886e+00,4.818498194054329886e+00
3.821757470512318289e+00,4.821757470512318733e+00
3.825016836225829664e+00,4.825016836225829664e+00
3.828275683455495848e+00,4.828275683455496292e+00
3.831534593855174808e+00,4.831534593855174364e+00
3.834793177423142296e+00,4.834793177423142296e+00
3.838051646929620642e+00,4.838051646929621086e+00
3.841309965482874844e+00,4.841309965482874844e+00
3.844567808402461040e+00,4.844567808402461040e+00
3.847825519129624006e+00,4.847825519129624006e+00
3.851083221167611370e+00,4.851083221167611370e+00
3.854340468085490912e+00,4.854340468085490912e+00
3.857597701414364533e+00,4.857597701414364977e+00
3.860854653456802232e+00,4.860854653456802232e+00
3.864111229317672702e+00,4.864111229317672702e+00
3.867367793950454935e+00,4.867367793950455379e+00
3.870624121738249102e+00,4.870624121738249102e+00
3.873880243085705111e+00,4.873880243085705111e+00
