8.789204455589955632e-04
8.708479719429573296e-04
8.623458769262868327e-04
8.534727039505176456e-04
8.442872782738047041e-04
8.348412185793729293e-04
8.251888265752342850e-04
8.153799544940706695e-04
8.054608224065437205e-04
7.954746665217236716e-04
7.854611769506274297e-04
7.754550293658128224e-04
7.654918217992513502e-04
7.555993179597002632e-04
7.458035061606124077e-04
7.361272810953159093e-04
7.265906318218023907e-04
7.172108471004630436e-04
7.080027314656581194e-04
6.989784806660010895e-04
6.901498921822782871e-04
6.815215658916905315e-04
6.731041182102320743e-04
6.649016236794843280e-04
6.569180900057745767e-04
6.491563215285224651e-04
6.416180690454777180e-04
6.343041628612927337e-04
6.272146332458471054e-04
6.203488182257467639e-04
6.137054575276948551e-04
6.072829511406660150e-04
6.010792015225893290e-04
5.950914359728320122e-04
5.893167077287842079e-04
5.837520628346013363e-04
5.783941954594992588e-04
5.732396988593171146e-04
5.682850753589679515e-04
5.635267393922689400e-04
5.589610497964618389e-04
5.545853959289204172e-04
5.503939751794974158e-04
5.463841945451970283e-04
5.425521419778620491e-04
5.388944143559247285e-04
5.354083223172694667e-04
5.320900900407006268e-04
5.289361709331266270e-04
5.259431568575512151e-04
5.231077711890826229e-04
5.204268269004832474e-04
5.178972087885934210e-04
5.155159054959632852e-04
5.132799926819217465e-04
5.111866320049529913e-04
5.092330635696469369e-04
5.074171070805999452e-04
5.057363764410611681e-04
5.041875386390698866e-04
5.027682741672007778e-04
5.014765957681069884e-04
5.003104554200066235e-04
4.992678489298903221e-04
4.983468426049981331e-04
4.975455817499363715e-04
4.968622877318412158e-04
4.962952581371882785e-04
4.958428815154289305e-04
4.955036463878605569e-04
4.952755907794752438e-04
4.951573054296766431e-04
4.951482180069000181e-04
4.952461109605583089e-04
4.954498316005023469e-04
4.957582913486213412e-04
4.961704303935336258e-04
4.966852386819618553e-04
4.973017620656097412e-04
4.980191047581575964e-04
4.988364318298390372e-04
4.997529781598381840e-04
5.007680690388998821e-04
5.018807547721058308e-04
5.030898450965663694e-04
5.043957475943350007e-04
5.057974890678852524e-04
5.072944239842953028e-04
5.088861056032614391e-04
5.105721187884961192e-04
5.123520884336413674e-04
5.142256798680548560e-04
5.161925983849749867e-04
5.182525885578163861e-04
5.204054336732315917e-04
5.226509558076306797e-04
5.249890127275054757e-04
5.274193339940062798e-04
5.299418726808049259e-04
5.325565900319894144e-04
