4.684244111172190437e-04
4.670766416312637165e-04
4.657920620771313332e-04
4.645702894193860593e-04
4.634118340640089925e-04
4.623145261560901247e-04
4.612788511213868807e-04
4.603044465205250661e-04
4.593908919539637097e-04
4.585378016081824654e-04
4.577447859514846128e-04
4.570105919480057935e-04
4.563365492860353332e-04
4.557213977218958051e-04
4.551647382646822784e-04
4.546661693681785534e-04
4.542252856557521404e-04
4.538416868428624454e-04
4.535150337828129023e-04
4.532448270104464522e-04
4.530314797782996152e-04
4.528720275362895973e-04
4.527685925991900822e-04
4.527198858295569239e-04
4.527254623962244590e-04
4.527848677277407016e-04
4.528976393743255218e-04
4.530633039175488105e-04
4.532813778171140601e-04
4.535513664565394383e-04
4.538727607804430046e-04
4.542451470154712338e-04
4.546680343660056242e-04
4.551407585954938585e-04
4.556627443747868688e-04
4.562334655000566401e-04
4.568523480494987772e-04
4.575188041438791090e-04
4.582322270058150648e-04
4.589920040859681353e-04
4.597975042264321080e-04
4.606489524545057525e-04
4.615439420845413141e-04
4.624826725016864537e-04
4.634643425234012638e-04
4.644883344201235264e-04
4.655542702106175751e-04
4.666612907347665530e-04
4.678085960455994913e-04
4.689954100903361922e-04
4.702209570276968714e-04
4.714844509145895085e-04
4.727850936293385834e-04
4.741220820712229713e-04
4.754945996022100847e-04
4.769018223613061204e-04
4.783429153015032460e-04
4.798172010361714921e-04
4.813238916896522639e-04
4.828618529311565406e-04
4.844302598069428274e-04
4.860283632740519015e-04
4.876553630372619606e-04
4.893104450322273945e-04
4.909927924182687971e-04
4.927015880607977681e-04
4.944360180441228440e-04
4.961952790824987036e-04
4.979785734445124103e-04
4.997851224163265193e-04
5.016140034280300482e-04
5.034644531383432710e-04
5.053359481635100398e-04
5.072274737637093214e-04
5.091383302898516922e-04
5.110678365866237922e-04
5.130153217938544959e-04
5.149801336588067388e-04
5.169616423499597078e-04
5.189592429953685535e-04
5.209723544006267639e-04
5.230004304873833981e-04
5.250429622047795902e-04
5.270993789101468055e-04
5.291690644711621481e-04
5.312518588171735723e-04
5.333472427614897177e-04
5.354548066497741982e-04
5.375742172074763703e-04
5.397051721496194535e-04
5.418474029545633031e-04
5.440006756242290846e-04
5.461647911002424135e-04
5.483395854744093061e-04
5.505249301308232091e-04
5.527207315739831759e-04
5.549269288440142551e-04
5.571434563651923421e-04
5.593703310147983684e-04
5.616075957257643915e-04
