2.082080341442903236e-04
2.079565985438409275e-04
2.077381167830428263e-04
2.075524562229424073e-04
2.073999971346949741e-04
2.072797313189343846e-04
2.071920280705277318e-04
2.071368734779858133e-04
2.071142014559465658e-04
2.071239849055085517e-04
2.071662084509424896e-04
2.072404864691711538e-04
2.073479105469802684e-04
2.074878195808763787e-04
2.076601742463232627e-04
2.078651409320549559e-04
2.081028476779971255e-04
2.083734338277080022e-04
2.086771762679794551e-04
2.090140959090338224e-04
2.093847544858238197e-04
2.097880363272557156e-04
2.102254863816599103e-04
2.106968733429939148e-04
2.112023761801796323e-04
2.117420922791570057e-04
2.123165435505624881e-04
2.129258233231590646e-04
2.135701716094297136e-04
2.142499165975931424e-04
2.149653843080381237e-04
2.157171333676580715e-04
2.165056094427075643e-04
2.173309571320939401e-04
2.181935544959762510e-04
2.190939047978767969e-04
2.200324916738242639e-04
2.210098010177691610e-04
2.220261455808156910e-04
2.230822330645390117e-04
2.241786258258689722e-04
2.253162973733406421e-04
2.264948838591025965e-04
2.277155000635166073e-04
2.289785519411796524e-04
2.302849051129614473e-04
2.316360267883004354e-04
2.330323802245514028e-04
2.344746163181989280e-04
2.359635068799488522e-04
2.374998748891638933e-04
2.390845639458469469e-04
2.407184549262932863e-04
2.424024986469428163e-04
2.441376362654207322e-04
2.459248737331425983e-04
2.477652467318425819e-04
2.496602304066548200e-04
2.516110941260569925e-04
2.536183002461086795e-04
2.556831141313682947e-04
2.578070445134717187e-04
2.599915248160766085e-04
2.622380021646726622e-04
2.645479625589323676e-04
2.669229260361177455e-04
2.693644629010359345e-04
2.718742278185152118e-04
2.744539056912484215e-04
2.771052744643239191e-04
2.798297466430934286e-04
2.826291911689968726e-04
2.855061830970074860e-04
2.884619316649445755e-04
2.914985456848944128e-04
2.946182048431394301e-04
2.978231336310143058e-04
3.011156227872902914e-04
3.044980385717487655e-04
3.079728290957240940e-04
3.115425172889196457e-04
3.152097361958150815e-04
3.189772502159539868e-04
3.228476096735568321e-04
3.268232023379856249e-04
3.309079096956821404e-04
3.351044448498843821e-04
3.394158600935876348e-04
3.438454654974588422e-04
3.483966772809665561e-04
3.530730279839748641e-04
3.578781727881663209e-04
3.628158949917894486e-04
3.678901114185343952e-04
3.731048781611462015e-04
3.784643962439126412e-04
3.839730108185548919e-04
3.896350675655733541e-04
3.954552563117993817e-04
4.014384083361377986e-04
