1.463807534125965808e-03
1.481957629336162503e-03
1.500616779625441434e-03
1.519779542286486731e-03
1.539440743605314469e-03
1.559583867488719983e-03
1.580197172498249607e-03
1.601262600952914165e-03
1.622757678511453031e-03
1.644655245339720186e-03
1.666922959329167038e-03
1.689519799680883581e-03
1.712407498281235708e-03
1.735532205206733033e-03
1.758835864987381026e-03
1.782252844419071136e-03
1.805709567382119980e-03
1.829124310112550771e-03
1.852407491009181372e-03
1.875460107745914205e-03
1.898178540422010676e-03
1.920438355096854705e-03
1.942127803184095494e-03
1.963115370216585338e-03
1.983267654428955400e-03
2.002447373242449615e-03
2.020515871938197497e-03
2.037334007955048532e-03
2.052765175550261625e-03
2.066677822128648416e-03
2.078947930333666701e-03
2.089462283551415250e-03
2.098120079293752747e-03
2.104835084128337756e-03
2.109539165492137040e-03
2.112183696243575930e-03
2.112740591608090312e-03
2.111203111907545161e-03
2.107585070561331878e-03
2.101923449685617201e-03
2.094274711965821937e-03
2.084717159362946704e-03
2.073335513193759125e-03
2.060240076319401828e-03
2.045549429515187544e-03
2.029391852652920672e-03
2.011902473285598087e-03
1.993220027875778483e-03
1.973485039463416992e-03
1.952837482033459608e-03
1.931414753271323793e-03
1.909349821988297379e-03
1.886769982522784215e-03
1.863796003392158111e-03
1.840540725050856695e-03
1.817109087311663887e-03
1.793597597818928982e-03
1.770094208802376915e-03
1.746678390947610212e-03
1.723421326358533017e-03
1.700386235979877477e-03
1.677628780929961124e-03
1.655197510243865350e-03
1.633134350652515982e-03
1.611475116947526333e-03
1.590249934653876172e-03
1.569483824913476492e-03
1.549197378487297263e-03
1.529406853631066522e-03
1.510124932864149267e-03
1.491360952025288416e-03
1.473121401926745120e-03
1.455410377204356155e-03
1.438229442656987307e-03
1.421578409515149169e-03
1.405455436211174068e-03
1.389857260505278575e-03
1.374779418167466167e-03
1.360216436100198951e-03
1.346162004277212621e-03
1.332609067522288766e-03
1.319550073989627856e-03
1.306977061880303147e-03
1.294881585498168725e-03
1.283254894654920408e-03
1.272088557439378939e-03
1.261373597052335834e-03
1.251101069109744526e-03
1.241262086831326121e-03
1.231847808675219777e-03
1.222849476457058947e-03
1.214258446443721362e-03
1.206066215045473828e-03
1.198264440150535910e-03
1.190844958831579169e-03
1.183799799033493586e-03
1.177121176325266827e-03
1.170801476151119578e-03
1.164833371419542142e-03
1.159209742288943223e-03
