5.753856292453481906e-04
5.771437259247117401e-04
5.788597490456292693e-04
5.805277827578036228e-04
5.821427971347496039e-04
5.836967945183400928e-04
5.851846272763606147e-04
5.866001847794449471e-04
5.879373716146029868e-04
5.891901643026997704e-04
5.903526436491061697e-04
5.914181796221867210e-04
5.923834694586510271e-04
5.932417709058022959e-04
5.939879026354091558e-04
5.946173436461584883e-04
5.951258483460188185e-04
5.955095517942575641e-04
5.957650665929512587e-04
5.958894103101717438e-04
5.958811128384232120e-04
5.957353905905289019e-04
5.954538500758437209e-04
5.950348019453485966e-04
5.944780585534377697e-04
5.937839229143267389e-04
5.929538268020631336e-04
5.919892307950495348e-04
5.908923611937789673e-04
5.896661000636608911e-04
5.883138537988594425e-04
5.868396445566294480e-04
5.852479219922660653e-04
5.835434208445283407e-04
5.817313792392126695e-04
5.798174566069943430e-04
5.778076084067113559e-04
5.757080499978604231e-04
5.735250857884151851e-04
5.712654752406451765e-04
5.689359754926233241e-04
5.665443096909944087e-04
5.640954886932605808e-04
5.615973487578230193e-04
5.590566005899426285e-04
5.564801360513534903e-04
5.538750857759210935e-04
5.512478380179355788e-04
5.486047115007326334e-04
5.459518928486951830e-04
5.432953784006353242e-04
5.406409433996315272e-04
5.379941327114326358e-04
5.353602591403911360e-04
5.327443721517772027e-04
5.301512716376770599e-04
5.275854923784844587e-04
5.250515404270333225e-04
5.225535148649103996e-04
5.200947722110815623e-04
5.176788578284159800e-04
5.153091804893017089e-04
5.129888362599759012e-04
5.107206666365219066e-04
5.085072800560377698e-04
5.063510639636452978e-04
5.042541967033813263e-04
5.022186597081809006e-04
5.002462458600910556e-04
4.983385775656155306e-04
4.964968903091863169e-04
4.947224657539201972e-04
4.930167484935038145e-04
4.913803339099497404e-04
4.898141012412990727e-04
4.883188049467740129e-04
4.868950700083776143e-04
4.855434096998797718e-04
4.842642367322020215e-04
4.830578723875180802e-04
4.819245552282905927e-04
4.808644528048623538e-04
4.798776719093653044e-04
4.789641359475567775e-04
4.781236053057813041e-04
4.773563538937724833e-04
4.766620850334746576e-04
4.760405585194892866e-04
4.754915530169010222e-04
4.750148079323620199e-04
4.746100298914862430e-04
4.742768969959698351e-04
4.740150624292775077e-04
4.738241576706299384e-04
4.737037954894033134e-04
4.736535728975498072e-04
4.736730727983755936e-04
4.737618146090452642e-04
4.739193695961835739e-04
4.741452929587412855e-04
