1.735263055926967611e-03
1.719359318864867401e-03
1.702613274103286899e-03
1.685139409864562423e-03
1.667052747045474339e-03
1.648454742792747167e-03
1.629451637362578807e-03
1.610140836345264016e-03
1.590613264137946594e-03
1.570953415915327719e-03
1.551238928231708000e-03
1.531537648860468309e-03
1.511919345398561121e-03
1.492438403894880226e-03
1.473145787310288718e-03
1.454086425815679425e-03
1.435299580531507538e-03
1.416819235306698540e-03
1.398674504022275880e-03
1.380889865801294102e-03
1.363488503276874975e-03
1.346479523746292031e-03
1.329884170216564078e-03
1.313710472317042950e-03
1.297966392191579133e-03
1.282657548891509482e-03
1.267787501639511868e-03
1.253358007508929665e-03
1.239369255294695904e-03
1.225820077105798387e-03
1.212708137705809921e-03
1.200030192897846067e-03
1.187782122528247388e-03
1.175958941867268808e-03
1.164555146356679007e-03
1.153564875358940867e-03
1.142981808098988495e-03
1.132799352085050006e-03
1.123010702500571627e-03
1.113608891150811870e-03
1.104586843752790575e-03
1.095939522912520560e-03
1.087655580455377212e-03
1.079730003049995252e-03
1.072155577323931699e-03
1.064925405195111391e-03
1.058033024300676595e-03
1.051471505886497409e-03
1.045234135244965754e-03
1.039314374847607981e-03
1.033705867982367401e-03
1.028402423431243936e-03
1.023398010915925081e-03
1.018686781012811049e-03
1.014263058484320525e-03
1.010121343856071980e-03
1.006256309902958841e-03
1.002663056725349453e-03
9.993367121225651007e-04
9.962720541341785630e-04
9.934645060360426053e-04
9.909097885004269479e-04
9.886037181140333065e-04
9.865422583861555451e-04
9.847215311559033655e-04
9.831378185338089052e-04
9.817875588693176017e-04
9.806673443616574157e-04
9.797739258180066489e-04
9.791042147169713716e-04
9.786550008774232839e-04
9.784234593697425150e-04
9.784072918962542775e-04
9.786034641482874944e-04
9.790095790832131079e-04
9.796233661044358252e-04
9.804426607157379694e-04
9.814654126773865624e-04
9.826896866419029732e-04
9.841136610805034917e-04
9.857356272156103487e-04
9.875539933551257584e-04
9.895672847128290581e-04
9.917739686328911741e-04
9.941724614782340794e-04
9.967620613725435442e-04
9.995414351603823955e-04
1.002509483202918602e-03
1.005665272193820856e-03
1.009007948559198118e-03
1.012536741006012054e-03
1.016250959069898594e-03
1.020149991268844928e-03
1.024233303208837639e-03
1.028500435803644808e-03
1.032951003864865944e-03
1.037584693136432180e-03
1.042401175860904489e-03
1.047400287802843820e-03
1.052581917811043445e-03
