-6.083657406906534781e+00,-5.950850642494995846e+00
-6.071657418930571204e+00,-5.938850654519032268e+00
-6.059631345294354432e+00,-5.926890527114347051e+00
-6.047629377891512448e+00,-5.914954440709932371e+00
-6.035651516623258495e+00,-5.903042395303404355e+00
-6.023697761391022532e+00,-5.891154390892407555e+00
-6.011768112096484984e+00,-5.879290427474604286e+00
-5.999862568641473715e+00,-5.867450505047713705e+00
-5.987981130928076823e+00,-5.855634623609473621e+00
-5.976123798858600011e+00,-5.843842783157649379e+00
-5.964290572335555041e+00,-5.832074983690034742e+00
-5.952481451261713019e+00,-5.820331225204444792e+00
-5.940696435539990716e+00,-5.808611507698746124e+00
-5.928935525073550927e+00,-5.796915831170818656e+00
-5.917198719765770498e+00,-5.785244195618576946e+00
-5.905486019520242102e+00,-5.773596601039966636e+00
-5.893797424240807992e+00,-5.761973047432943140e+00
-5.882132933831448973e+00,-5.750373534795516939e+00
-5.870492548196395433e+00,-5.738798063125717164e+00
-5.858876267240086477e+00,-5.727246632421600481e+00
-5.847284090867178818e+00,-5.715719242681252865e+00
-5.835716018982565423e+00,-5.704215893902770951e+00
-5.824172051491278701e+00,-5.692736586084312655e+00
-5.812652188298602418e+00,-5.681281319224045667e+00
-5.801156429310031726e+00,-5.669850093320166096e+00
-5.789684774431258063e+00,-5.658442908370895807e+00
-5.778237223568215342e+00,-5.647059764374478874e+00
-5.766813776626984023e+00,-5.635700661329206440e+00
-5.755414433513882599e+00,-5.624365599233383861e+00
-5.744039194135434734e+00,-5.613054578085344026e+00
-5.732688058398363040e+00,-5.601767597883450023e+00
-5.721361026209640599e+00,-5.590504658626080925e+00
-5.710058097476363947e+00,-5.579265760311655775e+00
-5.698779272105874760e+00,-5.568050902938622038e+00
-5.687524550005716328e+00,-5.556860086505444052e+00
-5.676293931083635336e+00,-5.545693311010619020e+00
-5.665087415247605840e+00,-5.534550576452654802e+00
-5.653905002405752889e+00,-5.523431882830112549e+00
-5.642746692466411140e+00,-5.512337230141558742e+00
-5.631612485338140850e+00,-5.501266618385602492e+00
-5.620502380929691455e+00,-5.490220047560859129e+00
-5.609416379150040655e+00,-5.479197517665969741e+00
-5.598354479908288717e+00,-5.468199028699630482e+00
-5.587316683113795257e+00,-5.457224580660533952e+00
-5.576302988676106409e+00,-5.446274173547406505e+00
-5.565313396504949495e+00,-5.435347807359006467e+00
-5.554347906510301414e+00,-5.424445482094096604e+00
-5.543406518602240318e+00,-5.413567197751494753e+00
-5.532489232691113479e+00,-5.402712954330024964e+00
-5.521596048687445801e+00,-5.391882751828532605e+00
-5.510726966501936275e+00,-5.381076590245909230e+00
-5.499881986045542348e+00,-5.370294469581031294e+00
-5.489061107229310288e+00,-5.359536389832846304e+00
-5.478264329964559032e+00,-5.348802351000300881e+00
-5.467491654162774495e+00,-5.338092353082362962e+00
-5.456743079735629109e+00,-5.327406396078041340e+00
-5.446018606595036005e+00,-5.316744479986336813e+00
-5.435318234652995351e+00,-5.306106604806315907e+00
-5.424641963821785318e+00,-5.295492770537049587e+00
-5.413989794013854606e+00,-5.284902977177623029e+00
-5.403361725141820671e+00,-5.274337224727162265e+00
-5.392757757118541662e+00,-5.263795513184788888e+00
-5.382177889856969877e+00,-5.253277842549686660e+00
-5.371622123270324956e+00,-5.242784212821040235e+00
-5.361090457271995291e+00,-5.232314623998050251e+00
-5.350582891775529149e+00,-5.221869076079963534e+00
-5.340099426694731477e+00,-5.211447569066017138e+00
-5.329640061943492491e+00,-5.201050102955512067e+00
-5.319204797435950205e+00,-5.190676677747741330e+00
-5.308793633086430930e+00,-5.180327293442029912e+00
-5.298406568809410189e+00,-5.170001950037724114e+00
-5.288043604519607754e+00,-5.159700647534183560e+00
-5.277704740131837546e+00,-5.149423385930815833e+00
-5.267389975561163062e+00,-5.139170165227032960e+00
-5.257099310722818331e+00,-5.128940985422261178e+00
-5.246832745532204356e+00,-5.118735846515969357e+00
-5.236590279904936196e+00,-5.108554748507623700e+00
-5.226371913756744370e+00,-5.098397691396738374e+00
-5.216177647003612527e+00,-5.088264675182831986e+00
-5.206007479561662876e+00,-5.078155699865448014e+00
-5.195861411347200587e+00,-5.068070765444156578e+00
-5.185739442276739553e+00,-5.058009871918534017e+00
-5.175641572266918011e+00,-5.047973019288206409e+00
-5.165567801234588252e+00,-5.037960207552793612e+00
-5.155518129096807733e+00,-5.027971436711943021e+00
-5.145492555770752929e+00,-5.018006706765332225e+00
-5.135491081173796601e+00,-5.008066017712653917e+00
-5.125513705223494476e+00,-4.998149369553623877e+00
-5.115560427837576363e+00,-4.988256762287979207e+00
-5.105631248933984345e+00,-4.978388195915456116e+00
-5.095726168430758207e+00,-4.968543670435845883e+00
-5.085845186246158889e+00,-4.958723185848944226e+00
-5.075988302298607202e+00,-4.948926742154564629e+00
-5.066155516506714029e+00,-4.939154339352547218e+00
-5.056346828789288317e+00,-4.929405977442734788e+00
-5.046562239065236710e+00,-4.919681656425014538e+00
-5.036801747253681683e+00,-4.909981376299279887e+00
-5.027065353273910908e+00,-4.900305137065450900e+00
-5.017353057045395026e+00,-4.890652938723467180e+00
-5.007664858487793857e+00,-4.881024781273265667e+00
-4.998000757520880910e+00,-4.871420664714833038e+00
-4.988360754064620650e+00,-4.861840589048162187e+00
-4.978744848039162285e+00,-4.852284554273274431e+00
-4.969153039364825553e+00,-4.842752560390198191e+00
-4.959585327962106938e+00,-4.833244607398968107e+00
-4.950041713751627270e+00,-4.823760695299679213e+00
-4.940522196654201892e+00,-4.814300824092411446e+00
-4.931026776590823779e+00,-4.804864993777280269e+00
-4.921555453482628018e+00,-4.795453204354404697e+00
-4.912108227250967296e+00,-4.786065455823929504e+00
-4.902685097817292004e+00,-4.776701748186026109e+00
-4.893286065103248816e+00,-4.767362081440881028e+00
-4.883911129030647835e+00,-4.758046455588691437e+00
-4.874560289521473244e+00,-4.748754870629686486e+00
-4.865233546497885975e+00,-4.739487326564083780e+00
-4.855930899882167751e+00,-4.730243823392161318e+00
-4.846652349596784148e+00,-4.721024361114178447e+00
-4.837397895564357064e+00,-4.711828939730447807e+00
-4.828167537707698465e+00,-4.702657559241269603e+00
-4.818961275949775747e+00,-4.693510219646960913e+00
-4.809779110213689535e+00,-4.684386920947886779e+00
-4.800621040422708319e+00,-4.675287663144398920e+00
-4.791487066500271119e+00,-4.666212446236891687e+00
-4.782377188369983934e+00,-4.657161270225759431e+00
-4.773291405955627731e+00,-4.648134135111408050e+00
-4.764229719181106049e+00,-4.639131040894287850e+00
-4.755192127970481408e+00,-4.630151987574834038e+00
-4.746178632247988638e+00,-4.621196975153533337e+00
-4.737189231938040201e+00,-4.612266003630865363e+00
-4.728223926965202217e+00,-4.603359073007317726e+00
-4.719282717254166926e+00,-4.594476183283425996e+00
-4.710365602729787327e+00,-4.585617334459723082e+00
-4.701472583317102938e+00,-4.576782526536768536e+00
-4.692603658941290057e+00,-4.567971759515123686e+00
-4.683758829527707945e+00,-4.559185033395369402e+00
-4.674938095001824223e+00,-4.550422348178120302e+00
-4.666141455289286810e+00,-4.541683703863993671e+00
-4.657368910315895505e+00,-4.532969100453627220e+00
-4.648620460007611754e+00,-4.524278537947667544e+00
-4.639896104290560430e+00,-4.515612016346779001e+00
-4.631195843090990749e+00,-4.506969535651657921e+00
-4.622519676335315353e+00,-4.498351095862997084e+00
-4.613867603950094320e+00,-4.489756696981519468e+00
-4.605239625862063590e+00,-4.481186339007956931e+00
-4.596635741998122526e+00,-4.472640021943041333e+00
-4.588055952285252204e+00,-4.464117745787554270e+00
-4.579500256650645085e+00,-4.455619510542275563e+00
-4.570968655021623306e+00,-4.447145316207993915e+00
-4.562461147325670652e+00,-4.438695162785528225e+00
-4.553977733490429003e+00,-4.430269050275688514e+00
-4.545518413443659256e+00,-4.421866978679332760e+00
-4.537083187113273297e+00,-4.413488947997310063e+00
-4.528672054427378413e+00,-4.405134958230494391e+00
-4.520285015314174260e+00,-4.396805009379770368e+00
-4.511922069702041682e+00,-4.388499101446047490e+00
-4.503583217519503634e+00,-4.380217234430235251e+00
-4.495268458695212743e+00,-4.371959408333276897e+00
-4.486977793158001049e+00,-4.363725623156103239e+00
-4.478711220836823159e+00,-4.355515878899693050e+00
-4.470468741660786449e+00,-4.347330175565010890e+00
-4.462250355559136850e+00,-4.339168513153049744e+00
-4.454056062461265952e+00,-4.331030891664827465e+00
-4.445885862296741209e+00,-4.322917311101345916e+00
-4.437739754995234875e+00,-4.314827771463658479e+00
-4.429617740486589739e+00,-4.306762272752800769e+00
-4.421519818700767601e+00,-4.298720814969835047e+00
-4.413445989567886585e+00,-4.290703398115859102e+00
-4.405396253018233566e+00,-4.282710022191936972e+00
-4.397370608982196671e+00,-4.274740687199194866e+00
-4.389369057390336337e+00,-4.266795393138746562e+00
-4.381391598173332014e+00,-4.258874140011718268e+00
-4.373438231262014142e+00,-4.250976927819277051e+00
-4.365508956587373035e+00,-4.243103756562561557e+00
-4.357603774080516246e+00,-4.235254626242763720e+00
-4.349722683672709422e+00,-4.227429536861066595e+00
-4.341865685295330124e+00,-4.219628488418665668e+00
-4.334032778879922887e+00,-4.211851480916795509e+00
-4.326223964358179686e+00,-4.204098514356664040e+00
-4.318439241661899075e+00,-4.196369588739528922e+00
-4.310678610723044812e+00,-4.188664704066642486e+00
-4.302942071473713881e+00,-4.180983860339273050e+00
-4.295229623846116951e+00,-4.173327057558706699e+00
-4.287541267772658315e+00,-4.165694295726234841e+00
-4.279877003185831086e+00,-4.158085574843163101e+00
-4.272236830018261600e+00,-4.150500894910823746e+00
-4.264620748202755607e+00,-4.142940255930550819e+00
-4.257028757672220109e+00,-4.135403657903683694e+00
-4.249460858359727311e+00,-4.127891100831588389e+00
-4.241917050198459549e+00,-4.120402584715634475e+00
-4.234397333121719953e+00,-4.112938109557212840e+00
-4.226901707062999947e+00,-4.105497675357725029e+00
-4.219430171955885100e+00,-4.098081282118574364e+00
-4.211982727734117304e+00,-4.090688929841181931e+00
-4.204559374331550359e+00,-4.083320618526991908e+00
-4.197160111682174843e+00,-4.075976348177453801e+00
-4.189784939720142987e+00,-4.068656118794026000e+00
-4.182433858379708269e+00,-4.061359930378179328e+00
-4.175106867595282267e+00,-4.054087782931397044e+00
-4.167803967301395573e+00,-4.046839676455183721e+00
-4.160525157432701349e+00,-4.039615610951045710e+00
-4.153270437923993086e+00,-4.032415586420505349e+00
-4.146039808710201058e+00,-4.025239602865093858e+00
-4.138833269726404751e+00,-4.018087660286354890e+00
-4.131650820907776023e+00,-4.010959758685853416e+00
-4.124492462189632391e+00,-4.003855898065143748e+00
-4.117358193507421049e+00,-3.996776078425824608e+00
-4.110248014796725968e+00,-3.989720299769482281e+00
-4.103161925993283887e+00,-3.982688562097706608e+00
-4.096099927032902599e+00,-3.975680865412130061e+00
-4.089062017851556874e+00,-3.968697209714374452e+00
-4.082048198385336946e+00,-3.961737595006077584e+00
-4.075058468570480485e+00,-3.954802021288896796e+00
-4.068092828343356615e+00,-3.947890488564471667e+00
-4.061151277640419721e+00,-3.941002996834491512e+00
-4.054233816398284063e+00,-3.934139546100634988e+00
-4.047340444553679362e+00,-3.927300136364603844e+00
-4.040471162043479225e+00,-3.920484767628101608e+00
-4.033625968804688711e+00,-3.913693439892828252e+00
-4.026804864774398141e+00,-3.906926153160526383e+00
-4.020007849889847051e+00,-3.900182907432931501e+00
-4.013234924088401101e+00,-3.893463702711798646e+00
-4.006486087307562727e+00,-3.886768538998884637e+00
-3.999761339484965816e+00,-3.880097416295949841e+00
-3.993060680558325970e+00,-3.873450334604786605e+00
-3.986384110465511554e+00,-3.866827293927183717e+00
-3.979731629144506400e+00,-3.860228294264945959e+00
-3.973103236533424010e+00,-3.853653335619886988e+00
-3.966498932570530656e+00,-3.847102417993824020e+00
-3.959918717194163662e+00,-3.840575541388595582e+00
-3.953362590342791805e+00,-3.834072705806050863e+00
-3.946830551955041955e+00,-3.827593911248040826e+00
-3.940322601969617367e+00,-3.821139157716428869e+00
-3.933838740325402483e+00,-3.814708445213081944e+00
-3.927378966961345697e+00,-3.808301773739902529e+00
-3.920943281816537507e+00,-3.801919143298771786e+00
-3.914531684830176772e+00,-3.795560553891608180e+00
-3.908144175941623999e+00,-3.789226005520321294e+00
-3.901780755090339170e+00,-3.782915498186827818e+00
-3.895441422215878191e+00,-3.776629031893069310e+00
-3.889126177257917760e+00,-3.770366606640994434e+00
-3.882835020156292671e+00,-3.764128222432560733e+00
-3.876567950850921207e+00,-3.757913879269723978e+00
-3.870324969281885075e+00,-3.751723577154454148e+00
-3.864106075389337036e+00,-3.745557316088749644e+00
-3.857911269113554198e+00,-3.739415096074598210e+00
-3.851740550394936236e+00,-3.733296917114003577e+00
-3.845593919174030262e+00,-3.727202779208974803e+00
-3.839471375391482866e+00,-3.721132682361528055e+00
-3.833372918988033007e+00,-3.715086626573707917e+00
-3.827298549904561753e+00,-3.709064611847544768e+00
-3.821248268082051425e+00,-3.703066638185099180e+00
-3.815222073461621122e+00,-3.697092705588426398e+00
-3.809219965984510736e+00,-3.691142814059581667e+00
-3.803241945592048978e+00,-3.685216963600652207e+00
-3.797288012225671139e+00,-3.679315154213725236e+00
-3.791358165826967053e+00,-3.673437385900907515e+00
-3.785452406337610043e+00,-3.667583658664282709e+00
-3.779570733699433305e+00,-3.661753972505973564e+00
-3.773713147854330430e+00,-3.655948327428099276e+00
-3.767879648744319354e+00,-3.650166723432796800e+00
-3.762070236311554794e+00,-3.644409160522204871e+00
-3.756284910498278506e+00,-3.638675638698471104e+00
-3.750523671246892121e+00,-3.632966157963746667e+00
-3.744786518499864769e+00,-3.627280718320207598e+00
-3.739073452199779268e+00,-3.621619319770022827e+00
-3.733384472289344558e+00,-3.615981962315380827e+00
-3.727719578711385040e+00,-3.610368645958464739e+00
-3.722078771408842357e+00,-3.604779370701482577e+00
-3.716462050324761179e+00,-3.599214136546638798e+00
-3.710869415402282101e+00,-3.593672943496148520e+00
-3.705300866584664732e+00,-3.588155791552246399e+00
-3.699756403815303685e+00,-3.582662680717159986e+00
-3.694236027037696601e+00,-3.577193610993127493e+00
-3.688739736195419283e+00,-3.571748582382401338e+00
-3.683267531232186087e+00,-3.566327594887244601e+00
-3.677819412091803741e+00,-3.560930648509920360e+00
-3.672395378718217529e+00,-3.555557743252702352e+00
-3.666995431055461552e+00,-3.550208879117874972e+00
-3.661619569047672940e+00,-3.544884056107726167e+00
-3.656267792639113168e+00,-3.539583274224554543e+00
-3.650940101774125424e+00,-3.534306533470669365e+00
-3.645636496397205661e+00,-3.529053833848383448e+00
-3.640356976452927995e+00,-3.523825175360016715e+00
-3.635101541885966014e+00,-3.518620558007903298e+00
-3.629870192641131865e+00,-3.513439981794373779e+00
-3.624662928663298089e+00,-3.508283446721776500e+00
-3.619479749897489995e+00,-3.503150952792470463e+00
-3.614320656288839473e+00,-3.498042500008807565e+00
-3.609185647782538808e+00,-3.492958088373157466e+00
-3.604074724323929502e+00,-3.487897717887896931e+00
-3.598987885858427660e+00,-3.482861388555413384e+00
-3.593925132331587946e+00,-3.477849100378090696e+00
-3.588886463689060946e+00,-3.472860853358323396e+00
-3.583871879876582511e+00,-3.467896647498527329e+00
-3.578881380840012838e+00,-3.462956482801107683e+00
-3.573914966525293835e+00,-3.458040359268487407e+00
-3.568972636878505966e+00,-3.453148276903093006e+00
-3.564054391845822067e+00,-3.448280235707350982e+00
-3.559160231373496686e+00,-3.443436235683712709e+00
-3.554290155407912266e+00,-3.438616276834622454e+00
-3.549444163895543625e+00,-3.433820359162538693e+00
-3.544622256782968606e+00,-3.429048482669916353e+00
-3.539824434016878740e+00,-3.424300647359224570e+00
-3.535050695544061483e+00,-3.419576853232957347e+00
-3.530301041311403765e+00,-3.414877100293573164e+00
-3.525575471265888439e+00,-3.410201388543583789e+00
-3.520873985354608493e+00,-3.405549717985469016e+00
-3.516196583524784813e+00,-3.400922088621744166e+00
-3.511543265723688023e+00,-3.396318500454910350e+00
-3.506914031898720197e+00,-3.391738953487486441e+00
-3.502308881997375778e+00,-3.387183447722012630e+00
-3.497727815967255793e+00,-3.382651983161000686e+00
-3.493170833756078508e+00,-3.378144559806994351e+00
-3.488637935311626137e+00,-3.373661177662530264e+00
-3.484129120581798134e+00,-3.369201836730169930e+00
-3.479644389514593428e+00,-3.364766537012467751e+00
-3.475183742058113978e+00,-3.360355278511981680e+00
-3.470747178160568325e+00,-3.355968061231276778e+00
-3.466334697770239615e+00,-3.351604885172942971e+00
-3.461946300835538892e+00,-3.347265750339555979e+00
-3.457581987304937599e+00,-3.342950656733702175e+00
-3.453241757127045730e+00,-3.338659604357978594e+00
-3.448925610250562102e+00,-3.334392593214985823e+00
-3.444633546624260134e+00,-3.330149623307328000e+00
-3.440365566197037595e+00,-3.325930694637619922e+00
-3.436121668917866856e+00,-3.321735807208494151e+00
-3.431901854735841084e+00,-3.317564961022554826e+00
-3.427706123600138710e+00,-3.313418156082441612e+00
-3.423534475460034088e+00,-3.309295392390797730e+00
-3.419386910264893942e+00,-3.305196669950259292e+00
-3.415263427964184473e+00,-3.301121988763490833e+00
-3.411164028507471357e+00,-3.297071348833128468e+00
-3.407088711844430406e+00,-3.293044750161840284e+00
-3.403037477924801379e+00,-3.289042192752301474e+00
-3.399010326698451934e+00,-3.285063676607173022e+00
-3.395007258115295912e+00,-3.281109201729147884e+00
-3.391028272125403475e+00,-3.277178768120897701e+00
-3.387073368678908736e+00,-3.273272375785108323e+00
-3.383142547726031069e+00,-3.269390024724494026e+00
-3.379235809217107089e+00,-3.265531714941744212e+00
-3.375353153102540915e+00,-3.261697446439573156e+00
-3.371494579332853903e+00,-3.257887219220684472e+00
-3.367660087858659779e+00,-3.254101033287803091e+00
-3.363849678630650430e+00,-3.250338888643646840e+00
-3.360063351599624326e+00,-3.246600785290947755e+00
-3.356301106716447435e+00,-3.242886723232448531e+00
-3.352562943932120731e+00,-3.239196702470884759e+00
-3.348848863197726899e+00,-3.235530723008988474e+00
-3.345158864464391257e+00,-3.231888784849520135e+00
-3.341492947683402548e+00,-3.228270887995247307e+00
-3.337851112806088594e+00,-3.224677032448912684e+00
-3.334233359783894457e+00,-3.221107218213298040e+00
-3.330639688568368229e+00,-3.217561445291160283e+00
-3.327070099111111290e+00,-3.214039713685288291e+00
-3.323524591363845815e+00,-3.210542023398456735e+00
-3.320003165278357926e+00,-3.207068374433461599e+00
-3.316505820806572302e+00,-3.203618766793088213e+00
-3.313032557900459807e+00,-3.200193200480132560e+00
-3.309583376512090780e+00,-3.196791675497397733e+00
-3.306158276593642142e+00,-3.193414191847693928e+00
-3.302757258097351212e+00,-3.190060749533834894e+00
-3.299380320975572545e+00,-3.186731348558637933e+00
-3.296027465180753069e+00,-3.183425988924920347e+00
-3.292698690665403660e+00,-3.180144670635506543e+00
-3.289393997382145329e+00,-3.176887393693231587e+00
-3.286113385283645272e+00,-3.173654158100941203e+00
-3.282856854322730555e+00,-3.170444963861470455e+00
-3.279624404452277986e+00,-3.167259810977661516e+00
-3.276416035625238976e+00,-3.164098699452360108e+00
-3.273231747794671520e+00,-3.160961629288433272e+00
-3.270071540913708219e+00,-3.157848600488744495e+00
-3.266935414935588256e+00,-3.154759613056143053e+00
-3.263823369813636077e+00,-3.151694666993513749e+00
-3.260735405501250739e+00,-3.148653762303716519e+00
-3.257671521951916560e+00,-3.145636898989639718e+00
-3.254631719119206679e+00,-3.142644077054168150e+00
-3.251615996956793708e+00,-3.139675296500179513e+00
-3.248624355418424869e+00,-3.136730557330569269e+00
-3.245656794457943306e+00,-3.133809859548236432e+00
-3.242713314029277427e+00,-3.130913203156080016e+00
-3.239793914086401827e+00,-3.128040588157009694e+00
-3.236898594583436761e+00,-3.125192014553924480e+00
-3.234027355474559329e+00,-3.122367482349744705e+00
-3.231180196714031894e+00,-3.119566991547390700e+00
-3.228357118256209191e+00,-3.116790542149775689e+00
-3.225558120055499245e+00,-3.114038134159844873e+00
-3.222783202066452191e+00,-3.111309767580507923e+00
-3.220032364243653689e+00,-3.108605442414702935e+00
-3.217305606541803087e+00,-3.105925158665382213e+00
-3.214602928915670788e+00,-3.103268916335476746e+00
-3.211924331320076931e+00,-3.100636715427938839e+00
-3.209269813709994423e+00,-3.098028555945717244e+00
-3.206639376040442357e+00,-3.095444437891764267e+00
-3.204033018266525090e+00,-3.092884361269053528e+00
-3.201450740343428691e+00,-3.090348326080533781e+00
-3.198892542226410285e+00,-3.087836332329175093e+00
-3.196358423870840682e+00,-3.085348380017947534e+00
-3.193848385232147535e+00,-3.082884469149828277e+00
-3.191362426265850871e+00,-3.080444599727794497e+00
-3.188900546927552426e+00,-3.078028771754834025e+00
-3.186462747172939203e+00,-3.075636985233934695e+00
-3.184049026957755046e+00,-3.073269240168070127e+00
-3.181659386237868148e+00,-3.070925536560260127e+00
-3.179293824969199989e+00,-3.068605874413471213e+00
-3.176952343107746657e+00,-3.066310253730737401e+00
-3.174634940609610823e+00,-3.064038674515050076e+00
-3.172341617430959104e+00,-3.061791136769407728e+00
-3.170072373528036280e+00,-3.059567640496830165e+00
-3.167827208857172394e+00,-3.057368185700337193e+00
-3.165606123374789860e+00,-3.055192772382948618e+00
-3.163409117037357277e+00,-3.053041400547687800e+00
-3.161236189801485352e+00,-3.050914070197578098e+00
-3.159087341623777689e+00,-3.048810781335642872e+00
-3.156962572460994210e+00,-3.046731533964933902e+00
-3.154861882269944573e+00,-3.044676328088474548e+00
-3.152785271007495282e+00,-3.042645163709309486e+00
-3.150732738630633634e+00,-3.040638040830483391e+00
-3.148704285096400213e+00,-3.038654959455044491e+00
-3.146699910361924424e+00,-3.036695919586044567e+00
-3.144719614384410278e+00,-3.034760921226531849e+00
-3.142763397121122182e+00,-3.032849964379565222e+00
-3.140831258529438230e+00,-3.030963049048210678e+00
-3.138923198566793360e+00,-3.029100175235527104e+00
-3.137039217190690010e+00,-3.027261342944584044e+00
-3.135179314358754965e+00,-3.025446552178461701e+00
-3.133343490028607903e+00,-3.023655802940204751e+00
-3.131531744158028374e+00,-3.021889095232925371e+00
-3.129744076704838562e+00,-3.020146429059686000e+00
-3.127980487626945916e+00,-3.018427804423570393e+00
-3.126240976882321831e+00,-3.016733221327662307e+00
-3.124525544429008761e+00,-3.015062679775059706e+00
-3.122834190225155737e+00,-3.013416179768846348e+00
-3.121166914228957978e+00,-3.011793721312123751e+00
-3.119523716398703073e+00,-3.010195304407979222e+00
-3.117904596692756769e+00,-3.008620929059535598e+00
-3.116309555069538106e+00,-3.007070595269876634e+00
-3.114738591487572705e+00,-3.005544303042121612e+00
-3.113191705905439477e+00,-3.004042052379379157e+00
-3.111668898281809703e+00,-3.002563843284757894e+00
-3.110170168575397298e+00,-3.001109675761366447e+00
-3.108695516745026310e+00,-2.999679549812352519e+00
-3.107244942749584737e+00,-2.998273465440806973e+00
-3.105818446548031631e+00,-2.996891422649870407e+00
-3.104416028099389990e+00,-2.995533421442654998e+00
-3.103037687362778740e+00,-2.994199461822312003e+00
-3.101683424297373648e+00,-2.992889543791964257e+00
-3.100353238862432192e+00,-2.991603667354745255e+00
-3.099047131017290013e+00,-2.990341832513795595e+00
-3.097765100721346698e+00,-2.989104039272248770e+00
-3.096507147934079995e+00,-2.987890287633266695e+00
-3.095273272615028048e+00,-2.986700577599979312e+00
-3.094063474723828477e+00,-2.985534909175537877e+00
-3.092877754220168640e+00,-2.984393282363107858e+00
-3.091716111063831818e+00,-2.983275697165822749e+00
-3.090578545214633266e+00,-2.982182153586840911e+00
-3.089465056632494822e+00,-2.981112651629342025e+00
-3.088375645277409376e+00,-2.980067191296470241e+00
-3.087310311109437322e+00,-2.979045772591394581e+00
-3.086269054088688790e+00,-2.978048395517276958e+00
-3.085251874175387599e+00,-2.977075060077293500e+00
-3.084258771329785986e+00,-2.976125766274620332e+00
-3.083289745512246327e+00,-2.975200514112415817e+00
-3.082344796683166521e+00,-2.974299303593866739e+00
-3.081423924803043946e+00,-2.973422134722145671e+00
-3.080527129832429267e+00,-2.972569007500442950e+00
-3.079654411731951313e+00,-2.971739921931934703e+00
-3.078805770462317071e+00,-2.970934878019811265e+00
-3.077981205984283264e+00,-2.970153875767255869e+00
-3.077180718258691883e+00,-2.969396915177451746e+00
-3.076404307246463077e+00,-2.968663996253610549e+00
-3.075651972908559628e+00,-2.967955118998915509e+00
-3.074923715206036690e+00,-2.967270283416556964e+00
-3.074219534100016915e+00,-2.966609489509750119e+00
-3.073539429551679802e+00,-2.965972737281681759e+00
-3.072883401522304325e+00,-2.965360026735567089e+00
-3.072251449973190773e+00,-2.964771357874607105e+00
-3.071643574865753124e+00,-2.964206730702009907e+00
-3.071059776161447985e+00,-2.963666145220976489e+00
-3.070500053821810127e+00,-2.963149601434729163e+00
-3.069964407808445372e+00,-2.962657099346483136e+00
-3.069452838083019941e+00,-2.962188638959450060e+00
-3.068965344607267554e+00,-2.961744220276838035e+00
-3.068501927343003644e+00,-2.961323843301887138e+00
-3.068062586252104040e+00,-2.960927508037805467e+00
-3.067647321296519181e+00,-2.960555214487825992e+00
-3.067256132438238581e+00,-2.960206962655171026e+00
-3.066889019639354785e+00,-2.959882752543059325e+00
-3.066545982861999420e+00,-2.959582584154734519e+00
-3.066227022068417796e+00,-2.959306457493411813e+00
-3.065932137220862330e+00,-2.959054372562341939e+00
-3.065661328281670706e+00,-2.958826329364761420e+00
-3.065414595213290738e+00,-2.958622327903889015e+00
-3.065191937978166692e+00,-2.958442368182982563e+00
-3.064993356538877833e+00,-2.958286450205278584e+00
-3.064818850858017640e+00,-2.958154573973999391e+00
-3.064668420898271961e+00,-2.958046739492417032e+00
-3.064542066622394145e+00,-2.957962946763771583e+00
-3.064439787993162412e+00,-2.957903195791299567e+00
-3.064361584973504193e+00,-2.957867486578258820e+00
-3.064307457526325607e+00,-2.957855819127900077e+00
-3.064277405614646455e+00,-2.957868193443474070e+00
-3.064271429201546937e+00,-2.957904609528249296e+00
-3.064289528250167649e+00,-2.957965067385455171e+00
-3.064331702723698925e+00,-2.958049567018370851e+00
-3.064397952585409257e+00,-2.958158108430254174e+00
-3.064488277798645299e+00,-2.958290691624355873e+00
-3.064602678326806995e+00,-2.958447316603951549e+00
-3.064741154133354684e+00,-2.958627983372291936e+00
-3.064903705181798443e+00,-2.958832691932649084e+00
-3.065090331435747828e+00,-2.959061442288295041e+00
-3.065301032858855024e+00,-2.959314234442501856e+00
-3.065535809414853929e+00,-2.959591068398523817e+00
-3.065794661067510418e+00,-2.959891944159647181e+00
-3.066077587780668523e+00,-2.960216861729151105e+00
-3.066384589518250436e+00,-2.960565821110279217e+00
-3.066715666244228089e+00,-2.960938822306339091e+00
-3.067070817922633807e+00,-2.961335865320599225e+00
-3.067450044517581631e+00,-2.961756950156338775e+00
-3.067853345993221126e+00,-2.962202076816843999e+00
-3.068280722313787123e+00,-2.962671245305386947e+00
-3.068732173443571298e+00,-2.963164455625253879e+00
-3.069207699346918616e+00,-2.963681707779727503e+00
-3.069707299988234439e+00,-2.964223001772094079e+00
-3.070230975332016499e+00,-2.964788337605661184e+00
-3.070778725342790949e+00,-2.965377715283679549e+00
-3.071350549985162104e+00,-2.965991134809463858e+00
-3.071946449223794673e+00,-2.966628596186303923e+00
-3.072566423023413762e+00,-2.967290099417493110e+00
-3.073210471348794215e+00,-2.967975644506317678e+00
-3.073878594164796141e+00,-2.968685231456078100e+00
-3.074570791436322281e+00,-2.969418860270060634e+00
-3.075287063128357090e+00,-2.970176530951576410e+00
-3.076027409205909890e+00,-2.970958243503918794e+00
-3.076791829634096587e+00,-2.971763997930388257e+00
-3.077580324378047294e+00,-2.972593794234271058e+00
-3.078392893402991604e+00,-2.973447632418896092e+00
-3.079229536674205292e+00,-2.974325512487538958e+00
-3.080090254157006768e+00,-2.975227434443532104e+00
-3.080975045816806812e+00,-2.976153398290158236e+00
-3.081883911619058836e+00,-2.977103404030728484e+00
-3.082816851529287305e+00,-2.978077451668553977e+00
-3.083773865513038004e+00,-2.979075541206938738e+00
-3.084754953535977506e+00,-2.980097672649193896e+00
-3.085760115563793704e+00,-2.981143845998637687e+00
-3.086789351562231332e+00,-2.982214061258574134e+00
-3.087842661497120389e+00,-2.983308318432321471e+00
-3.088920045334312192e+00,-2.984426617523176617e+00
-3.090021503039750428e+00,-2.985568958534472017e+00
-3.091147034579442732e+00,-2.986735341469518801e+00
-3.092296639919410950e+00,-2.987925766331628097e+00
-3.093470319025797721e+00,-2.989140233124118140e+00
-3.094668071864738579e+00,-2.990378741850314270e+00
-3.095889898402475637e+00,-2.991641292513520511e+00
-3.097135798605300749e+00,-2.992927885117076414e+00
-3.098405772439534189e+00,-2.994238519664293108e+00
-3.099699819871609918e+00,-2.995573196158481721e+00
-3.101017940867961897e+00,-2.996931914602981806e+00
-3.102360135395109353e+00,-2.998314675001104490e+00
-3.103726403419642565e+00,-2.999721477356189325e+00
-3.105116744908187343e+00,-3.001152321671540335e+00
-3.106531159827433441e+00,-3.002607207950497070e+00
-3.107969648144120356e+00,-3.004086136196377765e+00
-3.109432209825072846e+00,-3.005589106412514866e+00
-3.110918844837136987e+00,-3.007116118602233712e+00
-3.112429553147229910e+00,-3.008667172768873854e+00
-3.113964334722346905e+00,-3.010242268915739317e+00
-3.115523189529511683e+00,-3.011841407046190966e+00
-3.117106117535804799e+00,-3.013464587163547037e+00
-3.118713118708392074e+00,-3.015111809271125765e+00
-3.120344193014453538e+00,-3.016783073372273805e+00
-3.121999340421268698e+00,-3.018478379470323603e+00
-3.123678560896138379e+00,-3.020197727568600499e+00
-3.125381854406448667e+00,-3.021941117670444044e+00
-3.127109220919606969e+00,-3.023708549779186683e+00
-3.128860660403127270e+00,-3.025500023898182178e+00
-3.130636172824523555e+00,-3.027315540030727448e+00
-3.132435758151380867e+00,-3.029155098180190464e+00
-3.134259416351390826e+00,-3.031018698349903673e+00
-3.136107147392237948e+00,-3.032906340543192414e+00
-3.137978951241656489e+00,-3.034818024763403344e+00
-3.139874827867515705e+00,-3.036753751013876013e+00
-3.141794777237635117e+00,-3.038713519297942867e+00
-3.143738799319990562e+00,-3.040697329618950562e+00
-3.145706894082515248e+00,-3.042705181980231544e+00
-3.147699061493263173e+00,-3.044737076385139574e+00
-3.149715301520345179e+00,-3.046793012837014203e+00
-3.151755614131886318e+00,-3.048872991339180771e+00
-3.153819999296082699e+00,-3.050977011894993041e+00
-3.155908456981194377e+00,-3.053105074507797667e+00
-3.158020987155524040e+00,-3.055257179180912885e+00
-3.160157589787438326e+00,-3.057433325917720879e+00
-3.162318264845360716e+00,-3.059633514721532777e+00
-3.164503012297750217e+00,-3.061857745595723657e+00
-3.166711832113129788e+00,-3.064106018543604648e+00
-3.168944724260079226e+00,-3.066378333568543724e+00
-3.171201688707213862e+00,-3.068674690673859118e+00
-3.173482725423241391e+00,-3.070995089862933014e+00
-3.175787834376883723e+00,-3.073339531139090752e+00
-3.178117015536919610e+00,-3.075708014505686094e+00
-3.180470268872227280e+00,-3.078100539966058591e+00
-3.182847594351670750e+00,-3.080517107523547793e+00
-3.185248991944192198e+00,-3.082957717181514568e+00
-3.187674461618826172e+00,-3.085422368943312676e+00
-3.190124003344593007e+00,-3.087911062812267460e+00
-3.192597617090612516e+00,-3.090423798791746890e+00
-3.195095302826061356e+00,-3.092960576885090518e+00
-3.197617060520123289e+00,-3.095521397095645000e+00
-3.200162890142060235e+00,-3.098106259426764097e+00
-3.202732791661198064e+00,-3.100715163881794467e+00
-3.205326765046891069e+00,-3.103348110464082765e+00
-3.207944810268585911e+00,-3.106005099176982753e+00
-3.210586927295729254e+00,-3.108686130023833982e+00
-3.213253116097831708e+00,-3.111391203007997319e+00
-3.215943376644496254e+00,-3.114120318132826526e+00
-3.218657708905325876e+00,-3.116873475401661153e+00
-3.221396112850001714e+00,-3.119650674817847857e+00
-3.224158588448247542e+00,-3.122451916384747506e+00
-3.226945135669843978e+00,-3.125277200105706754e+00
-3.229755754484628483e+00,-3.128126525984086470e+00
-3.232590444862466939e+00,-3.130999894023204888e+00
-3.235449206773289177e+00,-3.133897304226444191e+00
-3.238332040187081873e+00,-3.136818756597143931e+00
-3.241238945073874334e+00,-3.139764251138657869e+00
-3.244169921403752710e+00,-3.142733787854339766e+00
-3.247124969146845785e+00,-3.145727366747529175e+00
-3.250104088273332081e+00,-3.148744987821586960e+00
-3.253107278753446963e+00,-3.151786651079859780e+00
-3.256134540557475532e+00,-3.154852356525701396e+00
-3.259185873655738419e+00,-3.157942104162458463e+00
-3.262261278018627308e+00,-3.161055893993491850e+00
-3.265360753616576517e+00,-3.164193726022148212e+00
-3.268484300420070099e+00,-3.167355600251767100e+00
-3.271631918399620531e+00,-3.170541516685702277e+00
-3.274803607525811344e+00,-3.173751475327321714e+00
-3.277999367769275807e+00,-3.176985476179972068e+00
-3.281219199100711137e+00,-3.180243519246992889e+00
-3.284463101490835868e+00,-3.183525604531730835e+00
-3.287731074910396956e+00,-3.186831732037546772e+00
-3.291023119330255042e+00,-3.190161901767815777e+00
-3.294339234721270770e+00,-3.193516113725841876e+00
-3.297679421054354520e+00,-3.196894367914993040e+00
-3.301043678300494832e+00,-3.200296664338630137e+00
-3.304432006430715774e+00,-3.203723003000092717e+00
-3.307844405416062727e+00,-3.207173383902741648e+00
-3.311280875227673448e+00,-3.210647807049916480e+00
-3.314741415836699900e+00,-3.214146272444970975e+00
-3.318226027214357998e+00,-3.217668780091251790e+00
-3.321734709331906288e+00,-3.221215329992119791e+00
-3.325267462160660159e+00,-3.224785922150907425e+00
-3.328824285671956318e+00,-3.228380556570968452e+00
-3.332405179837223841e+00,-3.231999233255677950e+00
-3.336010144627906016e+00,-3.235641952208339944e+00
-3.339639180015488762e+00,-3.239308713432329512e+00
-3.343292285971529054e+00,-3.242999516930993309e+00
-3.346969462467626499e+00,-3.246714362707677992e+00
-3.350670709475394915e+00,-3.250453250765730218e+00
-3.354396026966568911e+00,-3.254216181108503747e+00
-3.358145414912847571e+00,-3.258003153739331026e+00
-3.361918873286001030e+00,-3.261814168661572921e+00
-3.365716402057884693e+00,-3.265649225878576090e+00
-3.369538001200368171e+00,-3.269508325393672976e+00
-3.373383670685363711e+00,-3.273391467210224448e+00
-3.377253410484847507e+00,-3.277298651331570056e+00
-3.381147220570845491e+00,-3.281229877761070668e+00
-3.385065100915383596e+00,-3.285185146502044518e+00
-3.389007051490594336e+00,-3.289164457557859578e+00
-3.392973072268638646e+00,-3.293167810931841188e+00
-3.396963163221684567e+00,-3.297195206627350217e+00
-3.400977324322006723e+00,-3.301246644647726214e+00
-3.405015555541879735e+00,-3.305322124996308730e+00
-3.409077856853649280e+00,-3.309421647676451528e+00
-3.413164228229689456e+00,-3.313545212691479946e+00
-3.417274669642431206e+00,-3.317692820044747748e+00
-3.421409181064362315e+00,-3.321864469739608694e+00
-3.425567762467970567e+00,-3.326060161779373914e+00
-3.429750413825843225e+00,-3.330279896167411380e+00
-3.433957135110581760e+00,-3.334523672907060643e+00
-3.438187926294851593e+00,-3.338791492001654149e+00
-3.442442787351325251e+00,-3.343083353454531448e+00
-3.446721718252781841e+00,-3.347399257269039197e+00
-3.451024718971979155e+00,-3.351739203448502735e+00
-3.455351789481774460e+00,-3.356103191996275825e+00
-3.459702929755032130e+00,-3.360491222915690912e+00
-3.464078139764673381e+00,-3.364903296210080441e+00
-3.468477419483676272e+00,-3.369339411882805280e+00
-3.472900768885040179e+00,-3.373799569937176557e+00
-3.477348187941835533e+00,-3.378283770376533823e+00
-3.481819676627154081e+00,-3.382792013204223736e+00
-3.486315234914130201e+00,-3.387324298423578739e+00
-3.490834862775976433e+00,-3.391880626037938384e+00
-3.495378560185898209e+00,-3.396460996050620906e+00
-3.499946327117193334e+00,-3.401065408464980067e+00
-3.504538163543180929e+00,-3.405693863284334100e+00
-3.509154069437194323e+00,-3.410346360512029662e+00
-3.513794044772673431e+00,-3.415022900151392093e+00
-3.518458089523065269e+00,-3.419723482205753839e+00
-3.523146203661859488e+00,-3.424448106678433135e+00
-3.527858387162581266e+00,-3.429196773572783741e+00
-3.532594639998812625e+00,-3.433969482892130998e+00
-3.537354962144192427e+00,-3.438766234639800246e+00
-3.542139353572380855e+00,-3.443587028819109719e+00
-3.546947814257087828e+00,-3.448431865433398968e+00
-3.551780344172051684e+00,-3.453300744485993334e+00
-3.556636943291088926e+00,-3.458193665980225262e+00
-3.561517611588030263e+00,-3.463110629919427197e+00
-3.566422349036749040e+00,-3.468051636306903163e+00
-3.571351155611168338e+00,-3.473016685145992710e+00
-3.576304031285253870e+00,-3.478005776440021179e+00
-3.581280976033028196e+00,-3.483018910192313911e+00
-3.586281989828535188e+00,-3.488056086406203349e+00
-3.591307072645854248e+00,-3.493117305084986413e+00
-3.596356224459135831e+00,-3.498202566232002653e+00
-3.601429445242544602e+00,-3.503311869850563198e+00
-3.606526734970302073e+00,-3.508445215944007600e+00
-3.611648093616665278e+00,-3.513602604515654093e+00
-3.616793521155948099e+00,-3.518784035568792490e+00
-3.621963017562478626e+00,-3.523989509106769447e+00
-3.627156582810656005e+00,-3.529219025132903198e+00
-3.632374216874886486e+00,-3.534472583650490662e+00
-3.637615919729668690e+00,-3.539750184662878496e+00
-3.642881691349479922e+00,-3.545051828173363617e+00
-3.648171531708904070e+00,-3.550377514185264261e+00
-3.653485440782510807e+00,-3.555727242701884450e+00
-3.658823418544926653e+00,-3.561101013726556630e+00
-3.664185464970842077e+00,-3.566498827262591931e+00
-3.669571580034968861e+00,-3.571920683313294376e+00
-3.674981763712054317e+00,-3.577366581881960883e+00
-3.680416015976895494e+00,-3.582836522971938109e+00
-3.685874336804339180e+00,-3.588330506586522972e+00
-3.691356726169267688e+00,-3.593848532729005285e+00
-3.696863184046584649e+00,-3.599390601402710388e+00
-3.702393710411250538e+00,-3.604956712610949410e+00
-3.707948305238282671e+00,-3.610546866357019269e+00
-3.713526968502684156e+00,-3.616161062644231095e+00
-3.719129700179571785e+00,-3.621799301475896016e+00
-3.724756500244048141e+00,-3.627461582855310951e+00
-3.730407368671279755e+00,-3.633147906785779924e+00
-3.736082305436454476e+00,-3.638858273270599852e+00
-3.741781310514816994e+00,-3.644592682313096077e+00
-3.747504383881654633e+00,-3.650351133916537094e+00
-3.753251525512276032e+00,-3.656133628084255349e+00
-3.759022735382046676e+00,-3.661940164819526444e+00
-3.764818013466367574e+00,-3.667770744125661508e+00
-3.770637359740668160e+00,-3.673625366005957460e+00
-3.776480774180427602e+00,-3.679504030463718323e+00
-3.782348256761181915e+00,-3.685406737502219698e+00
-3.788239807458452901e+00,-3.691333487124765611e+00
-3.794155426247847629e+00,-3.697284279334660084e+00
-3.800095113105015798e+00,-3.703259114135192931e+00
-3.806058868005607110e+00,-3.709257991529653964e+00
-3.812046690925370740e+00,-3.715280911521347207e+00
-3.818058581840013233e+00,-3.721327874113534051e+00
-3.824094540725361924e+00,-3.727398879309525626e+00
-3.830154567557208622e+00,-3.733493927112611743e+00
-3.836238662311444614e+00,-3.739613017526082217e+00
-3.842346824963975394e+00,-3.745756150553212649e+00
-3.848479055490741985e+00,-3.751923326197299957e+00
-3.854635353867720937e+00,-3.758114544461619744e+00
-3.860815720070931434e+00,-3.764329805349461822e+00
-3.867020154076442395e+00,-3.770569108864123109e+00
-3.873248655860358269e+00,-3.776832455008864997e+00
-3.879501225398797715e+00,-3.783119843786977299e+00
-3.885777862667936233e+00,-3.789431275201735616e+00
-3.892078567643999065e+00,-3.795766749256436867e+00
-3.898403340303211451e+00,-3.802126265954349549e+00
-3.904752180621876789e+00,-3.808509825298749263e+00
-3.911125088576334008e+00,-3.814917427292918717e+00
-3.917522064142929139e+00,-3.821349071940119302e+00
-3.923943107298036637e+00,-3.827804759243640831e+00
-3.930388218018137536e+00,-3.834284489206751800e+00
-3.936857396279691557e+00,-3.840788261832727812e+00
-3.943350642059201050e+00,-3.847316077124830258e+00
-3.949867955333232317e+00,-3.853867935086341845e+00
-3.956409336078365868e+00,-3.860443835720545280e+00
-3.962974784271210638e+00,-3.867043779030680639e+00
-3.969564299888453718e+00,-3.873667765020037734e+00
-3.976177882906775096e+00,-3.880315793691856641e+00
-3.982815533302911604e+00,-3.886987865049434276e+00
-3.989477251053642703e+00,-3.893683979096024927e+00
-3.996163036135769175e+00,-3.900404135834889985e+00
-4.002872888526141537e+00,-3.907148335269283734e+00
-4.009606808201638728e+00,-3.913916577402488883e+00
-4.016364795139189425e+00,-3.920708862237738401e+00
-4.023146849315736517e+00,-3.927525189778322101e+00
-4.029952970708272630e+00,-3.934365560027480058e+00
-4.036783159293825918e+00,-3.941229972988473662e+00
-4.043637415049474271e+00,-3.948118428664557200e+00
-4.050515737952295581e+00,-3.955030927058984958e+00
-4.057418127979438793e+00,-3.961967468175011220e+00
-4.064344585108081276e+00,-3.968928052015904484e+00
-4.071295109315421712e+00,-3.975912678584897719e+00
-4.078269700578715629e+00,-3.982921347885252317e+00
-4.085268358875218553e+00,-3.989954059920201246e+00
-4.092291084182285488e+00,-3.997010814693020109e+00
-4.099337876477228804e+00,-4.004091612206941875e+00
-4.106408735737460347e+00,-4.011196452465213724e+00
-4.113503661940406175e+00,-4.018325335471082838e+00
-4.120622655063506556e+00,-4.025478261227782184e+00
-4.127765715084265707e+00,-4.032655229738580260e+00
-4.134932841980216267e+00,-4.039856241006702930e+00
-4.142124035728919296e+00,-4.047081295035390269e+00
-4.149339296307971381e+00,-4.054330391827875246e+00
-4.156578623695011743e+00,-4.061603531387405042e+00
-4.163842017867708023e+00,-4.068900713717226836e+00
-4.171129478803756285e+00,-4.076221938820573598e+00
-4.178441006480916542e+00,-4.083567206700671193e+00
-4.185776600876963016e+00,-4.090936517360745484e+00
-4.193136261969691247e+00,-4.098329870804057862e+00
-4.200519989736946513e+00,-4.105747267033819980e+00
-4.207927784156616724e+00,-4.113188706053271915e+00
-4.215359645206611106e+00,-4.120654187865632423e+00
-4.222815572864888622e+00,-4.128143712474127369e+00
-4.230295567109415344e+00,-4.135657279882003934e+00
-4.237799627918228396e+00,-4.143194890092466665e+00
-4.245327755269343584e+00,-4.150756543108755636e+00
-4.252879949140890403e+00,-4.158342238934082502e+00
-4.260456209510962822e+00,-4.165951977571680231e+00
-4.268056536357725861e+00,-4.173585759024767583e+00
-4.275680929659372964e+00,-4.181243583296563315e+00
-4.283329389394104680e+00,-4.188925450390279082e+00
-4.291001915540199718e+00,-4.196631360309133640e+00
-4.298698508075936786e+00,-4.204361313056359961e+00
-4.306419166979658542e+00,-4.212115308635155486e+00
-4.314163892229693431e+00,-4.219893347048731869e+00
-4.321932683804448061e+00,-4.227695428300322078e+00
-4.329725541682350354e+00,-4.235521552393123557e+00
-4.337542465841849548e+00,-4.243371719330340852e+00
-4.345383456261465938e+00,-4.251245929115192723e+00
-4.353248512919684288e+00,-4.259144181750890823e+00
-4.361137635795095946e+00,-4.267066477240625488e+00
-4.369050824866278049e+00,-4.275012815587615478e+00
-4.376988080111864576e+00,-4.282983196795065339e+00
-4.384949401510503719e+00,-4.290977620866165410e+00
-4.392934789040900512e+00,-4.298996087804134447e+00
-4.400944242681767093e+00,-4.307038597612155684e+00
-4.408977762411872448e+00,-4.315105150293440772e+00
-4.417035348210013979e+00,-4.323195745851172944e+00
-4.425117000054989091e+00,-4.331310384288563853e+00
-4.433222717925680456e+00,-4.339449065608810940e+00
-4.441352501800970742e+00,-4.347611789815097438e+00
-4.449506351659778147e+00,-4.355798556910613684e+00
-4.457684267481056395e+00,-4.364009366898557118e+00
-4.465886249243801842e+00,-4.372244219782110974e+00
-4.474112296927025056e+00,-4.380503115564472694e+00
-4.482362410509779238e+00,-4.388786054248825508e+00
-4.490636589971160220e+00,-4.397093035838366859e+00
-4.498934835290270939e+00,-4.405424060336258663e+00
-4.507257146446256968e+00,-4.413779127745691255e+00
-4.515603523418313614e+00,-4.422158238069876290e+00
-4.523973966185657503e+00,-4.430561391311947261e+00
-4.532368474727512364e+00,-4.438988587475115821e+00
-4.540787049023180089e+00,-4.447439826562558096e+00
-4.549229689051962566e+00,-4.455915108577436001e+00
-4.557696394793197214e+00,-4.464414433522932768e+00
-4.566187166226249872e+00,-4.472937801402231628e+00
-4.574702003330536115e+00,-4.481485212218494496e+00
-4.583240906085507049e+00,-4.490056665974890393e+00
-4.591803874470599567e+00,-4.498652162674602550e+00
-4.600390908465328721e+00,-4.507271702320792883e+00
-4.609002008049223775e+00,-4.515915284916623307e+00
-4.617637173201870837e+00,-4.524582910465269947e+00
-4.626296403902813381e+00,-4.533274578969880508e+00
-4.634979700131722780e+00,-4.541990290433645328e+00
-4.643687061868241983e+00,-4.550730044859712109e+00
-4.652418489092049469e+00,-4.559493842251235662e+00
-4.661173981782880560e+00,-4.568281682611385008e+00
-4.669953539920477681e+00,-4.577093565943322062e+00
-4.678757163484611681e+00,-4.585929492250180317e+00
-4.687584852455103146e+00,-4.594789461535143005e+00
-4.696436606811801084e+00,-4.603673473801350724e+00
-4.705312426534582926e+00,-4.612581529051958285e+00
-4.714212311603340311e+00,-4.621513627290120496e+00
-4.723136261998021723e+00,-4.630469768518977958e+00
-4.732084277698582753e+00,-4.639449952741692584e+00
-4.741056358685021621e+00,-4.648454179961397870e+00
-4.750052504937364972e+00,-4.657482450181241518e+00
-4.759072716435682082e+00,-4.666534763404371233e+00
-4.768116993160042227e+00,-4.675611119633934720e+00
-4.777185335090585738e+00,-4.684711518873079683e+00
-4.786277742207460051e+00,-4.693835961124918299e+00
-4.795394214490819706e+00,-4.702984446392612483e+00
-4.804534751920904512e+00,-4.712156974679295729e+00
-4.813699354477932957e+00,-4.721353545988094425e+00
-4.822888022142194586e+00,-4.730574160322163380e+00
-4.832100754893978944e+00,-4.739818817684614771e+00
-4.841337552713603998e+00,-4.749087518078589198e+00
-4.850598415581451661e+00,-4.758380261507220155e+00
-4.859883343477903850e+00,-4.767697047973626923e+00
-4.869192336383378006e+00,-4.777037877480950101e+00
-4.878525394278312888e+00,-4.786402750032294762e+00
-4.887882517143204097e+00,-4.795791665630808609e+00
-4.897263704958561448e+00,-4.805204624279610925e+00
-4.906668957704916068e+00,-4.814641625981799677e+00
-4.916098275362834613e+00,-4.824102670740522569e+00
-4.925551657912919268e+00,-4.833587758558891778e+00
-4.935029105335807742e+00,-4.843096889440026587e+00
-4.944530617612130641e+00,-4.852630063387024961e+00
-4.954056194722589623e+00,-4.862187280403027501e+00
-4.963605836647893454e+00,-4.871768540491125066e+00
-4.973179543368800637e+00,-4.881373843654444045e+00
-4.982777314866076779e+00,-4.891003189896089509e+00
-4.992399151120508805e+00,-4.900656579219159426e+00
-5.002045052112954693e+00,-4.910334011626780182e+00
-5.011715017824244001e+00,-4.920035487122035534e+00
-5.021409048235298656e+00,-4.929761005708058974e+00
-5.031127143327033480e+00,-4.939510567387934259e+00
-5.040869303080370400e+00,-4.949284172164752249e+00
-5.050635527476295294e+00,-4.959081820041639332e+00
-5.060425816495836671e+00,-4.968903511021679265e+00
-5.070240170119980405e+00,-4.978749245107955801e+00
-5.080078588329840272e+00,-4.988619022303609540e+00
-5.089941071106473203e+00,-4.998512842611681606e+00
-5.099827618431028498e+00,-5.008430706035291280e+00
-5.109738230284605720e+00,-5.018372612577522318e+00
-5.119672906648432331e+00,-5.028338562241472687e+00
-5.129631647503671843e+00,-5.038328555030219036e+00
-5.139614452831580138e+00,-5.048342590946859332e+00
-5.149621322613427310e+00,-5.058380669994477330e+00
-5.159652256830476347e+00,-5.068442792176135470e+00
-5.169707255464054185e+00,-5.078528957494945928e+00
-5.179786318495509079e+00,-5.088639165953985355e+00
-5.189889445906231913e+00,-5.098773417556316190e+00
-5.200016637677585152e+00,-5.108931712305000872e+00
-5.210167893791030735e+00,-5.119114050203172894e+00
-5.220343214228002182e+00,-5.129320431253852064e+00
-5.230542598970004065e+00,-5.139550855460143453e+00
-5.240766047998555166e+00,-5.149805322825095288e+00
-5.251013561295167165e+00,-5.160083833351791327e+00
-5.261285138841415687e+00,-5.170386387043308218e+00
-5.271580780618933204e+00,-5.180712983902694191e+00
-5.281900486609295342e+00,-5.191063623933025895e+00
-5.292244256794170099e+00,-5.201438307137358663e+00
-5.302612091155246787e+00,-5.211837033518769147e+00
-5.313003989674236038e+00,-5.222259803080312679e+00
-5.323419952332834271e+00,-5.232706615825030383e+00
-5.333859979112844485e+00,-5.243177471756013119e+00
-5.344324069996027049e+00,-5.253672370876280695e+00
-5.354812224964206280e+00,-5.264191313188916865e+00
-5.365324443999220705e+00,-5.274734298696962753e+00
-5.375860727082944379e+00,-5.285301327403480798e+00
-5.386421074197272674e+00,-5.295892399311512122e+00
-5.397005485324143592e+00,-5.306507514424112060e+00
-5.407613960445488033e+00,-5.317146672744300417e+00
-5.418246499543286632e+00,-5.327809874275160951e+00
-5.428903102599534236e+00,-5.338497119019720571e+00
-5.439583769596282536e+00,-5.349208406981020403e+00
-5.450288500515597434e+00,-5.359943738162101567e+00
-5.461017295339516409e+00,-5.370703112566005188e+00
-5.471770154050197732e+00,-5.381486530195765283e+00
-5.482547076629749938e+00,-5.392293991054422975e+00
-5.493348063060352615e+00,-5.403125495145019386e+00
-5.504173113324213773e+00,-5.413981042470581428e+00
-5.515022227403505894e+00,-5.424860633034128909e+00
-5.525895405280515149e+00,-5.435764266838710057e+00
-5.536792646937485074e+00,-5.446691943887344678e+00
-5.547713952356730260e+00,-5.457643664183066790e+00
-5.558659321520551089e+00,-5.468619427728881988e+00
-5.569628754411318994e+00,-5.479619234527838501e+00
-5.580622251011391199e+00,-5.490643084582941924e+00
-5.591639811303188878e+00,-5.501690977897233381e+00
-5.602681435269133203e+00,-5.512762914473711362e+00
-5.613747122891673769e+00,-5.523858894315402779e+00
-5.624836874153288591e+00,-5.534978917425306122e+00
-5.635950689036484107e+00,-5.546122983806476725e+00
-5.647088567523788072e+00,-5.557291093461877551e+00
-5.658250509597770872e+00,-5.568483246394556829e+00
-5.669436515240995789e+00,-5.579699442607498838e+00
-5.680646584436097157e+00,-5.590939682103730490e+00
-5.691880717165680892e+00,-5.602203964886250276e+00
-5.703138913412423960e+00,-5.613492290958070896e+00
-5.714421173159017542e+00,-5.624804660322190841e+00
-5.725727496388159921e+00,-5.636141072981587286e+00
-5.737057883082592014e+00,-5.647501528939294246e+00
-5.748412333225083160e+00,-5.658886028198317319e+00
-5.759790846798416908e+00,-5.670294570761633679e+00
-5.771193423785398124e+00,-5.681727156632227604e+00
-5.782620064168888518e+00,-5.693183785813111797e+00
-5.794070767931714272e+00,-5.704664458307263430e+00
-5.805545535056793938e+00,-5.716169174117695206e+00
-5.817044365527038963e+00,-5.727697933247384299e+00
-5.828567259325382111e+00,-5.739250735699300776e+00
-5.840114216434784566e+00,-5.750827581476443129e+00
-5.851685236838243043e+00,-5.762428470581816953e+00
-5.863280320518761357e+00,-5.774053403018378106e+00
-5.874899467459407276e+00,-5.785702378789117972e+00
-5.886542677643198829e+00,-5.797375397897006621e+00
-5.898209951053267730e+00,-5.809072460345042543e+00
-5.909901287672738590e+00,-5.820793566136188701e+00
-5.921616687484686281e+00,-5.832538715273415164e+00
-5.933356150472334889e+00,-5.844307907759699106e+00
-5.945119676618844551e+00,-5.856101143598010594e+00
-5.956907265907432247e+00,-5.867918422791319699e+00
-5.968718918321336275e+00,-5.879759745342589383e+00
-5.980554633843830459e+00,-5.891625111254818137e+00
-5.992414412458181516e+00,-5.903514520530912080e+00
-6.004298254147720115e+00,-5.915427973173898124e+00
-6.016206158895776923e+00,-5.927365469186689495e+00
-6.028138126685703924e+00,-5.939327008572277578e+00
-6.040094157500874417e+00,-5.951312591333589808e+00
-6.052094145476843323e+00,-5.963312579309558714e+00
