-5.977329020422519790e+00,-6.005696141252257370e+00
-5.977329020422519790e+00,-6.005696141252257370e+00
-5.789737044472818894e+00,-6.005696141252257370e+00
-5.789737044472818894e+00,-6.005696141252257370e+00
-5.789737044472818894e+00,-6.005696141252257370e+00
-5.789737044472818894e+00,-6.005696141252257370e+00
-5.789737044472818894e+00,-6.005696141252257370e+00
-5.789737044472818894e+00,-6.005696141252257370e+00
-5.789737044472818894e+00,-5.587173960044760967e+00
-5.789737044472818894e+00,-5.587173960044760967e+00
-5.789737044472818894e+00,-5.587173960044760967e+00
-6.087253286111471873e+00,-5.587173960044760967e+00
-6.087253286111471873e+00,-5.587173960044760967e+00
-6.087253286111471873e+00,-5.587173960044760967e+00
-6.087253286111471873e+00,-5.698213053229934211e+00
-6.087253286111471873e+00,-5.698213053229934211e+00
-6.087253286111471873e+00,-5.698213053229934211e+00
-6.087253286111471873e+00,-5.698213053229934211e+00
-6.087253286111471873e+00,-5.698213053229934211e+00
-6.087253286111471873e+00,-5.698213053229934211e+00
-6.087253286111471873e+00,-5.698213053229934211e+00
-6.087253286111471873e+00,-5.698213053229934211e+00
-6.087253286111471873e+00,-5.698213053229934211e+00
-6.823931078198255307e+01,-6.898936175962204231e+01
-6.060916192633821709e+01,-6.898936175962204231e+01
-6.060916192633821709e+01,-6.898936175962204231e+01
-6.060916192633821709e+01,-6.898936175962204231e+01
-6.060916192633821709e+01,-6.898936175962204231e+01
-6.060916192633821709e+01,-6.898936175962204231e+01
-6.060916192633821709e+01,-6.898936175962204231e+01
-6.060916192633821709e+01,-6.898936175962204231e+01
-6.060916192633821709e+01,-6.898936175962204231e+01
-6.060916192633821709e+01,-6.898936175962204231e+01
-6.060916192633821709e+01,-6.898936175962204231e+01
-6.060916192633821709e+01,-6.898936175962204231e+01
-6.060916192633821709e+01,-6.898936175962204231e+01
-6.060916192633821709e+01,-6.898936175962204231e+01
-6.060916192633821709e+01,-6.898936175962204231e+01
-6.060916192633821709e+01,-6.898936175962204231e+01
-6.060916192633821709e+01,-6.898936175962204231e+01
-6.060916192633821709e+01,-6.898936175962204231e+01
-6.060916192633821709e+01,-6.898936175962204231e+01
-6.060916192633821709e+01,-6.898936175962204231e+01
-6.060916192633821709e+01,-6.898936175962204231e+01
-6.060916192633821709e+01,-6.898936175962204231e+01
-6.060916192633821709e+01,-6.898936175962204231e+01
-6.060916192633821709e+01,-6.898936175962204231e+01
-6.060916192633821709e+01,-6.898936175962204231e+01
-6.060916192633821709e+01,-6.898936175962204231e+01
-6.060916192633821709e+01,-6.898936175962204231e+01
-6.060916192633821709e+01,-6.898936175962204231e+01
-6.060916192633821709e+01,-6.898936175962204231e+01
-6.060916192633821709e+01,-6.898936175962204231e+01
-6.060916192633821709e+01,-6.898936175962204231e+01
-6.060916192633821709e+01,-6.898936175962204231e+01
-6.060916192633821709e+01,-6.898936175962204231e+01
-6.060916192633821709e+01,-6.898936175962204231e+01
-6.060916192633821709e+01,-6.898936175962204231e+01
-6.060916192633821709e+01,-6.898936175962204231e+01
-6.060916192633821709e+01,-6.898936175962204231e+01
-6.060916192633821709e+01,-6.898936175962204231e+01
-6.060916192633821709e+01,-6.898936175962204231e+01
-6.060916192633821709e+01,-6.898936175962204231e+01
-6.060916192633821709e+01,-6.123781407374559649e+01
-6.060916192633821709e+01,-6.123781407374559649e+01
-6.060916192633821709e+01,-6.123781407374559649e+01
-6.060916192633821709e+01,-6.123781407374559649e+01
-6.060916192633821709e+01,-6.123781407374559649e+01
-6.060916192633821709e+01,-6.123781407374559649e+01
-6.060916192633821709e+01,-6.123781407374559649e+01
-6.060916192633821709e+01,-6.123781407374559649e+01
-6.060916192633821709e+01,-6.123781407374559649e+01
-6.060916192633821709e+01,-6.123781407374559649e+01
-6.060916192633821709e+01,-6.123781407374559649e+01
-6.060916192633821709e+01,-6.123781407374559649e+01
-6.898936175962204231e+01,-6.123781407374559649e+01
-6.898936175962204231e+01,-6.123781407374559649e+01
-6.898936175962204231e+01,-6.123781407374559649e+01
-6.898936175962204231e+01,-6.974091173945176081e+01
-6.898936175962204231e+01,-6.974091173945176081e+01
-6.898936175962204231e+01,-6.974091173945176081e+01
-6.898936175962204231e+01,-6.974091173945176081e+01
-6.898936175962204231e+01,-6.974091173945176081e+01
-6.898936175962204231e+01,-6.974091173945176081e+01
-6.898936175962204231e+01,-6.974091173945176081e+01
-6.898936175962204231e+01,-6.974091173945176081e+01
-6.898936175962204231e+01,-6.974091173945176081e+01
-6.898936175962204231e+01,-6.974091173945176081e+01
-6.898936175962204231e+01,-6.974091173945176081e+01
-6.898936175962204231e+01,-6.974091173945176081e+01
-6.123781407374559649e+01,-6.974091173945176081e+01
-6.123781407374559649e+01,-6.974091173945176081e+01
-6.123781407374559649e+01,-6.974091173945176081e+01
-6.123781407374559649e+01,-6.974091173945176081e+01
-6.123781407374559649e+01,-6.974091173945176081e+01
-6.123781407374559649e+01,-6.974091173945176081e+01
-6.123781407374559649e+01,-6.974091173945176081e+01
-6.123781407374559649e+01,-6.974091173945176081e+01
-6.123781407374559649e+01,-6.974091173945176081e+01
-6.123781407374559649e+01,-6.974091173945176081e+01
-6.123781407374559649e+01,-6.974091173945176081e+01
-6.123781407374559649e+01,-6.974091173945176081e+01
-6.123781407374559649e+01,-6.974091173945176081e+01
-6.123781407374559649e+01,-6.974091173945176081e+01
-6.123781407374559649e+01,-6.974091173945176081e+01
-6.123781407374559649e+01,-6.974091173945176081e+01
-6.123781407374559649e+01,-6.974091173945176081e+01
-6.123781407374559649e+01,-6.974091173945176081e+01
-6.123781407374559649e+01,-6.974091173945176081e+01
-6.123781407374559649e+01,-6.974091173945176081e+01
-6.123781407374559649e+01,-6.974091173945176081e+01
-6.123781407374559649e+01,-6.974091173945176081e+01
-6.123781407374559649e+01,-6.974091173945176081e+01
-6.123781407374559649e+01,-6.974091173945176081e+01
-6.123781407374559649e+01,-6.974091173945176081e+01
-6.123781407374559649e+01,-6.974091173945176081e+01
-6.123781407374559649e+01,-6.974091173945176081e+01
-6.123781407374559649e+01,-6.974091173945176081e+01
-6.123781407374559649e+01,-6.974091173945176081e+01
-6.123781407374559649e+01,-6.974091173945176081e+01
-6.123781407374559649e+01,-6.974091173945176081e+01
-6.123781407374559649e+01,-6.974091173945176081e+01
-6.123781407374559649e+01,-6.974091173945176081e+01
-6.123781407374559649e+01,-6.974091173945176081e+01
-6.123781407374559649e+01,-6.974091173945176081e+01
-6.123781407374559649e+01,-6.974091173945176081e+01
-6.123781407374559649e+01,-6.974091173945176081e+01
-6.123781407374559649e+01,-6.974091173945176081e+01
-6.123781407374559649e+01,-6.974091173945176081e+01
-6.123781407374559649e+01,-6.974091173945176081e+01
-6.123781407374559649e+01,-6.974091173945176081e+01
-6.123781407374559649e+01,-6.974091173945176081e+01
-6.123781407374559649e+01,-6.974091173945176081e+01
-6.123781407374559649e+01,-6.974091173945176081e+01
-6.123781407374559649e+01,-6.974091173945176081e+01
-6.123781407374559649e+01,-6.974091173945176081e+01
-6.123781407374559649e+01,-6.974091173945176081e+01
-6.123781407374559649e+01,-6.974091173945176081e+01
-6.123781407374559649e+01,-6.974091173945176081e+01
-6.123781407374559649e+01,-6.974091173945176081e+01
-6.123781407374559649e+01,-6.974091173945176081e+01
-6.123781407374559649e+01,-6.974091173945176081e+01
-6.123781407374559649e+01,-6.974091173945176081e+01
-6.123781407374559649e+01,-6.974091173945176081e+01
-6.123781407374559649e+01,-6.974091173945176081e+01
-6.123781407374559649e+01,-6.974091173945176081e+01
-6.123781407374559649e+01,-6.193557145458494517e+01
-6.123781407374559649e+01,-6.193557145458494517e+01
-6.974091173945176081e+01,-6.193557145458494517e+01
-6.974091173945176081e+01,-6.193557145458494517e+01
-6.974091173945176081e+01,-6.193557145458494517e+01
-6.974091173945176081e+01,-6.193557145458494517e+01
-6.974091173945176081e+01,-6.193557145458494517e+01
-6.974091173945176081e+01,-6.193557145458494517e+01
-6.974091173945176081e+01,-7.049096055701043895e+01
-6.974091173945176081e+01,-7.049096055701043895e+01
-6.974091173945176081e+01,-7.049096055701043895e+01
-6.974091173945176081e+01,-7.049096055701043895e+01
-6.974091173945176081e+01,-7.049096055701043895e+01
-6.974091173945176081e+01,-7.049096055701043895e+01
-6.974091173945176081e+01,-7.049096055701043895e+01
-6.974091173945176081e+01,-7.049096055701043895e+01
-6.974091173945176081e+01,-7.049096055701043895e+01
-6.974091173945176081e+01,-7.049096055701043895e+01
-6.974091173945176081e+01,-7.049096055701043895e+01
-6.974091173945176081e+01,-7.049096055701043895e+01
-6.974091173945176081e+01,-7.049096055701043895e+01
-6.193557145458494517e+01,-7.049096055701043895e+01
-6.193557145458494517e+01,-7.049096055701043895e+01
-6.193557145458494517e+01,-7.049096055701043895e+01
-6.193557145458494517e+01,-7.049096055701043895e+01
-6.193557145458494517e+01,-7.049096055701043895e+01
-6.193557145458494517e+01,-7.049096055701043895e+01
-6.193557145458494517e+01,-7.049096055701043895e+01
-6.193557145458494517e+01,-7.049096055701043895e+01
-6.193557145458494517e+01,-7.049096055701043895e+01
-6.193557145458494517e+01,-7.049096055701043895e+01
-6.193557145458494517e+01,-7.049096055701043895e+01
-6.193557145458494517e+01,-7.049096055701043895e+01
-6.193557145458494517e+01,-7.049096055701043895e+01
-6.193557145458494517e+01,-7.049096055701043895e+01
-6.193557145458494517e+01,-7.049096055701043895e+01
-6.193557145458494517e+01,-7.049096055701043895e+01
-6.193557145458494517e+01,-7.049096055701043895e+01
-6.193557145458494517e+01,-7.049096055701043895e+01
-6.193557145458494517e+01,-7.049096055701043895e+01
-6.193557145458494517e+01,-7.049096055701043895e+01
-6.193557145458494517e+01,-7.049096055701043895e+01
-6.193557145458494517e+01,-7.049096055701043895e+01
-6.193557145458494517e+01,-7.049096055701043895e+01
-6.193557145458494517e+01,-7.049096055701043895e+01
-6.193557145458494517e+01,-7.049096055701043895e+01
-6.193557145458494517e+01,-7.049096055701043895e+01
-6.193557145458494517e+01,-7.049096055701043895e+01
-6.193557145458494517e+01,-7.049096055701043895e+01
-6.193557145458494517e+01,-7.049096055701043895e+01
-6.193557145458494517e+01,-7.049096055701043895e+01
-6.193557145458494517e+01,-7.049096055701043895e+01
-6.193557145458494517e+01,-7.049096055701043895e+01
-6.193557145458494517e+01,-7.049096055701043895e+01
-6.193557145458494517e+01,-7.049096055701043895e+01
-6.193557145458494517e+01,-7.049096055701043895e+01
-6.193557145458494517e+01,-7.049096055701043895e+01
-6.193557145458494517e+01,-7.049096055701043895e+01
-6.193557145458494517e+01,-7.049096055701043895e+01
-6.193557145458494517e+01,-7.049096055701043895e+01
-6.193557145458494517e+01,-7.049096055701043895e+01
-6.193557145458494517e+01,-7.049096055701043895e+01
-6.193557145458494517e+01,-7.049096055701043895e+01
-6.193557145458494517e+01,-7.049096055701043895e+01
-6.193557145458494517e+01,-7.049096055701043895e+01
-6.193557145458494517e+01,-7.049096055701043895e+01
-6.193557145458494517e+01,-7.049096055701043895e+01
-6.193557145458494517e+01,-7.049096055701043895e+01
-6.193557145458494517e+01,-7.049096055701043895e+01
-6.193557145458494517e+01,-7.049096055701043895e+01
-6.193557145458494517e+01,-7.049096055701043895e+01
-6.193557145458494517e+01,-7.049096055701043895e+01
-6.193557145458494517e+01,-7.049096055701043895e+01
-6.193557145458494517e+01,-7.049096055701043895e+01
-6.193557145458494517e+01,-7.049096055701043895e+01
-6.193557145458494517e+01,-7.049096055701043895e+01
-6.193557145458494517e+01,-7.049096055701043895e+01
-6.193557145458494517e+01,-7.049096055701043895e+01
-6.193557145458494517e+01,-7.049096055701043895e+01
-6.193557145458494517e+01,-7.049096055701043895e+01
-6.193557145458494517e+01,-7.049096055701043895e+01
-6.193557145458494517e+01,-7.049096055701043895e+01
-6.193557145458494517e+01,-7.049096055701043895e+01
-6.193557145458494517e+01,-7.049096055701043895e+01
-6.193557145458494517e+01,-7.049096055701043895e+01
-6.193557145458494517e+01,-7.049096055701043895e+01
-6.193557145458494517e+01,-7.049096055701043895e+01
-6.193557145458494517e+01,-7.049096055701043895e+01
-6.193557145458494517e+01,-7.049096055701043895e+01
-6.193557145458494517e+01,-7.049096055701043895e+01
-7.049096055701043895e+01,-7.049096055701043895e+01
-7.049096055701043895e+01,-7.049096055701043895e+01
-7.049096055701043895e+01,-7.049096055701043895e+01
-7.049096055701043895e+01,-7.049096055701043895e+01
-7.049096055701043895e+01,-7.049096055701043895e+01
-7.049096055701043895e+01,-7.049096055701043895e+01
-7.049096055701043895e+01,-7.049096055701043895e+01
-7.049096055701043895e+01,-7.049096055701043895e+01
-7.049096055701043895e+01,-7.049096055701043895e+01
-7.049096055701043895e+01,-7.049096055701043895e+01
-7.049096055701043895e+01,-7.049096055701043895e+01
-7.049096055701043895e+01,-7.049096055701043895e+01
-7.049096055701043895e+01,-7.049096055701043895e+01
-7.049096055701043895e+01,-7.049096055701043895e+01
-7.049096055701043895e+01,-6.256347372665615580e+01
-7.049096055701043895e+01,-6.256347372665615580e+01
-7.049096055701043895e+01,-6.256347372665615580e+01
-7.049096055701043895e+01,-6.256347372665615580e+01
-7.049096055701043895e+01,-6.256347372665615580e+01
-7.049096055701043895e+01,-6.256347372665615580e+01
-7.049096055701043895e+01,-6.256347372665615580e+01
-7.049096055701043895e+01,-6.256347372665615580e+01
-7.049096055701043895e+01,-6.256347372665615580e+01
-7.049096055701043895e+01,-6.256347372665615580e+01
-7.049096055701043895e+01,-6.256347372665615580e+01
-7.049096055701043895e+01,-6.256347372665615580e+01
-7.049096055701043895e+01,-6.256347372665615580e+01
-7.049096055701043895e+01,-6.256347372665615580e+01
-7.049096055701043895e+01,-6.256347372665615580e+01
-7.049096055701043895e+01,-6.256347372665615580e+01
-7.049096055701043895e+01,-6.256347372665615580e+01
-7.049096055701043895e+01,-6.256347372665615580e+01
-6.256347372665614870e+01,-6.256347372665615580e+01
-6.256347372665614870e+01,-6.256347372665615580e+01
-6.256347372665614870e+01,-6.256347372665615580e+01
-6.256347372665614870e+01,-6.256347372665615580e+01
-6.256347372665614870e+01,-7.124250844123892534e+01
-6.256347372665614870e+01,-7.124250844123892534e+01
-6.256347372665614870e+01,-7.124250844123892534e+01
-6.256347372665614870e+01,-7.124250844123892534e+01
-6.256347372665614870e+01,-7.124250844123892534e+01
-6.256347372665614870e+01,-7.124250844123892534e+01
-6.256347372665614870e+01,-7.124250844123892534e+01
-6.256347372665614870e+01,-7.124250844123892534e+01
-6.256347372665614870e+01,-7.124250844123892534e+01
-6.256347372665614870e+01,-7.124250844123892534e+01
-6.256347372665614870e+01,-7.124250844123892534e+01
-6.256347372665614870e+01,-7.124250844123892534e+01
-6.256347372665614870e+01,-7.124250844123892534e+01
-6.256347372665614870e+01,-7.124250844123892534e+01
-6.256347372665614870e+01,-7.124250844123892534e+01
-6.256347372665614870e+01,-7.124250844123892534e+01
-6.256347372665614870e+01,-7.124250844123892534e+01
-6.256347372665614870e+01,-7.124250844123892534e+01
-6.256347372665614870e+01,-7.124250844123892534e+01
-6.256347372665614870e+01,-7.124250844123892534e+01
-6.256347372665614870e+01,-7.124250844123892534e+01
-6.256347372665614870e+01,-7.124250844123892534e+01
-6.256347372665614870e+01,-7.124250844123892534e+01
-6.256347372665614870e+01,-7.124250844123892534e+01
-6.256347372665614870e+01,-7.124250844123892534e+01
-6.256347372665614870e+01,-7.124250844123892534e+01
-6.256347372665614870e+01,-7.124250844123892534e+01
-6.256347372665614870e+01,-7.124250844123892534e+01
-6.256347372665614870e+01,-7.124250844123892534e+01
-6.256347372665614870e+01,-7.124250844123892534e+01
-6.256347372665614870e+01,-7.124250844123892534e+01
-6.256347372665614870e+01,-7.124250844123892534e+01
-6.256347372665614870e+01,-7.124250844123892534e+01
-6.256347372665614870e+01,-7.124250844123892534e+01
-6.256347372665614870e+01,-7.124250844123892534e+01
-6.256347372665614870e+01,-7.124250844123892534e+01
-6.256347372665614870e+01,-7.124250844123892534e+01
-6.256347372665614870e+01,-7.124250844123892534e+01
-6.256347372665614870e+01,-7.124250844123892534e+01
-6.256347372665614870e+01,-7.124250844123892534e+01
-6.256347372665614870e+01,-7.124250844123892534e+01
-6.256347372665614870e+01,-7.124250844123892534e+01
-6.256347372665614870e+01,-7.124250844123892534e+01
-6.256347372665614870e+01,-7.124250844123892534e+01
-6.256347372665614870e+01,-7.124250844123892534e+01
-6.256347372665614870e+01,-7.124250844123892534e+01
-6.256347372665614870e+01,-7.124250844123892534e+01
-6.256347372665614870e+01,-7.124250844123892534e+01
-6.256347372665614870e+01,-7.124250844123892534e+01
-6.256347372665614870e+01,-7.124250844123892534e+01
-6.256347372665614870e+01,-7.124250844123892534e+01
-6.256347372665614870e+01,-7.124250844123892534e+01
-6.256347372665614870e+01,-7.124250844123892534e+01
-6.256347372665614870e+01,-7.124250844123892534e+01
-6.256347372665614870e+01,-7.124250844123892534e+01
-6.256347372665614870e+01,-7.124250844123892534e+01
-6.256347372665614870e+01,-7.124250844123892534e+01
-6.256347372665614870e+01,-7.124250844123892534e+01
-6.256347372665614870e+01,-7.124250844123892534e+01
-6.256347372665614870e+01,-7.124250844123892534e+01
-6.256347372665614870e+01,-7.124250844123892534e+01
-6.256347372665614870e+01,-7.124250844123892534e+01
-6.256347372665614870e+01,-7.124250844123892534e+01
-6.256347372665614870e+01,-7.124250844123892534e+01
-6.256347372665614870e+01,-7.124250844123892534e+01
-6.256347372665614870e+01,-7.124250844123892534e+01
-6.256347372665614870e+01,-7.124250844123892534e+01
-6.256347372665614870e+01,-7.124250844123892534e+01
-6.256347372665614870e+01,-7.124250844123892534e+01
-6.256347372665614870e+01,-7.124250844123892534e+01
-6.256347372665614870e+01,-7.124250844123892534e+01
-6.256347372665614870e+01,-7.124250844123892534e+01
-6.256347372665614870e+01,-7.124250844123892534e+01
-6.256347372665614870e+01,-7.124250844123892534e+01
-6.256347372665614870e+01,-7.124250844123892534e+01
-6.256347372665614870e+01,-7.124250844123892534e+01
-6.256347372665614870e+01,-7.124250844123892534e+01
-6.256347372665614870e+01,-7.124250844123892534e+01
-6.256347372665614870e+01,-7.124250844123892534e+01
-6.256347372665614870e+01,-7.124250844123892534e+01
-6.256347372665614870e+01,-7.124250844123892534e+01
-6.256347372665614870e+01,-7.124250844123892534e+01
-7.124250844123892534e+01,-7.124250844123892534e+01
-7.124250844123892534e+01,-7.124250844123892534e+01
-7.124250844123892534e+01,-7.124250844123892534e+01
-7.124250844123892534e+01,-7.124250844123892534e+01
-7.124250844123892534e+01,-7.124250844123892534e+01
-7.124250844123892534e+01,-7.124250844123892534e+01
-7.124250844123892534e+01,-7.124250844123892534e+01
-7.124250844123892534e+01,-7.124250844123892534e+01
-7.124250844123892534e+01,-7.124250844123892534e+01
-7.124250844123892534e+01,-7.124250844123892534e+01
-7.124250844123892534e+01,-7.124250844123892534e+01
-7.124250844123892534e+01,-7.124250844123892534e+01
-7.124250844123892534e+01,-7.124250844123892534e+01
-7.124250844123892534e+01,-7.124250844123892534e+01
-7.124250844123892534e+01,-7.124250844123892534e+01
-7.124250844123892534e+01,-7.124250844123892534e+01
-7.124250844123892534e+01,-7.124250844123892534e+01
-7.124250844123892534e+01,-7.124250844123892534e+01
-7.124250844123892534e+01,-7.124250844123892534e+01
-7.124250844123892534e+01,-7.124250844123892534e+01
-7.124250844123892534e+01,-7.124250844123892534e+01
-7.124250844123892534e+01,-7.124250844123892534e+01
-7.124250844123892534e+01,-7.124250844123892534e+01
-7.124250844123892534e+01,-7.124250844123892534e+01
-7.124250844123892534e+01,-7.124250844123892534e+01
-7.124250844123892534e+01,-7.124250844123892534e+01
-7.124250844123892534e+01,-7.124250844123892534e+01
-7.124250844123892534e+01,-7.124250844123892534e+01
-7.124250844123892534e+01,-7.124250844123892534e+01
-7.124250844123892534e+01,-7.124250844123892534e+01
-7.124250844123892534e+01,-7.124250844123892534e+01
-7.124250844123892534e+01,-7.124250844123892534e+01
-7.124250844123892534e+01,-7.124250844123892534e+01
-7.124250844123892534e+01,-7.124250844123892534e+01
-7.124250844123892534e+01,-7.124250844123892534e+01
-7.124250844123892534e+01,-7.124250844123892534e+01
-7.124250844123892534e+01,-7.124250844123892534e+01
-7.124250844123892534e+01,-7.124250844123892534e+01
-7.124250844123892534e+01,-7.124250844123892534e+01
-7.124250844123892534e+01,-7.124250844123892534e+01
-7.124250844123892534e+01,-7.124250844123892534e+01
-7.124250844123892534e+01,-7.124250844123892534e+01
-7.124250844123892534e+01,-7.124250844123892534e+01
-7.124250844123892534e+01,-7.124250844123892534e+01
-7.124250844123892534e+01,-7.124250844123892534e+01
-7.124250844123892534e+01,-7.124250844123892534e+01
-7.124250844123892534e+01,-7.124250844123892534e+01
-7.124250844123892534e+01,-7.124250844123892534e+01
-7.124250844123892534e+01,-7.124250844123892534e+01
-7.124250844123892534e+01,-7.124250844123892534e+01
-7.124250844123892534e+01,-7.124250844123892534e+01
-7.124250844123892534e+01,-7.124250844123892534e+01
-7.124250844123892534e+01,-7.124250844123892534e+01
-7.124250844123892534e+01,-7.124250844123892534e+01
-7.124250844123892534e+01,-7.124250844123892534e+01
-7.124250844123892534e+01,-7.124250844123892534e+01
-7.124250844123892534e+01,-7.124250844123892534e+01
-7.124250844123892534e+01,-7.124250844123892534e+01
-7.124250844123892534e+01,-7.124250844123892534e+01
-7.124250844123892534e+01,-7.124250844123892534e+01
-7.124250844123892534e+01,-7.124250844123892534e+01
-7.124250844123892534e+01,-7.124250844123892534e+01
-7.124250844123892534e+01,-7.124250844123892534e+01
-7.124250844123892534e+01,-7.124250844123892534e+01
-7.124250844123892534e+01,-7.124250844123892534e+01
-7.124250844123892534e+01,-7.124250844123892534e+01
-7.124250844123892534e+01,-7.124250844123892534e+01
-7.124250844123892534e+01,-7.124250844123892534e+01
-7.124250844123892534e+01,-7.124250844123892534e+01
-7.124250844123892534e+01,-7.124250844123892534e+01
-7.124250844123892534e+01,-7.124250844123892534e+01
-7.124250844123892534e+01,-7.124250844123892534e+01
-7.124250844123892534e+01,-7.124250844123892534e+01
-7.124250844123892534e+01,-7.124250844123892534e+01
-7.124250844123892534e+01,-7.124250844123892534e+01
-7.124250844123892534e+01,-7.124250844123892534e+01
-7.124250844123892534e+01,-7.124250844123892534e+01
-7.124250844123892534e+01,-7.124250844123892534e+01
-7.124250844123892534e+01,-7.124250844123892534e+01
-7.124250844123892534e+01,-7.124250844123892534e+01
-7.124250844123892534e+01,-7.124250844123892534e+01
-7.124250844123892534e+01,-7.124250844123892534e+01
-7.124250844123892534e+01,-7.124250844123892534e+01
-7.124250844123892534e+01,-7.124250844123892534e+01
-7.124250844123892534e+01,-7.124250844123892534e+01
-7.124250844123892534e+01,-7.124250844123892534e+01
-7.124250844123892534e+01,-7.124250844123892534e+01
-7.124250844123892534e+01,-7.124250844123892534e+01
-7.124250844123892534e+01,-7.124250844123892534e+01
-7.124250844123892534e+01,-7.124250844123892534e+01
-7.124250844123892534e+01,-7.124250844123892534e+01
-7.124250844123892534e+01,-7.124250844123892534e+01
-7.124250844123892534e+01,-7.124250844123892534e+01
-7.124250844123892534e+01,-7.124250844123892534e+01
-7.124250844123892534e+01,-6.326197728367208839e+01
-7.124250844123892534e+01,-6.326197728367208839e+01
-7.124250844123892534e+01,-6.326197728367208839e+01
-7.124250844123892534e+01,-6.326197728367208839e+01
-7.124250844123892534e+01,-6.326197728367208839e+01
-7.124250844123892534e+01,-6.326197728367208839e+01
-7.124250844123892534e+01,-6.326197728367208839e+01
-7.124250844123892534e+01,-6.326197728367208839e+01
-7.124250844123892534e+01,-6.326197728367208839e+01
-7.124250844123892534e+01,-6.326197728367208839e+01
-7.124250844123892534e+01,-6.326197728367208839e+01
-7.124250844123892534e+01,-6.326197728367208839e+01
-7.124250844123892534e+01,-6.326197728367208839e+01
-7.124250844123892534e+01,-6.326197728367208839e+01
-7.124250844123892534e+01,-6.326197728367208839e+01
-7.124250844123892534e+01,-6.326197728367208839e+01
-7.124250844123892534e+01,-6.326197728367208839e+01
-7.124250844123892534e+01,-6.326197728367208839e+01
-7.124250844123892534e+01,-6.326197728367208839e+01
-7.124250844123892534e+01,-6.326197728367208839e+01
-7.124250844123892534e+01,-6.326197728367208839e+01
-7.124250844123892534e+01,-6.326197728367208839e+01
-7.124250844123892534e+01,-6.326197728367208839e+01
-7.124250844123892534e+01,-6.326197728367208839e+01
-7.124250844123892534e+01,-6.326197728367208839e+01
-7.124250844123892534e+01,-6.326197728367208839e+01
-7.124250844123892534e+01,-6.326197728367208839e+01
-7.124250844123892534e+01,-6.326197728367208839e+01
-7.124250844123892534e+01,-6.326197728367208839e+01
-7.124250844123892534e+01,-6.326197728367208839e+01
-7.124250844123892534e+01,-6.326197728367208839e+01
-7.124250844123892534e+01,-6.326197728367208839e+01
-7.124250844123892534e+01,-6.326197728367208839e+01
-7.124250844123892534e+01,-6.326197728367208839e+01
-7.124250844123892534e+01,-6.326197728367208839e+01
-7.124250844123892534e+01,-6.326197728367208839e+01
-7.124250844123892534e+01,-6.326197728367208839e+01
-7.124250844123892534e+01,-6.326197728367208839e+01
-7.124250844123892534e+01,-6.326197728367208839e+01
-7.124250844123892534e+01,-6.326197728367208839e+01
-7.124250844123892534e+01,-6.326197728367208839e+01
-7.124250844123892534e+01,-6.326197728367208839e+01
-7.124250844123892534e+01,-6.326197728367208839e+01
-7.124250844123892534e+01,-6.326197728367208839e+01
-7.124250844123892534e+01,-6.326197728367208839e+01
-7.124250844123892534e+01,-6.326197728367208839e+01
-7.124250844123892534e+01,-6.326197728367208839e+01
-7.124250844123892534e+01,-6.326197728367208839e+01
-7.124250844123892534e+01,-6.326197728367208839e+01
-7.124250844123892534e+01,-6.326197728367208839e+01
-7.124250844123892534e+01,-6.326197728367208839e+01
-7.124250844123892534e+01,-6.326197728367208839e+01
-7.124250844123892534e+01,-6.326197728367208839e+01
-7.124250844123892534e+01,-6.326197728367208839e+01
-7.124250844123892534e+01,-6.326197728367208839e+01
-7.124250844123892534e+01,-6.326197728367208839e+01
-7.124250844123892534e+01,-6.326197728367208839e+01
-7.124250844123892534e+01,-6.326197728367208839e+01
-7.124250844123892534e+01,-6.326197728367208839e+01
-7.124250844123892534e+01,-7.124250844123892534e+01
-7.124250844123892534e+01,-7.124250844123892534e+01
-7.124250844123892534e+01,-7.124250844123892534e+01
-7.124250844123892534e+01,-7.124250844123892534e+01
-7.124250844123892534e+01,-7.124250844123892534e+01
-7.124250844123892534e+01,-7.124250844123892534e+01
-7.124250844123892534e+01,-7.124250844123892534e+01
-7.124250844123892534e+01,-7.124250844123892534e+01
-7.124250844123892534e+01,-7.124250844123892534e+01
-7.124250844123892534e+01,-7.124250844123892534e+01
-7.124250844123892534e+01,-7.124250844123892534e+01
-7.124250844123892534e+01,-7.124250844123892534e+01
-7.124250844123892534e+01,-7.124250844123892534e+01
-7.124250844123892534e+01,-7.124250844123892534e+01
-7.124250844123892534e+01,-7.124250844123892534e+01
-7.124250844123892534e+01,-7.124250844123892534e+01
-7.124250844123892534e+01,-7.124250844123892534e+01
-7.124250844123892534e+01,-7.124250844123892534e+01
-7.124250844123892534e+01,-7.124250844123892534e+01
-7.124250844123892534e+01,-7.124250844123892534e+01
-7.124250844123892534e+01,-7.124250844123892534e+01
-7.124250844123892534e+01,-7.124250844123892534e+01
-7.124250844123892534e+01,-7.124250844123892534e+01
-7.124250844123892534e+01,-7.124250844123892534e+01
-7.124250844123892534e+01,-7.124250844123892534e+01
-7.124250844123892534e+01,-7.124250844123892534e+01
-7.124250844123892534e+01,-7.124250844123892534e+01
-7.124250844123892534e+01,-7.124250844123892534e+01
-7.124250844123892534e+01,-7.124250844123892534e+01
-7.124250844123892534e+01,-7.124250844123892534e+01
-7.124250844123892534e+01,-7.124250844123892534e+01
-7.124250844123892534e+01,-7.124250844123892534e+01
-7.124250844123892534e+01,-7.124250844123892534e+01
-7.124250844123892534e+01,-7.124250844123892534e+01
-7.124250844123892534e+01,-7.124250844123892534e+01
-7.124250844123892534e+01,-7.124250844123892534e+01
-7.124250844123892534e+01,-7.124250844123892534e+01
-7.124250844123892534e+01,-7.124250844123892534e+01
-7.124250844123892534e+01,-7.124250844123892534e+01
-7.124250844123892534e+01,-7.124250844123892534e+01
-7.124250844123892534e+01,-7.124250844123892534e+01
-7.124250844123892534e+01,-7.124250844123892534e+01
-7.124250844123892534e+01,-6.256347372665615580e+01
-7.124250844123892534e+01,-6.256347372665615580e+01
-7.124250844123892534e+01,-6.256347372665615580e+01
-7.124250844123892534e+01,-6.256347372665615580e+01
-7.124250844123892534e+01,-6.256347372665615580e+01
-7.124250844123892534e+01,-6.256347372665615580e+01
-7.124250844123892534e+01,-6.256347372665615580e+01
-7.124250844123892534e+01,-6.256347372665615580e+01
-7.124250844123892534e+01,-6.256347372665615580e+01
-7.124250844123892534e+01,-6.256347372665615580e+01
-7.124250844123892534e+01,-6.256347372665615580e+01
-7.124250844123892534e+01,-6.256347372665615580e+01
-7.124250844123892534e+01,-6.256347372665615580e+01
-7.124250844123892534e+01,-6.256347372665615580e+01
-7.124250844123892534e+01,-6.256347372665615580e+01
-7.124250844123892534e+01,-6.256347372665615580e+01
-7.124250844123892534e+01,-6.256347372665615580e+01
-7.124250844123892534e+01,-6.256347372665615580e+01
-7.124250844123892534e+01,-6.256347372665615580e+01
-7.124250844123892534e+01,-6.256347372665615580e+01
-7.124250844123892534e+01,-6.256347372665615580e+01
-7.124250844123892534e+01,-6.256347372665615580e+01
-7.124250844123892534e+01,-6.256347372665615580e+01
-7.124250844123892534e+01,-6.256347372665615580e+01
-7.124250844123892534e+01,-6.256347372665615580e+01
-7.124250844123892534e+01,-6.256347372665615580e+01
-7.124250844123892534e+01,-6.256347372665615580e+01
-7.124250844123892534e+01,-6.256347372665615580e+01
-7.124250844123892534e+01,-6.256347372665615580e+01
-7.124250844123892534e+01,-6.256347372665615580e+01
-7.124250844123892534e+01,-6.256347372665615580e+01
-7.124250844123892534e+01,-6.256347372665615580e+01
-7.124250844123892534e+01,-6.256347372665615580e+01
-7.124250844123892534e+01,-6.256347372665615580e+01
-7.124250844123892534e+01,-6.256347372665615580e+01
-7.124250844123892534e+01,-6.256347372665615580e+01
-7.124250844123892534e+01,-6.256347372665615580e+01
-7.124250844123892534e+01,-6.256347372665615580e+01
-7.124250844123892534e+01,-6.256347372665615580e+01
-7.124250844123892534e+01,-6.256347372665615580e+01
-7.124250844123892534e+01,-6.256347372665615580e+01
-7.124250844123892534e+01,-6.256347372665615580e+01
-7.124250844123892534e+01,-6.256347372665615580e+01
-7.124250844123892534e+01,-6.256347372665615580e+01
-7.124250844123892534e+01,-6.256347372665615580e+01
-7.124250844123892534e+01,-6.256347372665615580e+01
-7.124250844123892534e+01,-6.256347372665615580e+01
-7.124250844123892534e+01,-6.256347372665615580e+01
-7.124250844123892534e+01,-6.256347372665615580e+01
-7.124250844123892534e+01,-6.256347372665615580e+01
-7.124250844123892534e+01,-6.256347372665615580e+01
-7.124250844123892534e+01,-6.256347372665615580e+01
-7.124250844123892534e+01,-6.256347372665615580e+01
-7.124250844123892534e+01,-6.256347372665615580e+01
-7.124250844123892534e+01,-6.256347372665615580e+01
-7.124250844123892534e+01,-6.256347372665615580e+01
-7.124250844123892534e+01,-6.256347372665615580e+01
-7.124250844123892534e+01,-6.256347372665615580e+01
-7.124250844123892534e+01,-6.256347372665615580e+01
-7.124250844123892534e+01,-6.256347372665615580e+01
-7.124250844123892534e+01,-6.256347372665615580e+01
-7.124250844123892534e+01,-6.256347372665615580e+01
-7.124250844123892534e+01,-6.256347372665615580e+01
-7.124250844123892534e+01,-6.256347372665615580e+01
-7.124250844123892534e+01,-6.256347372665615580e+01
-7.124250844123892534e+01,-6.256347372665615580e+01
-7.124250844123892534e+01,-6.256347372665615580e+01
-7.124250844123892534e+01,-6.256347372665615580e+01
-7.124250844123892534e+01,-6.256347372665615580e+01
-7.124250844123892534e+01,-6.256347372665615580e+01
-7.124250844123892534e+01,-6.256347372665615580e+01
-7.124250844123892534e+01,-6.256347372665615580e+01
-7.124250844123892534e+01,-6.256347372665615580e+01
-7.124250844123892534e+01,-6.256347372665615580e+01
-7.124250844123892534e+01,-6.256347372665615580e+01
-7.124250844123892534e+01,-6.256347372665615580e+01
-7.124250844123892534e+01,-6.256347372665615580e+01
-7.124250844123892534e+01,-6.256347372665615580e+01
-7.124250844123892534e+01,-6.256347372665615580e+01
-7.124250844123892534e+01,-6.256347372665615580e+01
-7.124250844123892534e+01,-6.256347372665615580e+01
-7.124250844123892534e+01,-6.256347372665615580e+01
-7.124250844123892534e+01,-6.256347372665615580e+01
-7.124250844123892534e+01,-6.256347372665615580e+01
-7.124250844123892534e+01,-6.256347372665615580e+01
-7.124250844123892534e+01,-6.256347372665615580e+01
-7.124250844123892534e+01,-6.256347372665615580e+01
-7.124250844123892534e+01,-6.256347372665615580e+01
-7.124250844123892534e+01,-6.256347372665615580e+01
-7.124250844123892534e+01,-6.256347372665615580e+01
-7.124250844123892534e+01,-6.256347372665615580e+01
-7.124250844123892534e+01,-6.256347372665615580e+01
-7.124250844123892534e+01,-6.256347372665615580e+01
-7.124250844123892534e+01,-6.256347372665615580e+01
-7.124250844123892534e+01,-6.256347372665615580e+01
-7.124250844123892534e+01,-6.256347372665615580e+01
-7.124250844123892534e+01,-6.256347372665615580e+01
-7.124250844123892534e+01,-6.256347372665615580e+01
-7.124250844123892534e+01,-6.256347372665615580e+01
-7.124250844123892534e+01,-6.256347372665615580e+01
-7.124250844123892534e+01,-6.256347372665615580e+01
-7.124250844123892534e+01,-6.256347372665615580e+01
-7.124250844123892534e+01,-6.256347372665615580e+01
-7.124250844123892534e+01,-6.256347372665615580e+01
-7.124250844123892534e+01,-6.256347372665615580e+01
-7.124250844123892534e+01,-6.256347372665615580e+01
-7.124250844123892534e+01,-6.256347372665615580e+01
-7.124250844123892534e+01,-6.256347372665615580e+01
-7.124250844123892534e+01,-6.256347372665615580e+01
-7.124250844123892534e+01,-6.256347372665615580e+01
-7.124250844123892534e+01,-6.256347372665615580e+01
-7.124250844123892534e+01,-6.256347372665615580e+01
-7.124250844123892534e+01,-6.256347372665615580e+01
-7.124250844123892534e+01,-6.256347372665615580e+01
-7.124250844123892534e+01,-6.256347372665615580e+01
-7.124250844123892534e+01,-6.256347372665615580e+01
-7.124250844123892534e+01,-6.256347372665615580e+01
-7.124250844123892534e+01,-6.256347372665615580e+01
-7.124250844123892534e+01,-6.256347372665615580e+01
-7.124250844123892534e+01,-6.256347372665615580e+01
-7.124250844123892534e+01,-6.256347372665615580e+01
-7.124250844123892534e+01,-6.256347372665615580e+01
-7.124250844123892534e+01,-6.256347372665615580e+01
-7.124250844123892534e+01,-6.256347372665615580e+01
-7.124250844123892534e+01,-6.256347372665615580e+01
-7.124250844123892534e+01,-6.256347372665615580e+01
-7.124250844123892534e+01,-6.256347372665615580e+01
-7.124250844123892534e+01,-6.256347372665615580e+01
-7.124250844123892534e+01,-6.256347372665615580e+01
-7.124250844123892534e+01,-6.256347372665615580e+01
-7.124250844123892534e+01,-6.256347372665615580e+01
-7.124250844123892534e+01,-6.256347372665615580e+01
-7.124250844123892534e+01,-6.256347372665615580e+01
-7.124250844123892534e+01,-6.256347372665615580e+01
-7.124250844123892534e+01,-6.256347372665615580e+01
-7.124250844123892534e+01,-6.256347372665615580e+01
-7.124250844123892534e+01,-6.256347372665615580e+01
-7.124250844123892534e+01,-6.256347372665615580e+01
-7.124250844123892534e+01,-6.256347372665615580e+01
-7.124250844123892534e+01,-6.256347372665615580e+01
-7.124250844123892534e+01,-6.256347372665615580e+01
-7.124250844123892534e+01,-6.256347372665615580e+01
-7.124250844123892534e+01,-6.256347372665615580e+01
-7.124250844123892534e+01,-6.256347372665615580e+01
-7.124250844123892534e+01,-6.256347372665615580e+01
-7.124250844123892534e+01,-6.256347372665615580e+01
-7.124250844123892534e+01,-6.256347372665615580e+01
-7.124250844123892534e+01,-6.256347372665615580e+01
-6.256347372665615580e+01,-6.256347372665615580e+01
-6.256347372665615580e+01,-6.256347372665615580e+01
-6.256347372665615580e+01,-6.256347372665615580e+01
-6.256347372665615580e+01,-6.256347372665615580e+01
-6.256347372665615580e+01,-2.435129573152228133e+01
-6.256347372665615580e+01,-2.435129573152228133e+01
-6.256347372665615580e+01,-2.435129573152228133e+01
-6.256347372665615580e+01,-2.435129573152228133e+01
-6.256347372665615580e+01,-2.435129573152228133e+01
-6.256347372665615580e+01,-2.435129573152228133e+01
-6.256347372665615580e+01,-2.435129573152228133e+01
-6.256347372665615580e+01,-2.435129573152228133e+01
-6.256347372665615580e+01,-2.435129573152228133e+01
-6.256347372665615580e+01,-2.435129573152228133e+01
-6.256347372665615580e+01,-2.435129573152228133e+01
-6.256347372665615580e+01,-6.193557145458494517e+01
-6.256347372665615580e+01,-6.193557145458494517e+01
-6.256347372665615580e+01,-6.193557145458494517e+01
-6.256347372665615580e+01,-6.193557145458494517e+01
-6.256347372665615580e+01,-6.193557145458494517e+01
-6.256347372665615580e+01,-6.193557145458494517e+01
-6.256347372665615580e+01,-6.193557145458494517e+01
-6.256347372665615580e+01,-6.193557145458494517e+01
-6.256347372665615580e+01,-6.193557145458494517e+01
-6.256347372665615580e+01,-6.193557145458494517e+01
-6.256347372665615580e+01,-6.193557145458494517e+01
-6.256347372665615580e+01,-6.193557145458494517e+01
-6.256347372665615580e+01,-6.193557145458494517e+01
-6.256347372665615580e+01,-6.193557145458494517e+01
-6.256347372665615580e+01,-6.193557145458494517e+01
-6.256347372665615580e+01,-6.193557145458494517e+01
-6.256347372665615580e+01,-6.193557145458494517e+01
-6.256347372665615580e+01,-6.193557145458494517e+01
-6.256347372665615580e+01,-6.193557145458494517e+01
-6.256347372665615580e+01,-6.193557145458494517e+01
-6.256347372665615580e+01,-6.193557145458494517e+01
-6.256347372665615580e+01,-6.193557145458494517e+01
-6.256347372665615580e+01,-6.193557145458494517e+01
-6.256347372665615580e+01,-6.193557145458494517e+01
-6.256347372665615580e+01,-6.193557145458494517e+01
-6.256347372665615580e+01,-6.193557145458494517e+01
-6.256347372665615580e+01,-6.193557145458494517e+01
-7.049096055701043895e+01,-6.193557145458494517e+01
-7.049096055701043895e+01,-6.193557145458494517e+01
-7.049096055701043895e+01,-6.193557145458494517e+01
-7.049096055701043895e+01,-6.193557145458494517e+01
-7.049096055701043895e+01,-6.193557145458494517e+01
-7.049096055701043895e+01,-6.193557145458494517e+01
-7.049096055701043895e+01,-6.193557145458494517e+01
-7.049096055701043895e+01,-6.193557145458494517e+01
-7.049096055701043895e+01,-6.193557145458494517e+01
-7.049096055701043895e+01,-6.193557145458494517e+01
-7.049096055701043895e+01,-6.193557145458494517e+01
-7.049096055701043895e+01,-6.193557145458494517e+01
-7.049096055701043895e+01,-6.193557145458494517e+01
-7.049096055701043895e+01,-6.193557145458494517e+01
-7.049096055701043895e+01,-6.193557145458494517e+01
-7.049096055701043895e+01,-6.193557145458494517e+01
-7.049096055701043895e+01,-6.193557145458494517e+01
-7.049096055701043895e+01,-6.193557145458494517e+01
-7.049096055701043895e+01,-6.193557145458494517e+01
-7.049096055701043895e+01,-6.193557145458494517e+01
-7.049096055701043895e+01,-6.193557145458494517e+01
-7.049096055701043895e+01,-6.193557145458494517e+01
-7.049096055701043895e+01,-6.193557145458494517e+01
-7.049096055701043895e+01,-6.193557145458494517e+01
-7.049096055701043895e+01,-6.193557145458494517e+01
-7.049096055701043895e+01,-6.193557145458494517e+01
-7.049096055701043895e+01,-6.193557145458494517e+01
-7.049096055701043895e+01,-6.193557145458494517e+01
-7.049096055701043895e+01,-6.193557145458494517e+01
-7.049096055701043895e+01,-6.193557145458494517e+01
-7.049096055701043895e+01,-6.193557145458494517e+01
-7.049096055701043895e+01,-6.193557145458494517e+01
-7.049096055701043895e+01,-6.193557145458494517e+01
-7.049096055701043895e+01,-6.193557145458494517e+01
-7.049096055701043895e+01,-6.193557145458494517e+01
-7.049096055701043895e+01,-6.193557145458494517e+01
-7.049096055701043895e+01,-6.193557145458494517e+01
-7.049096055701043895e+01,-6.193557145458494517e+01
-7.049096055701043895e+01,-6.193557145458494517e+01
-7.049096055701043895e+01,-6.193557145458494517e+01
-7.049096055701043895e+01,-6.193557145458494517e+01
-7.049096055701043895e+01,-6.193557145458494517e+01
-7.049096055701043895e+01,-6.193557145458494517e+01
-7.049096055701043895e+01,-6.193557145458494517e+01
-7.049096055701043895e+01,-6.193557145458494517e+01
-7.049096055701043895e+01,-6.193557145458494517e+01
-7.049096055701043895e+01,-6.193557145458494517e+01
-7.049096055701043895e+01,-6.193557145458494517e+01
-7.049096055701043895e+01,-6.193557145458494517e+01
-7.049096055701043895e+01,-6.193557145458494517e+01
-7.049096055701043895e+01,-6.193557145458494517e+01
-7.049096055701043895e+01,-6.193557145458494517e+01
-7.049096055701043895e+01,-6.193557145458494517e+01
-7.049096055701043895e+01,-6.193557145458494517e+01
-7.049096055701043895e+01,-6.193557145458494517e+01
-7.049096055701043895e+01,-6.193557145458494517e+01
-7.049096055701043895e+01,-6.193557145458494517e+01
-7.049096055701043895e+01,-6.193557145458494517e+01
-7.049096055701043895e+01,-6.193557145458494517e+01
-7.049096055701043895e+01,-6.193557145458494517e+01
-7.049096055701043895e+01,-6.193557145458494517e+01
-7.049096055701043895e+01,-6.193557145458494517e+01
-7.049096055701043895e+01,-6.193557145458494517e+01
-7.049096055701043895e+01,-6.193557145458494517e+01
-6.193557145458494517e+01,-6.193557145458494517e+01
-6.193557145458494517e+01,-2.409167385919536741e+01
-6.193557145458494517e+01,-2.409167385919536741e+01
-6.193557145458494517e+01,-2.409167385919536741e+01
-6.193557145458494517e+01,-2.409167385919536741e+01
-6.193557145458494517e+01,-2.409167385919536741e+01
-6.193557145458494517e+01,-2.409167385919536741e+01
-6.193557145458494517e+01,-2.409167385919536741e+01
-6.193557145458494517e+01,-2.409167385919536741e+01
-6.193557145458494517e+01,-2.409167385919536741e+01
-6.193557145458494517e+01,-6.123781407374558938e+01
-6.193557145458494517e+01,-6.123781407374558938e+01
-6.193557145458494517e+01,-6.123781407374558938e+01
-6.193557145458494517e+01,-6.123781407374558938e+01
-6.193557145458494517e+01,-6.123781407374558938e+01
-6.193557145458494517e+01,-6.123781407374558938e+01
-6.193557145458494517e+01,-6.123781407374558938e+01
-6.193557145458494517e+01,-6.123781407374558938e+01
-6.193557145458494517e+01,-6.123781407374558938e+01
-6.193557145458494517e+01,-6.123781407374558938e+01
-6.193557145458494517e+01,-6.123781407374558938e+01
-6.193557145458494517e+01,-6.123781407374558938e+01
-6.193557145458494517e+01,-6.123781407374558938e+01
-6.193557145458494517e+01,-6.123781407374558938e+01
-6.193557145458494517e+01,-6.123781407374558938e+01
-6.193557145458494517e+01,-6.123781407374558938e+01
-6.193557145458494517e+01,-6.123781407374558938e+01
-6.193557145458494517e+01,-6.123781407374558938e+01
-6.193557145458494517e+01,-6.123781407374558938e+01
-6.193557145458494517e+01,-6.123781407374558938e+01
-6.193557145458494517e+01,-6.123781407374558938e+01
-6.193557145458494517e+01,-6.123781407374558938e+01
-6.193557145458494517e+01,-6.123781407374558938e+01
-6.193557145458494517e+01,-6.123781407374558938e+01
-6.193557145458494517e+01,-6.123781407374558938e+01
-6.193557145458494517e+01,-6.123781407374558938e+01
-6.193557145458494517e+01,-6.123781407374558938e+01
-6.193557145458494517e+01,-6.123781407374558938e+01
-6.193557145458494517e+01,-6.123781407374558938e+01
-6.193557145458494517e+01,-6.123781407374558938e+01
-6.193557145458494517e+01,-6.123781407374558938e+01
-6.193557145458494517e+01,-6.123781407374558938e+01
-6.974091173945176081e+01,-6.123781407374558938e+01
-6.974091173945176081e+01,-6.123781407374558938e+01
-6.974091173945176081e+01,-6.123781407374558938e+01
-6.974091173945176081e+01,-6.123781407374558938e+01
-6.974091173945176081e+01,-6.123781407374558938e+01
-6.974091173945176081e+01,-6.123781407374558938e+01
-6.974091173945176081e+01,-6.123781407374558938e+01
-6.974091173945176081e+01,-6.123781407374558938e+01
-6.974091173945176081e+01,-6.123781407374558938e+01
-6.974091173945176081e+01,-6.123781407374558938e+01
-6.974091173945176081e+01,-6.123781407374558938e+01
-6.974091173945176081e+01,-6.123781407374558938e+01
-6.974091173945176081e+01,-6.123781407374558938e+01
-6.974091173945176081e+01,-6.123781407374558938e+01
-6.974091173945176081e+01,-6.123781407374558938e+01
-6.974091173945176081e+01,-6.123781407374558938e+01
-6.974091173945176081e+01,-6.123781407374558938e+01
-6.974091173945176081e+01,-6.123781407374558938e+01
-6.974091173945176081e+01,-6.123781407374558938e+01
-6.974091173945176081e+01,-6.123781407374558938e+01
-6.974091173945176081e+01,-6.123781407374558938e+01
-6.974091173945176081e+01,-6.123781407374558938e+01
-6.974091173945176081e+01,-6.123781407374558938e+01
-6.974091173945176081e+01,-6.123781407374558938e+01
-6.974091173945176081e+01,-6.123781407374558938e+01
-6.974091173945176081e+01,-6.123781407374558938e+01
-6.974091173945176081e+01,-6.123781407374558938e+01
-6.974091173945176081e+01,-6.123781407374558938e+01
-6.974091173945176081e+01,-6.123781407374558938e+01
-6.974091173945176081e+01,-6.123781407374558938e+01
-6.974091173945176081e+01,-6.123781407374558938e+01
-6.974091173945176081e+01,-6.123781407374558938e+01
-6.974091173945176081e+01,-6.123781407374558938e+01
-6.974091173945176081e+01,-6.123781407374558938e+01
-6.974091173945176081e+01,-6.123781407374558938e+01
-6.974091173945176081e+01,-6.123781407374558938e+01
-6.974091173945176081e+01,-6.123781407374558938e+01
-6.974091173945176081e+01,-6.123781407374558938e+01
-6.974091173945176081e+01,-6.123781407374558938e+01
-6.974091173945176081e+01,-6.123781407374558938e+01
-6.123781407374558938e+01,-6.123781407374558938e+01
-6.123781407374558938e+01,-2.383256982716152805e+01
-6.123781407374558938e+01,-2.383256982716152805e+01
-6.123781407374558938e+01,-2.383256982716152805e+01
-6.123781407374558938e+01,-2.383256982716152805e+01
-6.123781407374558938e+01,-2.383256982716152805e+01
-6.123781407374558938e+01,-2.383256982716152805e+01
-6.123781407374558938e+01,-2.383256982716152805e+01
-6.123781407374558938e+01,-6.060916192633821709e+01
-6.123781407374558938e+01,-6.060916192633821709e+01
-6.123781407374558938e+01,-6.060916192633821709e+01
-6.123781407374558938e+01,-6.060916192633821709e+01
-6.123781407374558938e+01,-6.060916192633821709e+01
-6.123781407374558938e+01,-6.060916192633821709e+01
-6.123781407374558938e+01,-6.060916192633821709e+01
-6.123781407374558938e+01,-6.060916192633821709e+01
-6.123781407374558938e+01,-6.060916192633821709e+01
-6.123781407374558938e+01,-6.060916192633821709e+01
-6.123781407374558938e+01,-6.060916192633821709e+01
-6.123781407374558938e+01,-6.060916192633821709e+01
-6.123781407374558938e+01,-6.060916192633821709e+01
-6.123781407374558938e+01,-6.060916192633821709e+01
-6.123781407374558938e+01,-6.060916192633821709e+01
-6.123781407374558938e+01,-6.060916192633821709e+01
-6.123781407374558938e+01,-6.060916192633821709e+01
-6.123781407374558938e+01,-6.060916192633821709e+01
-6.123781407374558938e+01,-6.060916192633821709e+01
-6.123781407374558938e+01,-6.060916192633821709e+01
-6.123781407374558938e+01,-6.060916192633821709e+01
-6.123781407374558938e+01,-6.060916192633821709e+01
-6.123781407374558938e+01,-6.060916192633821709e+01
-6.123781407374558938e+01,-6.060916192633821709e+01
-6.123781407374558938e+01,-6.060916192633821709e+01
-6.123781407374558938e+01,-6.060916192633821709e+01
-6.123781407374558938e+01,-6.060916192633821709e+01
-6.123781407374558938e+01,-6.060916192633821709e+01
-6.123781407374558938e+01,-6.060916192633821709e+01
-6.123781407374558938e+01,-6.060916192633821709e+01
-6.123781407374558938e+01,-6.060916192633821709e+01
-6.898936175962204231e+01,-6.060916192633821709e+01
-6.898936175962204231e+01,-6.060916192633821709e+01
-6.898936175962204231e+01,-6.060916192633821709e+01
-6.898936175962204231e+01,-6.060916192633821709e+01
-6.898936175962204231e+01,-6.060916192633821709e+01
-6.898936175962204231e+01,-6.060916192633821709e+01
-6.898936175962204231e+01,-6.060916192633821709e+01
-6.898936175962204231e+01,-6.060916192633821709e+01
-6.898936175962204231e+01,-6.060916192633821709e+01
-6.898936175962204231e+01,-6.060916192633821709e+01
-6.898936175962204231e+01,-6.060916192633821709e+01
-6.898936175962204231e+01,-6.060916192633821709e+01
-6.898936175962204231e+01,-6.060916192633821709e+01
-6.898936175962204231e+01,-6.060916192633821709e+01
-6.898936175962204231e+01,-6.060916192633821709e+01
-6.898936175962204231e+01,-6.060916192633821709e+01
-6.898936175962204231e+01,-6.060916192633821709e+01
-6.898936175962204231e+01,-6.060916192633821709e+01
-6.898936175962204231e+01,-6.060916192633821709e+01
-6.898936175962204231e+01,-6.060916192633821709e+01
-6.898936175962204231e+01,-6.060916192633821709e+01
-6.898936175962204231e+01,-6.060916192633821709e+01
-6.898936175962204231e+01,-6.060916192633821709e+01
-6.898936175962204231e+01,-6.060916192633821709e+01
-6.898936175962204231e+01,-6.060916192633821709e+01
-6.898936175962204231e+01,-6.060916192633821709e+01
-6.898936175962204231e+01,-6.060916192633821709e+01
-6.898936175962204231e+01,-6.060916192633821709e+01
-6.898936175962204231e+01,-6.060916192633821709e+01
-6.898936175962204231e+01,-6.060916192633821709e+01
-6.060916192633821709e+01,-6.060916192633821709e+01
-6.060916192633821709e+01,-6.060916192633821709e+01
-6.060916192633821709e+01,-6.060916192633821709e+01
-6.060916192633821709e+01,-2.357294720714643432e+01
-6.060916192633821709e+01,-2.357294720714643432e+01
-6.060916192633821709e+01,-2.357294720714643432e+01
-6.060916192633821709e+01,-2.357294720714643432e+01
-6.060916192633821709e+01,-5.991215060236962842e+01
-6.060916192633821709e+01,-5.991215060236962842e+01
-6.060916192633821709e+01,-5.991215060236962842e+01
-6.060916192633821709e+01,-5.991215060236962842e+01
-6.060916192633821709e+01,-5.991215060236962842e+01
-6.060916192633821709e+01,-5.991215060236962842e+01
-6.060916192633821709e+01,-5.991215060236962842e+01
-6.060916192633821709e+01,-5.991215060236962842e+01
-6.060916192633821709e+01,-5.991215060236962842e+01
-6.060916192633821709e+01,-5.991215060236962842e+01
-6.060916192633821709e+01,-5.991215060236962842e+01
-6.060916192633821709e+01,-5.991215060236962842e+01
-6.060916192633821709e+01,-5.991215060236962842e+01
-6.060916192633821709e+01,-5.991215060236962842e+01
-6.060916192633821709e+01,-5.991215060236962842e+01
-6.060916192633821709e+01,-5.991215060236962842e+01
-6.060916192633821709e+01,-5.991215060236962842e+01
-6.060916192633821709e+01,-5.991215060236962842e+01
-6.060916192633821709e+01,-5.991215060236962842e+01
-6.060916192633821709e+01,-5.991215060236962842e+01
-6.060916192633821709e+01,-5.991215060236962842e+01
-6.060916192633821709e+01,-5.991215060236962842e+01
-6.060916192633821709e+01,-5.991215060236962842e+01
-6.060916192633821709e+01,-5.991215060236962842e+01
-6.060916192633821709e+01,-5.991215060236962842e+01
-6.060916192633821709e+01,-5.991215060236962842e+01
-6.060916192633821709e+01,-5.991215060236962842e+01
-6.060916192633821709e+01,-5.991215060236962842e+01
-6.060916192633821709e+01,-5.991215060236962842e+01
-6.823931078198255307e+01,-5.991215060236962842e+01
-6.823931078198255307e+01,-5.991215060236962842e+01
-6.823931078198255307e+01,-5.991215060236962842e+01
-6.823931078198255307e+01,-5.991215060236962842e+01
-6.823931078198255307e+01,-5.991215060236962842e+01
-6.823931078198255307e+01,-5.991215060236962842e+01
-6.823931078198255307e+01,-5.991215060236962842e+01
-6.823931078198255307e+01,-5.991215060236962842e+01
-6.823931078198255307e+01,-5.991215060236962842e+01
-6.823931078198255307e+01,-5.991215060236962842e+01
