-6.017254024700765314e+00,-6.017254024700765314e+00
-6.005254036724801736e+00,-6.005254036724801736e+00
-5.993260936204350742e+00,-5.993260936204350742e+00
-5.981291909300722409e+00,-5.981291909300722409e+00
-5.969346955963331425e+00,-5.969346955963331425e+00
-5.957426076141715043e+00,-5.957426076141715043e+00
-5.945529269785544635e+00,-5.945529269785544635e+00
-5.933656536844593710e+00,-5.933656536844593710e+00
-5.921807877268775222e+00,-5.921807877268775222e+00
-5.909983291008124695e+00,-5.909983291008124695e+00
-5.898182778012794891e+00,-5.898182778012794891e+00
-5.886406338233078905e+00,-5.886406338233078905e+00
-5.874653971619368420e+00,-5.874653971619368420e+00
-5.862925678122184792e+00,-5.862925678122184792e+00
-5.851221457692173722e+00,-5.851221457692173722e+00
-5.839541310280104369e+00,-5.839541310280104369e+00
-5.827885235836875566e+00,-5.827885235836875566e+00
-5.816253234313482956e+00,-5.816253234313482956e+00
-5.804645305661056298e+00,-5.804645305661056298e+00
-5.793061449830843479e+00,-5.793061449830843479e+00
-5.781501666774215842e+00,-5.781501666774215842e+00
-5.769965956442668187e+00,-5.769965956442668187e+00
-5.758454318787795678e+00,-5.758454318787795678e+00
-5.746966753761324043e+00,-5.746966753761324043e+00
-5.735503261315098911e+00,-5.735503261315098911e+00
-5.724063841401076935e+00,-5.724063841401076935e+00
-5.712648493971347108e+00,-5.712648493971347108e+00
-5.701257218978095231e+00,-5.701257218978095231e+00
-5.689890016373633230e+00,-5.689890016373633230e+00
-5.678546886110389380e+00,-5.678546886110389380e+00
-5.667227828140906531e+00,-5.667227828140906531e+00
-5.655932842417860762e+00,-5.655932842417860762e+00
-5.644661928894009861e+00,-5.644661928894009861e+00
-5.633415087522248399e+00,-5.633415087522248399e+00
-5.622192318255580190e+00,-5.622192318255580190e+00
-5.610993621047127178e+00,-5.610993621047127178e+00
-5.599818995850130321e+00,-5.599818995850130321e+00
-5.588668442617932719e+00,-5.588668442617932719e+00
-5.577541961303984941e+00,-5.577541961303984941e+00
-5.566439551861871671e+00,-5.566439551861871671e+00
-5.555361214245275292e+00,-5.555361214245275292e+00
-5.544306948408005198e+00,-5.544306948408005198e+00
-5.533276754303959599e+00,-5.533276754303959599e+00
-5.522270631887164605e+00,-5.522270631887164605e+00
-5.511288581111756457e+00,-5.511288581111756457e+00
-5.500330601931977981e+00,-5.500330601931977981e+00
-5.489396694302199009e+00,-5.489396694302199009e+00
-5.478486858176867536e+00,-5.478486858176867536e+00
-5.467601093510569221e+00,-5.467601093510569221e+00
-5.456739400257989203e+00,-5.456739400257989203e+00
-5.445901778373922753e+00,-5.445901778373922753e+00
-5.435088227813286821e+00,-5.435088227813286821e+00
-5.424298748531078296e+00,-5.424298748531078296e+00
-5.413533340482429956e+00,-5.413533340482429956e+00
-5.402792003622568728e+00,-5.402792003622568728e+00
-5.392074737906835225e+00,-5.392074737906835225e+00
-5.381381543290686409e+00,-5.381381543290686409e+00
-5.370712419729655629e+00,-5.370712419729655629e+00
-5.360067367179417452e+00,-5.360067367179417452e+00
-5.349446385595738818e+00,-5.349446385595738818e+00
-5.338849474934491468e+00,-5.338849474934491468e+00
-5.328276635151665275e+00,-5.328276635151665275e+00
-5.317727866203328269e+00,-5.317727866203328269e+00
-5.307203168045682595e+00,-5.307203168045682595e+00
-5.296702540635022771e+00,-5.296702540635022771e+00
-5.286225983927746341e+00,-5.286225983927746341e+00
-5.275773497880374308e+00,-5.275773497880374308e+00
-5.265345082449502279e+00,-5.265345082449502279e+00
-5.254940737591845767e+00,-5.254940737591845767e+00
-5.244560463264230421e+00,-5.244560463264230421e+00
-5.234204259423567152e+00,-5.234204259423567152e+00
-5.223872126026895657e+00,-5.223872126026895657e+00
-5.213564063031326690e+00,-5.213564063031326690e+00
-5.203280070394098011e+00,-5.203280070394098011e+00
-5.193020148072539754e+00,-5.193020148072539754e+00
-5.182784296024086856e+00,-5.182784296024086856e+00
-5.172572514206279948e+00,-5.172572514206279948e+00
-5.162384802576741372e+00,-5.162384802576741372e+00
-5.152221161093222257e+00,-5.152221161093222257e+00
-5.142081589713555445e+00,-5.142081589713555445e+00
-5.131966088395678582e+00,-5.131966088395678582e+00
-5.121874657097636785e+00,-5.121874657097636785e+00
-5.111807295777562210e+00,-5.111807295777562210e+00
-5.101764004393690932e+00,-5.101764004393690932e+00
-5.091744782904375377e+00,-5.091744782904375377e+00
-5.081749631268042577e+00,-5.081749631268042577e+00
-5.071778549443225259e+00,-5.071778549443225259e+00
-5.061831537388559177e+00,-5.061831537388559177e+00
-5.051908595062777785e+00,-5.051908595062777785e+00
-5.042009722424720231e+00,-5.042009722424720231e+00
-5.032134919433302045e+00,-5.032134919433302045e+00
-5.022284186047551557e+00,-5.022284186047551557e+00
-5.012457522226585915e+00,-5.012457522226585915e+00
-5.002654927929630624e+00,-5.002654927929630624e+00
-4.992876403116011552e+00,-4.992876403116011552e+00
-4.983121947745125624e+00,-4.983121947745125624e+00
-4.973391561776480785e+00,-4.973391561776480785e+00
-4.963685245169680904e+00,-4.963685245169680904e+00
-4.954002997884431103e+00,-4.954002997884431103e+00
-4.944344819880529762e+00,-4.944344819880529762e+00
-4.934710711117856974e+00,-4.934710711117856974e+00
-4.925100671556391418e+00,-4.925100671556391418e+00
-4.915514701156218358e+00,-4.915514701156218358e+00
-4.905952799877511872e+00,-4.905952799877511872e+00
-4.896414967680537522e+00,-4.896414967680537522e+00
-4.886901204525653242e+00,-4.886901204525653242e+00
-4.877411510373306669e+00,-4.877411510373306669e+00
-4.867945885184052024e+00,-4.867945885184052024e+00
-4.858504328918516357e+00,-4.858504328918516357e+00
-4.849086841537448400e+00,-4.849086841537448400e+00
-4.839693423001659056e+00,-4.839693423001659056e+00
-4.830324073272064922e+00,-4.830324073272064922e+00
-4.820978792309669636e+00,-4.820978792309669636e+00
-4.811657580075579865e+00,-4.811657580075579865e+00
-4.802360436530984877e+00,-4.802360436530984877e+00
-4.793087361637164534e+00,-4.793087361637164534e+00
-4.783838355355481298e+00,-4.783838355355481298e+00
-4.774613417647402436e+00,-4.774613417647402436e+00
-4.765412548474484034e+00,-4.765412548474484034e+00
-4.756235747798368330e+00,-4.756235747798368330e+00
-4.747083015580788157e+00,-4.747083015580788157e+00
-4.737954351783553619e+00,-4.737954351783553619e+00
-4.728849756368581403e+00,-4.728849756368581403e+00
-4.719769229297871682e+00,-4.719769229297871682e+00
-4.710712770533517890e+00,-4.710712770533517890e+00
-4.701680380037696949e+00,-4.701680380037696949e+00
-4.692672057772657723e+00,-4.692672057772657723e+00
-4.683687803700760988e+00,-4.683687803700760988e+00
-4.674727617784452782e+00,-4.674727617784452782e+00
-4.665791499986259971e+00,-4.665791499986259971e+00
-4.656879450268796461e+00,-4.656879450268796461e+00
-4.647991468594755204e+00,-4.647991468594755204e+00
-4.639127554926935737e+00,-4.639127554926935737e+00
-4.630287709228206872e+00,-4.630287709228206872e+00
-4.621471931461538674e+00,-4.621471931461538674e+00
-4.612680221589972263e+00,-4.612680221589972263e+00
-4.603912579576640240e+00,-4.603912579576640240e+00
-4.595169005384761363e+00,-4.595169005384761363e+00
-4.586449498977639649e+00,-4.586449498977639649e+00
-4.577754060318669715e+00,-4.577754060318669715e+00
-4.569082689371324335e+00,-4.569082689371324335e+00
-4.560435386099156219e+00,-4.560435386099156219e+00
-4.551812150465806894e+00,-4.551812150465806894e+00
-4.543212982435010261e+00,-4.543212982435010261e+00
-4.534637881970581930e+00,-4.534637881970581930e+00
-4.526086849036403237e+00,-4.526086849036403237e+00
-4.517559883596460324e+00,-4.517559883596460324e+00
-4.509056985614808610e+00,-4.509056985614808610e+00
-4.500578155055599439e+00,-4.500578155055599439e+00
-4.492123391883058758e+00,-4.492123391883058758e+00
-4.483692696061496008e+00,-4.483692696061496008e+00
-4.475286067555291680e+00,-4.475286067555291680e+00
-4.466903506328936402e+00,-4.466903506328936402e+00
-4.458545012346972314e+00,-4.458545012346972314e+00
-4.450210585574044586e+00,-4.450210585574044586e+00
-4.441900225974869443e+00,-4.441900225974869443e+00
-4.433613933514244820e+00,-4.433613933514244820e+00
-4.425351708157052144e+00,-4.425351708157052144e+00
-4.417113549868258104e+00,-4.417113549868258104e+00
-4.408899458612898670e+00,-4.408899458612898670e+00
-4.400709434356093297e+00,-4.400709434356093297e+00
-4.392543477063046709e+00,-4.392543477063046709e+00
-4.384401586699043563e+00,-4.384401586699043563e+00
-4.376283763229446677e+00,-4.376283763229446677e+00
-4.368190006619695254e+00,-4.368190006619695254e+00
-4.360120316835301324e+00,-4.360120316835301324e+00
-4.352074693841872843e+00,-4.352074693841872843e+00
-4.344053137605085269e+00,-4.344053137605085269e+00
-4.336055648090695769e+00,-4.336055648090695769e+00
-4.328082225264541449e+00,-4.328082225264541449e+00
-4.320132869092525141e+00,-4.320132869092525141e+00
-4.312207579540645597e+00,-4.312207579540645597e+00
-4.304306356574967296e+00,-4.304306356574967296e+00
-4.296429200161639983e+00,-4.296429200161639983e+00
-4.288576110266888008e+00,-4.288576110266888008e+00
-4.280747086856997896e+00,-4.280747086856997896e+00
-4.272942129898359198e+00,-4.272942129898359198e+00
-4.265161239357421863e+00,-4.265161239357421863e+00
-4.257404415200713999e+00,-4.257404415200713999e+00
-4.249671657394843649e+00,-4.249671657394843649e+00
-4.241962965906493466e+00,-4.241962965906493466e+00
-4.234278340702411825e+00,-4.234278340702411825e+00
-4.226617781749446578e+00,-4.226617781749446578e+00
-4.218981289014497094e+00,-4.218981289014497094e+00
-4.211368862464542673e+00,-4.211368862464542673e+00
-4.203780502066653213e+00,-4.203780502066653213e+00
-4.196216207787951902e+00,-4.196216207787951902e+00
-4.188675979595657850e+00,-4.188675979595657850e+00
-4.181159817457047012e+00,-4.181159817457047012e+00
-4.173667721339466397e+00,-4.173667721339466397e+00
-4.166199691210362488e+00,-4.166199691210362488e+00
-4.158755727037229732e+00,-4.158755727037229732e+00
-4.151335828787649618e+00,-4.151335828787649618e+00
-4.143939996429271133e+00,-4.143939996429271133e+00
-4.136568229929814322e+00,-4.136568229929814322e+00
-4.129220529257084493e+00,-4.129220529257084493e+00
-4.121896894378943799e+00,-4.121896894378943799e+00
-4.114597325263339656e+00,-4.114597325263339656e+00
-4.107321821878289647e+00,-4.107321821878289647e+00
-4.100070384191873529e+00,-4.100070384191873529e+00
-4.092843012172249217e+00,-4.092843012172249217e+00
-4.085639705787647458e+00,-4.085639705787647458e+00
-4.078460465006379820e+00,-4.078460465006379820e+00
-4.071305289796814719e+00,-4.071305289796814719e+00
-4.064174180127388070e+00,-4.064174180127388070e+00
-4.057067135966622828e+00,-4.057067135966622828e+00
-4.049984157283104125e+00,-4.049984157283104125e+00
-4.042925244045495248e+00,-4.042925244045495248e+00
-4.035890396222516330e+00,-4.035890396222516330e+00
-4.028879613782965663e+00,-4.028879613782965663e+00
-4.021892896695707265e+00,-4.021892896695707265e+00
-4.014930244929688641e+00,-4.014930244929688641e+00
-4.007991658453914141e+00,-4.007991658453914141e+00
-4.001077137237455617e+00,-4.001077137237455617e+00
-3.994186681249459525e+00,-3.994186681249459525e+00
-3.987320290459141603e+00,-3.987320290459141603e+00
-3.980477964835790416e+00,-3.980477964835790416e+00
-3.973659704348758481e+00,-3.973659704348758481e+00
-3.966865508967462262e+00,-3.966865508967462262e+00
-3.960095378661389276e+00,-3.960095378661389276e+00
-3.953349313400099874e+00,-3.953349313400099874e+00
-3.946627313153223682e+00,-3.946627313153223682e+00
-3.939929377890457829e+00,-3.939929377890457829e+00
-3.933255507581556287e+00,-3.933255507581556287e+00
-3.926605702196347636e+00,-3.926605702196347636e+00
-3.919979961704726179e+00,-3.919979961704726179e+00
-3.913378286076655499e+00,-3.913378286076655499e+00
-3.906800675282177338e+00,-3.906800675282177338e+00
-3.900247129291379622e+00,-3.900247129291379622e+00
-3.893717648074421334e+00,-3.893717648074421334e+00
-3.887212231601541390e+00,-3.887212231601541390e+00
-3.880730879843023118e+00,-3.880730879843023118e+00
-3.874273592769242214e+00,-3.874273592769242214e+00
-3.867840370350624113e+00,-3.867840370350624113e+00
-3.861431212557654646e+00,-3.861431212557654646e+00
-3.855046119360892476e+00,-3.855046119360892476e+00
-3.848685090730972647e+00,-3.848685090730972647e+00
-3.842348126638583494e+00,-3.842348126638583494e+00
-3.836035227054473751e+00,-3.836035227054473751e+00
-3.829746391949456097e+00,-3.829746391949456097e+00
-3.823481621294426702e+00,-3.823481621294426702e+00
-3.817240915060322592e+00,-3.817240915060322592e+00
-3.811024273218169611e+00,-3.811024273218169611e+00
-3.804831695739043340e+00,-3.804831695739043340e+00
-3.798663182594076204e+00,-3.798663182594076204e+00
-3.792518733754469906e+00,-3.792518733754469906e+00
-3.786398349191502533e+00,-3.786398349191502533e+00
-3.780302028876505460e+00,-3.780302028876505460e+00
-3.774229772780870462e+00,-3.774229772780870462e+00
-3.768181580876053260e+00,-3.768181580876053260e+00
-3.762157453133575302e+00,-3.762157453133575302e+00
-3.756157389525023760e+00,-3.756157389525023760e+00
-3.750181390022046202e+00,-3.750181390022046202e+00
-3.744229454596350593e+00,-3.744229454596350593e+00
-3.738301583219698188e+00,-3.738301583219698188e+00
-3.732397775863937284e+00,-3.732397775863937284e+00
-3.726518032500946376e+00,-3.726518032500946376e+00
-3.720662353102703435e+00,-3.720662353102703435e+00
-3.714830737641214853e+00,-3.714830737641214853e+00
-3.709023186088558077e+00,-3.709023186088558077e+00
-3.703239698416879833e+00,-3.703239698416879833e+00
-3.697480274598374805e+00,-3.697480274598374805e+00
-3.691744914605319394e+00,-3.691744914605319394e+00
-3.686033618410036183e+00,-3.686033618410036183e+00
-3.680346385984901048e+00,-3.680346385984901048e+00
-3.674683217302362692e+00,-3.674683217302362692e+00
-3.669044112334924890e+00,-3.669044112334924890e+00
-3.663429071055162467e+00,-3.663429071055162467e+00
-3.657838093435699989e+00,-3.657838093435699989e+00
-3.652271179449215310e+00,-3.652271179449215310e+00
-3.646728329068455565e+00,-3.646728329068455565e+00
-3.641209542266231836e+00,-3.641209542266231836e+00
-3.635714819015412047e+00,-3.635714819015412047e+00
-3.630244159288910311e+00,-3.630244159288910311e+00
-3.624797563059715344e+00,-3.624797563059715344e+00
-3.619375030300862051e+00,-3.619375030300862051e+00
-3.613976560985459940e+00,-3.613976560985459940e+00
-3.608602155086668262e+00,-3.608602155086668262e+00
-3.603251812577699553e+00,-3.603251812577699553e+00
-3.597925533431833856e+00,-3.597925533431833856e+00
-3.592623317622397394e+00,-3.592623317622397394e+00
-3.587345165122794555e+00,-3.587345165122794555e+00
-3.582091075906472355e+00,-3.582091075906472355e+00
-3.576861049946934656e+00,-3.576861049946934656e+00
-3.571655087217752822e+00,-3.571655087217752822e+00
-3.566473187692537294e+00,-3.566473187692537294e+00
-3.561315351344980229e+00,-3.561315351344980229e+00
-3.556181578148823519e+00,-3.556181578148823519e+00
-3.551071868077848137e+00,-3.551071868077848137e+00
-3.545986221105913216e+00,-3.545986221105913216e+00
-3.540924637206920522e+00,-3.540924637206920522e+00
-3.535887116354839321e+00,-3.535887116354839321e+00
-3.530873658523692171e+00,-3.530873658523692171e+00
-3.525884263687554920e+00,-3.525884263687554920e+00
-3.520918931820560260e+00,-3.520918931820560260e+00
-3.515977662896890621e+00,-3.515977662896890621e+00
-3.511060456890799486e+00,-3.511060456890799486e+00
-3.506167313776586525e+00,-3.506167313776586525e+00
-3.501298233528604698e+00,-3.501298233528604698e+00
-3.496453216121267360e+00,-3.496453216121267360e+00
-3.491632261529041159e+00,-3.491632261529041159e+00
-3.486835369726442480e+00,-3.486835369726442480e+00
-3.482062540688051655e+00,-3.482062540688051655e+00
-3.477313774388509415e+00,-3.477313774388509415e+00
-3.472589070802488465e+00,-3.472589070802488465e+00
-3.467888429904736114e+00,-3.467888429904736114e+00
-3.463211851670038754e+00,-3.463211851670038754e+00
-3.458559336073264490e+00,-3.458559336073264490e+00
-3.453930883089299186e+00,-3.453930883089299186e+00
-3.449326492693103319e+00,-3.449326492693103319e+00
-3.444746164859694204e+00,-3.444746164859694204e+00
-3.440189899564128240e+00,-3.440189899564128240e+00
-3.435657696781536430e+00,-3.435657696781536430e+00
-3.431149556487078200e+00,-3.431149556487078200e+00
-3.426665478655984032e+00,-3.426665478655984032e+00
-3.422205463263530589e+00,-3.422205463263530589e+00
-3.417769510285047829e+00,-3.417769510285047829e+00
-3.413357619695922551e+00,-3.413357619695922551e+00
-3.408969791471591293e+00,-3.408969791471591293e+00
-3.404606025587547435e+00,-3.404606025587547435e+00
-3.400266322019319887e+00,-3.400266322019319887e+00
-3.395950680742512162e+00,-3.395950680742512162e+00
-3.391659101732773962e+00,-3.391659101732773962e+00
-3.387391584965794067e+00,-3.387391584965794067e+00
-3.383148130417328758e+00,-3.383148130417328758e+00
-3.378928738063180504e+00,-3.378928738063180504e+00
-3.374733407879197955e+00,-3.374733407879197955e+00
-3.370562139841290161e+00,-3.370562139841290161e+00
-3.366414933925415909e+00,-3.366414933925415909e+00
-3.362291790107576617e+00,-3.362291790107576617e+00
-3.358192708363837653e+00,-3.358192708363837653e+00
-3.354117688670299913e+00,-3.354117688670299913e+00
-3.350066731003135345e+00,-3.350066731003135345e+00
-3.346039835338551427e+00,-3.346039835338551427e+00
-3.342037001652812478e+00,-3.342037001652812478e+00
-3.338058229922221898e+00,-3.338058229922221898e+00
-3.334103520123150588e+00,-3.334103520123150588e+00
-3.330172872232008530e+00,-3.330172872232008530e+00
-3.326266286225262547e+00,-3.326266286225262547e+00
-3.322383762079425651e+00,-3.322383762079425651e+00
-3.318525299771057036e+00,-3.318525299771057036e+00
-3.314690899276769187e+00,-3.314690899276769187e+00
-3.310880560573231435e+00,-3.310880560573231435e+00
-3.307094283637148635e+00,-3.307094283637148635e+00
-3.303332068445286041e+00,-3.303332068445286041e+00
-3.299593914974447983e+00,-3.299593914974447983e+00
-3.295879823201502745e+00,-3.295879823201502745e+00
-3.292189793103357687e+00,-3.292189793103357687e+00
-3.288523824656955696e+00,-3.288523824656955696e+00
-3.284881917839324927e+00,-3.284881917839324927e+00
-3.281264072627500639e+00,-3.281264072627500639e+00
-3.277670288998596249e+00,-3.277670288998596249e+00
-3.274100566929764256e+00,-3.274100566929764256e+00
-3.270554906398199790e+00,-3.270554906398199790e+00
-3.267033307381151275e+00,-3.267033307381151275e+00
-3.263535769855909763e+00,-3.263535769855909763e+00
-3.260062293799830258e+00,-3.260062293799830258e+00
-3.256612879190296184e+00,-3.256612879190296184e+00
-3.253187526004744257e+00,-3.253187526004744257e+00
-3.249786234220668035e+00,-3.249786234220668035e+00
-3.246409003815593053e+00,-3.246409003815593053e+00
-3.243055834767105239e+00,-3.243055834767105239e+00
-3.239726727052836708e+00,-3.239726727052836708e+00
-3.236421680650455102e+00,-3.236421680650455102e+00
-3.233140695537688458e+00,-3.233140695537688458e+00
-3.229883771692293237e+00,-3.229883771692293237e+00
-3.226650909092100505e+00,-3.226650909092100505e+00
-3.223442107714969751e+00,-3.223442107714969751e+00
-3.220257367538799542e+00,-3.220257367538799542e+00
-3.217096688541552396e+00,-3.217096688541552396e+00
-3.213960070701226357e+00,-3.213960070701226357e+00
-3.210847513995865654e+00,-3.210847513995865654e+00
-3.207759018403574913e+00,-3.207759018403574913e+00
-3.204694583902483629e+00,-3.204694583902483629e+00
-3.201654210470778139e+00,-3.201654210470778139e+00
-3.198637898086687414e+00,-3.198637898086687414e+00
-3.195645646728486611e+00,-3.195645646728486611e+00
-3.192677456374497069e+00,-3.192677456374497069e+00
-3.189733327003089869e+00,-3.189733327003089869e+00
-3.186813258592678721e+00,-3.186813258592678721e+00
-3.183917251121705760e+00,-3.183917251121705760e+00
-3.181045304568680621e+00,-3.181045304568680621e+00
-3.178197418912152017e+00,-3.178197418912152017e+00
-3.175373594130711297e+00,-3.175373594130711297e+00
-3.172573830202992440e+00,-3.172573830202992440e+00
-3.169798127107672059e+00,-3.169798127107672059e+00
-3.167046484823480057e+00,-3.167046484823480057e+00
-3.164318903329178312e+00,-3.164318903329178312e+00
-3.161615382603592650e+00,-3.161615382603592650e+00
-3.158935922625573767e+00,-3.158935922625573767e+00
-3.156280523374007885e+00,-3.156280523374007885e+00
-3.153649184827855834e+00,-3.153649184827855834e+00
-3.151041906966103312e+00,-3.151041906966103312e+00
-3.148458689767789309e+00,-3.148458689767789309e+00
-3.145899533211981236e+00,-3.145899533211981236e+00
-3.143364437277792689e+00,-3.143364437277792689e+00
-3.140853401944394108e+00,-3.140853401944394108e+00
-3.138366427190987906e+00,-3.138366427190987906e+00
-3.135903512996822684e+00,-3.135903512996822684e+00
-3.133464659341193226e+00,-3.133464659341193226e+00
-3.131049866203436949e+00,-3.131049866203436949e+00
-3.128659133562912587e+00,-3.128659133562912587e+00
-3.126292461399064138e+00,-3.126292461399064138e+00
-3.123949849691335601e+00,-3.123949849691335601e+00
-3.121631298419242029e+00,-3.121631298419242029e+00
-3.119336807562330449e+00,-3.119336807562330449e+00
-3.117066377100183416e+00,-3.117066377100183416e+00
-3.114820007012433223e+00,-3.114820007012433223e+00
-3.112597697278754794e+00,-3.112597697278754794e+00
-3.110399447878869239e+00,-3.110399447878869239e+00
-3.108225258792522538e+00,-3.108225258792522538e+00
-3.106075129999531725e+00,-3.106075129999531725e+00
-3.103949061479710281e+00,-3.103949061479710281e+00
-3.101847053212964056e+00,-3.101847053212964056e+00
-3.099769105179209561e+00,-3.099769105179209561e+00
-3.097715217358402384e+00,-3.097715217358402384e+00
-3.095685389730558512e+00,-3.095685389730558512e+00
-3.093679622275722352e+00,-3.093679622275722352e+00
-3.091697914973984496e+00,-3.091697914973984496e+00
-3.089740267805471063e+00,-3.089740267805471063e+00
-3.087806680750343702e+00,-3.087806680750343702e+00
-3.085897153788824454e+00,-3.085897153788824454e+00
-3.084011686901160232e+00,-3.084011686901160232e+00
-3.082150280067637027e+00,-3.082150280067637027e+00
-3.080312933268608333e+00,-3.080312933268608333e+00
-3.078499646484406327e+00,-3.078499646484406327e+00
-3.076710419695476872e+00,-3.076710419695476872e+00
-3.074945252882262281e+00,-3.074945252882262281e+00
-3.073204146025258154e+00,-3.073204146025258154e+00
-3.071487099104992069e+00,-3.071487099104992069e+00
-3.069794112102034234e+00,-3.069794112102034234e+00
-3.068125184997001043e+00,-3.068125184997001043e+00
-3.066480317770540864e+00,-3.066480317770540864e+00
-3.064859510403341147e+00,-3.064859510403341147e+00
-3.063262762876146184e+00,-3.063262762876146184e+00
-3.061690075169707370e+00,-3.061690075169707370e+00
-3.060141447264847159e+00,-3.060141447264847159e+00
-3.058616879142409317e+00,-3.058616879142409317e+00
-3.057116370783283799e+00,-3.057116370783283799e+00
-3.055639922168381872e+00,-3.055639922168381872e+00
-3.054187533278689415e+00,-3.054187533278689415e+00
-3.052759204095195855e+00,-3.052759204095195855e+00
-3.051354934598951019e+00,-3.051354934598951019e+00
-3.049974724771022494e+00,-3.049974724771022494e+00
-3.048618574592545372e+00,-3.048618574592545372e+00
-3.047286484044668953e+00,-3.047286484044668953e+00
-3.045978453108588724e+00,-3.045978453108588724e+00
-3.044694481765542804e+00,-3.044694481765542804e+00
-3.043434569996797734e+00,-3.043434569996797734e+00
-3.042198717783673345e+00,-3.042198717783673345e+00
-3.040986925107503680e+00,-3.040986925107503680e+00
-3.039799191949683177e+00,-3.039799191949683177e+00
-3.038635518291638249e+00,-3.038635518291638249e+00
-3.037495904114827283e+00,-3.037495904114827283e+00
-3.036380349400737089e+00,-3.036380349400737089e+00
-3.035288854130918423e+00,-3.035288854130918423e+00
-3.034221418286939809e+00,-3.034221418286939809e+00
-3.033178041850415951e+00,-3.033178041850415951e+00
-3.032158724802982874e+00,-3.032158724802982874e+00
-3.031163467126340549e+00,-3.031163467126340549e+00
-3.030192268802203159e+00,-3.030192268802203159e+00
-3.029245129812331072e+00,-3.029245129812331072e+00
-3.028322050138516630e+00,-3.028322050138516630e+00
-3.027423029762594808e+00,-3.027423029762594808e+00
-3.026548068666436109e+00,-3.026548068666436109e+00
-3.025697166831943008e+00,-3.025697166831943008e+00
-3.024870324241064168e+00,-3.024870324241064168e+00
-3.024067540875769566e+00,-3.024067540875769566e+00
-3.023288816718071814e+00,-3.023288816718071814e+00
-3.022534151750036813e+00,-3.022534151750036813e+00
-3.021803545953737569e+00,-3.021803545953737569e+00
-3.021096999311296827e+00,-3.021096999311296827e+00
-3.020414511804883517e+00,-3.020414511804883517e+00
-3.019756083416680781e+00,-3.019756083416680781e+00
-3.019121714128935707e+00,-3.019121714128935707e+00
-3.018511403923898939e+00,-3.018511403923898939e+00
-3.017925152783881515e+00,-3.017925152783881515e+00
-3.017362960691212237e+00,-3.017362960691212237e+00
-3.016824827628269645e+00,-3.016824827628269645e+00
-3.016310753577464254e+00,-3.016310753577464254e+00
-3.015820738521235000e+00,-3.015820738521235000e+00
-3.015354782442052795e+00,-3.015354782442052795e+00
-3.014912885322445391e+00,-3.014912885322445391e+00
-3.014495047144954754e+00,-3.014495047144954754e+00
-3.014101267892172586e+00,-3.014101267892172586e+00
-3.013731547546704803e+00,-3.013731547546704803e+00
-3.013385886091207055e+00,-3.013385886091207055e+00
-3.013064283508366969e+00,-3.013064283508366969e+00
-3.012766739780914804e+00,-3.012766739780914804e+00
-3.012493254891602135e+00,-3.012493254891602135e+00
-3.012243828823216063e+00,-3.012243828823216063e+00
-3.012018461558589877e+00,-3.012018461558589877e+00
-3.011817153080574627e+00,-3.011817153080574627e+00
-3.011639903372078209e+00,-3.011639903372078209e+00
-3.011486712416008515e+00,-3.011486712416008515e+00
-3.011357580195344497e+00,-3.011357580195344497e+00
-3.011252506693082864e+00,-3.011252506693082864e+00
-3.011171491892230989e+00,-3.011171491892230989e+00
-3.011114535775881507e+00,-3.011114535775881507e+00
-3.011081638327112842e+00,-3.011081638327112842e+00
-3.011072799529060262e+00,-3.011072799529060262e+00
-3.011088019364898116e+00,-3.011088019364898116e+00
-3.011127297817811410e+00,-3.011127297817811410e+00
-3.011190634871034888e+00,-3.011190634871034888e+00
-3.011278030507831716e+00,-3.011278030507831716e+00
-3.011389484711500586e+00,-3.011389484711500586e+00
-3.011524997465379272e+00,-3.011524997465379272e+00
-3.011684568752823310e+00,-3.011684568752823310e+00
-3.011868198557223764e+00,-3.011868198557223764e+00
-3.012075886862021434e+00,-3.012075886862021434e+00
-3.012307633650678440e+00,-3.012307633650678440e+00
-3.012563438906688873e+00,-3.012563438906688873e+00
-3.012843302613578800e+00,-3.012843302613578800e+00
-3.013147224754909814e+00,-3.013147224754909814e+00
-3.013475205314264826e+00,-3.013475205314264826e+00
-3.013827244275283590e+00,-3.013827244275283590e+00
-3.014203341621616516e+00,-3.014203341621616516e+00
-3.014603497336960203e+00,-3.014603497336960203e+00
-3.015027711405032562e+00,-3.015027711405032562e+00
-3.015475983809587035e+00,-3.015475983809587035e+00
-3.015948314534412589e+00,-3.015948314534412589e+00
-3.016444703563323060e+00,-3.016444703563323060e+00
-3.016965150880164259e+00,-3.016965150880164259e+00
-3.017509656468838841e+00,-3.017509656468838841e+00
-3.018078220313235249e+00,-3.018078220313235249e+00
-3.018670842397312981e+00,-3.018670842397312981e+00
-3.019287522705049298e+00,-3.019287522705049298e+00
-3.019928261220453436e+00,-3.019928261220453436e+00
-3.020593057927555947e+00,-3.020593057927555947e+00
-3.021281912810437120e+00,-3.021281912810437120e+00
-3.021994825853191458e+00,-3.021994825853191458e+00
-3.022731797039966750e+00,-3.022731797039966750e+00
-3.023492826354914342e+00,-3.023492826354914342e+00
-3.024277913782242422e+00,-3.024277913782242422e+00
-3.025087059306159176e+00,-3.025087059306159176e+00
-3.025920262910943848e+00,-3.025920262910943848e+00
-3.026777524580872125e+00,-3.026777524580872125e+00
-3.027658844300269436e+00,-3.027658844300269436e+00
-3.028564222053482524e+00,-3.028564222053482524e+00
-3.029493657824893660e+00,-3.029493657824893660e+00
-3.030447151598920641e+00,-3.030447151598920641e+00
-3.031424703359988371e+00,-3.031424703359988371e+00
-3.032426313092585701e+00,-3.032426313092585701e+00
-3.033451980781215696e+00,-3.033451980781215696e+00
-3.034501706410402733e+00,-3.034501706410402733e+00
-3.035575489964720930e+00,-3.035575489964720930e+00
-3.036673331428744405e+00,-3.036673331428744405e+00
-3.037795230787111223e+00,-3.037795230787111223e+00
-3.038941188024480766e+00,-3.038941188024480766e+00
-3.040111203125519523e+00,-3.040111203125519523e+00
-3.041305276074957931e+00,-3.041305276074957931e+00
-3.042523406857526425e+00,-3.042523406857526425e+00
-3.043765595457998074e+00,-3.043765595457998074e+00
-3.045031841861188582e+00,-3.045031841861188582e+00
-3.046322146051913649e+00,-3.046322146051913649e+00
-3.047636508015045820e+00,-3.047636508015045820e+00
-3.048974927735471852e+00,-3.048974927735471852e+00
-3.050337405198106921e+00,-3.050337405198106921e+00
-3.051723940387915945e+00,-3.051723940387915945e+00
-3.053134533289863839e+00,-3.053134533289863839e+00
-3.054569183888965256e+00,-3.054569183888965256e+00
-3.056027892170249061e+00,-3.056027892170249061e+00
-3.057510658118793856e+00,-3.057510658118793856e+00
-3.059017481719685350e+00,-3.059017481719685350e+00
-3.060548362958051882e+00,-3.060548362958051882e+00
-3.062103301819043111e+00,-3.062103301819043111e+00
-3.063682298287851324e+00,-3.063682298287851324e+00
-3.065285352349675918e+00,-3.065285352349675918e+00
-3.066912463989758919e+00,-3.066912463989758919e+00
-3.068563633193363671e+00,-3.068563633193363671e+00
-3.070238859945796150e+00,-3.070238859945796150e+00
-3.071938144232369439e+00,-3.071938144232369439e+00
-3.073661486038446355e+00,-3.073661486038446355e+00
-3.075408885349396826e+00,-3.075408885349396826e+00
-3.077180342150654724e+00,-3.077180342150654724e+00
-3.078975856427625502e+00,-3.078975856427625502e+00
-3.080795428165785665e+00,-3.080795428165785665e+00
-3.082639057350647249e+00,-3.082639057350647249e+00
-3.084506743967715181e+00,-3.084506743967715181e+00
-3.086398488002529916e+00,-3.086398488002529916e+00
-3.088314289440695859e+00,-3.088314289440695859e+00
-3.090254148267788992e+00,-3.090254148267788992e+00
-3.092218064469470562e+00,-3.092218064469470562e+00
-3.094206038031373396e+00,-3.094206038031373396e+00
-3.096218068939201373e+00,-3.096218068939201373e+00
-3.098254157178679691e+00,-3.098254157178679691e+00
-3.100314302735533545e+00,-3.100314302735533545e+00
-3.102398505595537870e+00,-3.102398505595537870e+00
-3.104506765744496022e+00,-3.104506765744496022e+00
-3.106639083168218463e+00,-3.106639083168218463e+00
-3.108795457852579602e+00,-3.108795457852579602e+00
-3.110975889783446746e+00,-3.110975889783446746e+00
-3.113180378946736937e+00,-3.113180378946736937e+00
-3.115408925328367218e+00,-3.115408925328367218e+00
-3.117661528914311475e+00,-3.117661528914311475e+00
-3.119938189690536490e+00,-3.119938189690536490e+00
-3.122238907643087202e+00,-3.122238907643087202e+00
-3.124563682757987237e+00,-3.124563682757987237e+00
-3.126912515021302852e+00,-3.126912515021302852e+00
-3.129285404419142935e+00,-3.129285404419142935e+00
-3.131682350937609272e+00,-3.131682350937609272e+00
-3.134103354562853383e+00,-3.134103354562853383e+00
-3.136548415281069424e+00,-3.136548415281069424e+00
-3.139017533078430233e+00,-3.139017533078430233e+00
-3.141510707941179703e+00,-3.141510707941179703e+00
-3.144027939855575937e+00,-3.144027939855575937e+00
-3.146569228807884144e+00,-3.146569228807884144e+00
-3.149134574784412166e+00,-3.149134574784412166e+00
-3.151723977771496266e+00,-3.151723977771496266e+00
-3.154337437755486917e+00,-3.154337437755486917e+00
-3.156974954722784332e+00,-3.156974954722784332e+00
-3.159636528659781618e+00,-3.159636528659781618e+00
-3.162322159552914513e+00,-3.162322159552914513e+00
-3.165031847388661390e+00,-3.165031847388661390e+00
-3.167765592153493515e+00,-3.167765592153493515e+00
-3.170523393833924786e+00,-3.170523393833924786e+00
-3.173305252416497524e+00,-3.173305252416497524e+00
-3.176111167887775366e+00,-3.176111167887775366e+00
-3.178941140234357476e+00,-3.178941140234357476e+00
-3.181795169442835913e+00,-3.181795169442835913e+00
-3.184673255499866684e+00,-3.184673255499866684e+00
-3.187575398392112902e+00,-3.187575398392112902e+00
-3.190501598106266101e+00,-3.190501598106266101e+00
-3.193451854629046238e+00,-3.193451854629046238e+00
-3.196426167947187480e+00,-3.196426167947187480e+00
-3.199424538047459521e+00,-3.199424538047459521e+00
-3.202446964916653371e+00,-3.202446964916653371e+00
-3.205493448541588464e+00,-3.205493448541588464e+00
-3.208563988909098441e+00,-3.208563988909098441e+00
-3.211658586006059579e+00,-3.211658586006059579e+00
-3.214777239819362364e+00,-3.214777239819362364e+00
-3.217919950335918600e+00,-3.217919950335918600e+00
-3.221086717542661404e+00,-3.221086717542661404e+00
-3.224277541426566529e+00,-3.224277541426566529e+00
-3.227492421974623937e+00,-3.227492421974623937e+00
-3.230731359173852013e+00,-3.230731359173852013e+00
-3.233994353011283351e+00,-3.233994353011283351e+00
-3.237281403473971864e+00,-3.237281403473971864e+00
-3.240592510549035410e+00,-3.240592510549035410e+00
-3.243927674223556323e+00,-3.243927674223556323e+00
-3.247286894484673780e+00,-3.247286894484673780e+00
-3.250670171319562485e+00,-3.250670171319562485e+00
-3.254077504715404245e+00,-3.254077504715404245e+00
-3.257508894659402188e+00,-3.257508894659402188e+00
-3.260964341138794964e+00,-3.260964341138794964e+00
-3.264443844140835438e+00,-3.264443844140835438e+00
-3.267947403652804894e+00,-3.267947403652804894e+00
-3.271475019662013040e+00,-3.271475019662013040e+00
-3.275026692155783792e+00,-3.275026692155783792e+00
-3.278602421121462385e+00,-3.278602421121462385e+00
-3.282202206546450896e+00,-3.282202206546450896e+00
-3.285826048418122980e+00,-3.285826048418122980e+00
-3.289473946723909137e+00,-3.289473946723909137e+00
-3.293145901451261182e+00,-3.293145901451261182e+00
-3.296841912587652246e+00,-3.296841912587652246e+00
-3.300561980120562566e+00,-3.300561980120562566e+00
-3.304306104037536329e+00,-3.304306104037536329e+00
-3.308074284326089298e+00,-3.308074284326089298e+00
-3.311866520973786976e+00,-3.311866520973786976e+00
-3.315682813968230391e+00,-3.315682813968230391e+00
-3.319523163297020574e+00,-3.319523163297020574e+00
-3.323387568947794080e+00,-3.323387568947794080e+00
-3.327276030908208782e+00,-3.327276030908208782e+00
-3.331188549165958079e+00,-3.331188549165958079e+00
-3.335125123708714057e+00,-3.335125123708714057e+00
-3.339085754524226957e+00,-3.339085754524226957e+00
-3.343070441600239917e+00,-3.343070441600239917e+00
-3.347079184924517392e+00,-3.347079184924517392e+00
-3.351111984484866468e+00,-3.351111984484866468e+00
-3.355168840269094233e+00,-3.355168840269094233e+00
-3.359249752265050404e+00,-3.359249752265050404e+00
-3.363354720460584701e+00,-3.363354720460584701e+00
-3.367483744843589477e+00,-3.367483744843589477e+00
-3.371636825401985504e+00,-3.371636825401985504e+00
-3.375813962123672241e+00,-3.375813962123672241e+00
-3.380015154996627302e+00,-3.380015154996627302e+00
-3.384240404008821201e+00,-3.384240404008821201e+00
-3.388489709148252871e+00,-3.388489709148252871e+00
-3.392763070402928349e+00,-3.392763070402928349e+00
-3.397060487760910519e+00,-3.397060487760910519e+00
-3.401381961210240945e+00,-3.401381961210240945e+00
-3.405727490739025143e+00,-3.405727490739025143e+00
-3.410097076335361521e+00,-3.410097076335361521e+00
-3.414490717987376911e+00,-3.414490717987376911e+00
-3.418908415683240776e+00,-3.418908415683240776e+00
-3.423350169411108368e+00,-3.423350169411108368e+00
-3.427815979159184678e+00,-3.427815979159184678e+00
-3.432305844915688908e+00,-3.432305844915688908e+00
-3.436819766668854470e+00,-3.436819766668854470e+00
-3.441357744406957409e+00,-3.441357744406957409e+00
-3.445919778118259558e+00,-3.445919778118259558e+00
-3.450505867791086700e+00,-3.450505867791086700e+00
-3.455116013413757514e+00,-3.455116013413757514e+00
-3.459750214974611993e+00,-3.459750214974611993e+00
-3.464408472462032762e+00,-3.464408472462032762e+00
-3.469090785864409554e+00,-3.469090785864409554e+00
-3.473797155170146311e+00,-3.473797155170146311e+00
-3.478527580367682503e+00,-3.478527580367682503e+00
-3.483282061445471811e+00,-3.483282061445471811e+00
-3.488060598391996336e+00,-3.488060598391996336e+00
-3.492863191195745287e+00,-3.492863191195745287e+00
-3.497689839845243398e+00,-3.497689839845243398e+00
-3.502540544329022509e+00,-3.502540544329022509e+00
-3.507415304635657094e+00,-3.507415304635657094e+00
-3.512314120753728730e+00,-3.512314120753728730e+00
-3.517236992671826101e+00,-3.517236992671826101e+00
-3.522183920378580524e+00,-3.522183920378580524e+00
-3.527154903862637525e+00,-3.527154903862637525e+00
-3.532149943112671053e+00,-3.532149943112671053e+00
-3.537169038117369269e+00,-3.537169038117369269e+00
-3.542212188865420330e+00,-3.542212188865420330e+00
-3.547279395345569242e+00,-3.547279395345569242e+00
-3.552370657546553900e+00,-3.552370657546553900e+00
-3.557485975457154836e+00,-3.557485975457154836e+00
-3.562625349066159686e+00,-3.562625349066159686e+00
-3.567788778362370294e+00,-3.567788778362370294e+00
-3.572976263334624036e+00,-3.572976263334624036e+00
-3.578187803971779601e+00,-3.578187803971779601e+00
-3.583423400262688574e+00,-3.583423400262688574e+00
-3.588683052196273593e+00,-3.588683052196273593e+00
-3.593966759761421770e+00,-3.593966759761421770e+00
-3.599274522947084165e+00,-3.599274522947084165e+00
-3.604606341742197628e+00,-3.604606341742197628e+00
-3.609962216135741642e+00,-3.609962216135741642e+00
-3.615342146116717004e+00,-3.615342146116717004e+00
-3.620746131674131618e+00,-3.620746131674131618e+00
-3.626174172797007600e+00,-3.626174172797007600e+00
-3.631626269474416802e+00,-3.631626269474416802e+00
-3.637102421695431076e+00,-3.637102421695431076e+00
-3.642602629449136487e+00,-3.642602629449136487e+00
-3.648126892724647519e+00,-3.648126892724647519e+00
-3.653675211511099974e+00,-3.653675211511099974e+00
-3.659247585797650970e+00,-3.659247585797650970e+00
-3.664844015573457625e+00,-3.664844015573457625e+00
-3.670464500827733900e+00,-3.670464500827733900e+00
-3.676109041549679546e+00,-3.676109041549679546e+00
-3.681777637728529839e+00,-3.681777637728529839e+00
-3.687470289353527164e+00,-3.687470289353527164e+00
-3.693186996413956535e+00,-3.693186996413956535e+00
-3.698927758899095863e+00,-3.698927758899095863e+00
-3.704692576798265691e+00,-3.704692576798265691e+00
-3.710481450100786560e+00,-3.710481450100786560e+00
-3.716294378796014541e+00,-3.716294378796014541e+00
-3.722131362873312810e+00,-3.722131362873312810e+00
-3.727992402322072962e+00,-3.727992402322072962e+00
-3.733877497131700807e+00,-3.733877497131700807e+00
-3.739786647291609256e+00,-3.739786647291609256e+00
-3.745719852791253857e+00,-3.745719852791253857e+00
-3.751677113620104365e+00,-3.751677113620104365e+00
-3.757658429767630537e+00,-3.757658429767630537e+00
-3.763663801223358973e+00,-3.763663801223358973e+00
-3.769693227976773642e+00,-3.769693227976773642e+00
-3.775746710017443775e+00,-3.775746710017443775e+00
-3.781824247334910183e+00,-3.781824247334910183e+00
-3.787925839918763415e+00,-3.787925839918763415e+00
-3.794051487758594021e+00,-3.794051487758594021e+00
-3.800201190844020971e+00,-3.800201190844020971e+00
-3.806374949164670340e+00,-3.806374949164670340e+00
-3.812572762710196628e+00,-3.812572762710196628e+00
-3.818794631470282752e+00,-3.818794631470282752e+00
-3.825040555434611633e+00,-3.825040555434611633e+00
-3.831310534592887507e+00,-3.831310534592887507e+00
-3.837604568934835925e+00,-3.837604568934835925e+00
-3.843922658450217966e+00,-3.843922658450217966e+00
-3.850264803128780500e+00,-3.850264803128780500e+00
-3.856631002960313026e+00,-3.856631002960313026e+00
-3.863021257934626362e+00,-3.863021257934626362e+00
-3.869435568041524220e+00,-3.869435568041524220e+00
-3.875873933270838734e+00,-3.875873933270838734e+00
-3.882336353612444668e+00,-3.882336353612444668e+00
-3.888822829056209684e+00,-3.888822829056209684e+00
-3.895333359592015654e+00,-3.895333359592015654e+00
-3.901867945209787081e+00,-3.901867945209787081e+00
-3.908426585899455574e+00,-3.908426585899455574e+00
-3.915009281650945638e+00,-3.915009281650945638e+00
-3.921616032454245726e+00,-3.921616032454245726e+00
-3.928246838299315868e+00,-3.928246838299315868e+00
-3.934901699176172940e+00,-3.934901699176172940e+00
-3.941580615074833815e+00,-3.941580615074833815e+00
-3.948283585985329580e+00,-3.948283585985329580e+00
-3.955010611897712636e+00,-3.955010611897712636e+00
-3.961761692802063806e+00,-3.961761692802063806e+00
-3.968536828688463913e+00,-3.968536828688463913e+00
-3.975336019547029309e+00,-3.975336019547029309e+00
-3.982159265367876344e+00,-3.982159265367876344e+00
-3.989006566141149790e+00,-3.989006566141149790e+00
-3.995877921857015735e+00,-3.995877921857015735e+00
-4.002773332505640269e+00,-4.002773332505640269e+00
-4.009692798077225007e+00,-4.009692798077225007e+00
-4.016636318561992880e+00,-4.016636318561992880e+00
-4.023603893950159716e+00,-4.023603893950159716e+00
-4.030595524231983973e+00,-4.030595524231983973e+00
-4.037611209397709899e+00,-4.037611209397709899e+00
-4.044650949437652798e+00,-4.044650949437652798e+00
-4.051714744342085339e+00,-4.051714744342085339e+00
-4.058802594101337036e+00,-4.058802594101337036e+00
-4.065914498705744506e+00,-4.065914498705744506e+00
-4.073050458145644370e+00,-4.073050458145644370e+00
-4.080210472411422984e+00,-4.080210472411422984e+00
-4.087394541493459599e+00,-4.087394541493459599e+00
-4.094602665382154782e+00,-4.094602665382154782e+00
-4.101834844067923314e+00,-4.101834844067923314e+00
-4.109091077541208392e+00,-4.109091077541208392e+00
-4.116371365792467429e+00,-4.116371365792467429e+00
-4.123675708812164942e+00,-4.123675708812164942e+00
-4.131004106590793867e+00,-4.131004106590793867e+00
-4.138356559118854250e+00,-4.138356559118854250e+00
-4.145733066386874555e+00,-4.145733066386874555e+00
-4.153133628385383247e+00,-4.153133628385383247e+00
-4.160558245104944319e+00,-4.160558245104944319e+00
-4.168006916536121764e+00,-4.168006916536121764e+00
-4.175479642669507996e+00,-4.175479642669507996e+00
-4.182976423495709639e+00,-4.182976423495709639e+00
-4.190497259005347530e+00,-4.190497259005347530e+00
-4.198042149189049610e+00,-4.198042149189049610e+00
-4.205611094037486453e+00,-4.205611094037486453e+00
-4.213204093541321527e+00,-4.213204093541321527e+00
-4.220821147691246722e+00,-4.220821147691246722e+00
-4.228462256477968140e+00,-4.228462256477968140e+00
-4.236127419892191881e+00,-4.236127419892191881e+00
-4.243816637924666679e+00,-4.243816637924666679e+00
-4.251529910566148374e+00,-4.251529910566148374e+00
-4.259267237807407014e+00,-4.259267237807407014e+00
-4.267028619639212650e+00,-4.267028619639212650e+00
-4.274814056052385070e+00,-4.274814056052385070e+00
-4.282623547037736955e+00,-4.282623547037736955e+00
-4.290457092586095200e+00,-4.290457092586095200e+00
-4.298314692688329330e+00,-4.298314692688329330e+00
-4.306196347335287555e+00,-4.306196347335287555e+00
-4.314102056517860717e+00,-4.314102056517860717e+00
-4.322031820226946763e+00,-4.322031820226946763e+00
-4.329985638453464958e+00,-4.329985638453464958e+00
-4.337963511188334564e+00,-4.337963511188334564e+00
-4.345965438422517479e+00,-4.345965438422517479e+00
-4.353991420146961389e+00,-4.353991420146961389e+00
-4.362041456352656610e+00,-4.362041456352656610e+00
-4.370115547030593461e+00,-4.370115547030593461e+00
-4.378213692171776472e+00,-4.378213692171776472e+00
-4.386335891767245698e+00,-4.386335891767245698e+00
-4.394482145808034090e+00,-4.394482145808034090e+00
-4.402652454285195915e+00,-4.402652454285195915e+00
-4.410846817189806757e+00,-4.410846817189806757e+00
-4.419065234512956408e+00,-4.419065234512956408e+00
-4.427307706245748875e+00,-4.427307706245748875e+00
-4.435574232379302373e+00,-4.435574232379302373e+00
-4.443864812904763539e+00,-4.443864812904763539e+00
-4.452179447813264801e+00,-4.452179447813264801e+00
-4.460518137095974112e+00,-4.460518137095974112e+00
-4.468880880744094952e+00,-4.468880880744094952e+00
-4.477267678748802382e+00,-4.477267678748802382e+00
-4.485678531101314093e+00,-4.485678531101314093e+00
-4.494113437792869092e+00,-4.494113437792869092e+00
-4.502572398814699284e+00,-4.502572398814699284e+00
-4.511055414158064991e+00,-4.511055414158064991e+00
-4.519562483814240750e+00,-4.519562483814240750e+00
-4.528093607774515306e+00,-4.528093607774515306e+00
-4.536648786030198721e+00,-4.536648786030198721e+00
-4.545228018572601059e+00,-4.545228018572601059e+00
-4.553831305393060802e+00,-4.553831305393060802e+00
-4.562458646482923541e+00,-4.562458646482923541e+00
-4.571110041833570392e+00,-4.571110041833570392e+00
-4.579785491436346945e+00,-4.579785491436346945e+00
-4.588484995282684054e+00,-4.588484995282684054e+00
-4.597208553363977046e+00,-4.597208553363977046e+00
-4.605956165671642566e+00,-4.605956165671642566e+00
-4.614727832197132784e+00,-4.614727832197132784e+00
-4.623523552931899872e+00,-4.623523552931899872e+00
-4.632343327867395999e+00,-4.632343327867395999e+00
-4.641187156995123075e+00,-4.641187156995123075e+00
-4.650055040306575904e+00,-4.650055040306575904e+00
-4.658946977793270605e+00,-4.658946977793270605e+00
-4.667862969446730403e+00,-4.667862969446730403e+00
-4.676803015258499840e+00,-4.676803015258499840e+00
-4.685767115220137669e+00,-4.685767115220137669e+00
-4.694755269323209745e+00,-4.694755269323209745e+00
-4.703767477559303245e+00,-4.703767477559303245e+00
-4.712803739920026658e+00,-4.712803739920026658e+00
-4.721864056396988474e+00,-4.721864056396988474e+00
-4.730948426981832711e+00,-4.730948426981832711e+00
-4.740056851666189175e+00,-4.740056851666189175e+00
-4.749189330441716095e+00,-4.749189330441716095e+00
-4.758345863300100120e+00,-4.758345863300100120e+00
-4.767526450233013691e+00,-4.767526450233013691e+00
-4.776731091232178983e+00,-4.776731091232178983e+00
-4.785959786289296858e+00,-4.785959786289296858e+00
-4.795212535396096598e+00,-4.795212535396096598e+00
-4.804489338544335908e+00,-4.804489338544335908e+00
-4.813790195725765386e+00,-4.813790195725765386e+00
-4.823115106932164053e+00,-4.823115106932164053e+00
-4.832464072155303825e+00,-4.832464072155303825e+00
-4.841837091387006353e+00,-4.841837091387006353e+00
-4.851234164619086187e+00,-4.851234164619086187e+00
-4.860655291843357872e+00,-4.860655291843357872e+00
-4.870100473051678591e+00,-4.870100473051678591e+00
-4.879569708235905523e+00,-4.879569708235905523e+00
-4.889062997387917164e+00,-4.889062997387917164e+00
-4.898580340499577801e+00,-4.898580340499577801e+00
-4.908121737562808562e+00,-4.908121737562808562e+00
-4.917687188569509260e+00,-4.917687188569509260e+00
-4.927276693511622341e+00,-4.927276693511622341e+00
-4.936890252381083144e+00,-4.936890252381083144e+00
-4.946527865169834115e+00,-4.946527865169834115e+00
-4.956189531869867437e+00,-4.956189531869867437e+00
-4.965875252473139767e+00,-4.965875252473139767e+00
-4.975585026971678815e+00,-4.975585026971678815e+00
-4.985318855357483869e+00,-4.985318855357483869e+00
-4.995076737622561325e+00,-4.995076737622561325e+00
-5.004858673758967313e+00,-5.004858673758967313e+00
-5.014664663758757968e+00,-5.014664663758757968e+00
-5.024494707613968103e+00,-5.024494707613968103e+00
-5.034348805316724906e+00,-5.034348805316724906e+00
-5.044226956859077404e+00,-5.044226956859077404e+00
-5.054129162233159889e+00,-5.054129162233159889e+00
-5.064055421431064019e+00,-5.064055421431064019e+00
-5.074005734444952509e+00,-5.074005734444952509e+00
-5.083980101266945439e+00,-5.083980101266945439e+00
-5.093978521889219735e+00,-5.093978521889219735e+00
-5.104000996303952320e+00,-5.104000996303952320e+00
-5.114047524503305908e+00,-5.114047524503305908e+00
-5.124118106479500057e+00,-5.124118106479500057e+00
-5.134212742224747217e+00,-5.134212742224747217e+00
-5.144331431731274051e+00,-5.144331431731274051e+00
-5.154474174991293012e+00,-5.154474174991293012e+00
-5.164640971997101815e+00,-5.164640971997101815e+00
-5.174831822740927123e+00,-5.174831822740927123e+00
-5.185046727215073759e+00,-5.185046727215073759e+00
-5.195285685411825227e+00,-5.195285685411825227e+00
-5.205548697323479246e+00,-5.205548697323479246e+00
-5.215835762942361953e+00,-5.215835762942361953e+00
-5.226146882260813697e+00,-5.226146882260813697e+00
-5.236482055271160618e+00,-5.236482055271160618e+00
-5.246841281965764381e+00,-5.246841281965764381e+00
-5.257224562337007967e+00,-5.257224562337007967e+00
-5.267631896377274359e+00,-5.267631896377274359e+00
-5.278063284078932327e+00,-5.278063284078932327e+00
-5.288518725434428802e+00,-5.288518725434428802e+00
-5.298998220436153872e+00,-5.298998220436153872e+00
-5.309501769076561573e+00,-5.309501769076561573e+00
-5.320029371348091729e+00,-5.320029371348091729e+00
-5.330581027243212588e+00,-5.330581027243212588e+00
-5.341156736754392398e+00,-5.341156736754392398e+00
-5.351756499874127826e+00,-5.351756499874127826e+00
-5.362380316594894225e+00,-5.362380316594894225e+00
-5.373028186909223791e+00,-5.373028186909223791e+00
-5.383700110809627404e+00,-5.383700110809627404e+00
-5.394396088288651470e+00,-5.394396088288651470e+00
-5.405116119338849501e+00,-5.405116119338849501e+00
-5.415860203952760799e+00,-5.415860203952760799e+00
-5.426628342122981508e+00,-5.426628342122981508e+00
-5.437420533842086456e+00,-5.437420533842086456e+00
-5.448236779102686000e+00,-5.448236779102686000e+00
-5.459077077897397601e+00,-5.459077077897397601e+00
-5.469941430218817402e+00,-5.469941430218817402e+00
-5.480829836059612603e+00,-5.480829836059612603e+00
-5.491742295412414876e+00,-5.491742295412414876e+00
-5.502678808269898525e+00,-5.502678808269898525e+00
-5.513639374624716538e+00,-5.513639374624716538e+00
-5.524623994469578747e+00,-5.524623994469578747e+00
-5.535632667797166562e+00,-5.535632667797166562e+00
-5.546665394600211130e+00,-5.546665394600211130e+00
-5.557722174871422283e+00,-5.557722174871422283e+00
-5.568803008603538274e+00,-5.568803008603538274e+00
-5.579907895789297356e+00,-5.579907895789297356e+00
-5.591036836421480416e+00,-5.591036836421480416e+00
-5.602189830492832812e+00,-5.602189830492832812e+00
-5.613366877996163851e+00,-5.613366877996163851e+00
-5.624567978924247313e+00,-5.624567978924247313e+00
-5.635793133269913824e+00,-5.635793133269913824e+00
-5.647042341025965584e+00,-5.647042341025965584e+00
-5.658315602185247428e+00,-5.658315602185247428e+00
-5.669612916740604192e+00,-5.669612916740604192e+00
-5.680934284684873603e+00,-5.680934284684873603e+00
-5.692279706010943130e+00,-5.692279706010943130e+00
-5.703649180711700239e+00,-5.703649180711700239e+00
-5.715042708780025293e+00,-5.715042708780025293e+00
-5.726460290208812864e+00,-5.726460290208812864e+00
-5.737901924991000158e+00,-5.737901924991000158e+00
-5.749367613119488851e+00,-5.749367613119488851e+00
-5.760857354587244572e+00,-5.760857354587244572e+00
-5.772371149387211631e+00,-5.772371149387211631e+00
-5.783908997512341443e+00,-5.783908997512341443e+00
-5.795470898955613848e+00,-5.795470898955613848e+00
-5.807056853710029998e+00,-5.807056853710029998e+00
-5.818666861768569731e+00,-5.818666861768569731e+00
-5.830300923124262624e+00,-5.830300923124262624e+00
-5.841959037770102725e+00,-5.841959037770102725e+00
-5.853641205699155137e+00,-5.853641205699155137e+00
-5.865347426904463646e+00,-5.865347426904463646e+00
-5.877077701379050723e+00,-5.877077701379050723e+00
-5.888832029116016997e+00,-5.888832029116016997e+00
-5.900610410108427573e+00,-5.900610410108427573e+00
-5.912412844349375973e+00,-5.912412844349375973e+00
-5.924239331831962829e+00,-5.924239331831962829e+00
-5.936089872549324298e+00,-5.936089872549324298e+00
-5.947964466494546798e+00,-5.947964466494546798e+00
-5.959863113660809120e+00,-5.959863113660809120e+00
-5.971785814041233209e+00,-5.971785814041233209e+00
-5.983732567628990751e+00,-5.983732567628990751e+00
-5.995703374417232112e+00,-5.995703374417232112e+00
-6.007703362393201019e+00,-6.007703362393201019e+00
