-6.082738743592746467e+00,-5.951103287141724429e+00
-6.071628912742579764e+00,-5.938950253303135973e+00
-6.061741019313675594e+00,-5.926803390349882683e+00
-6.046554878938344757e+00,-5.914859265250363762e+00
-6.035792604761795133e+00,-5.902592647761925271e+00
-6.022522197826986279e+00,-5.891280429830215049e+00
-6.010545572357042232e+00,-5.878877094173552642e+00
-5.999820607625856894e+00,-5.867339583215424703e+00
-5.987256171945862349e+00,-5.855562496533829986e+00
-5.976695728391545614e+00,-5.843799460998756246e+00
-5.964369717777231017e+00,-5.831858027633451513e+00
-5.952866121919201170e+00,-5.820230069988962640e+00
-5.942055263215193506e+00,-5.808313021329134074e+00
-5.929067501612253821e+00,-5.796992491469218578e+00
-5.910152839590252505e+00,-5.785203788966900795e+00
-5.905253100561656865e+00,-5.773658051470535568e+00
-5.891332264152737253e+00,-5.761839439304441868e+00
-5.880966332373599670e+00,-5.750605304283858743e+00
-5.869846328855504503e+00,-5.738625498406701553e+00
-5.858689250903164059e+00,-5.727194875674559427e+00
-5.848339218529456929e+00,-5.715866331491946895e+00
-5.834728476938571440e+00,-5.704521449373199715e+00
-5.823399354928771032e+00,-5.692775129168705206e+00
-5.811558603740198947e+00,-5.681669429547252292e+00
-5.801279663628035266e+00,-5.669886435745857156e+00
-5.789280497267720982e+00,-5.655421419860220844e+00
-5.778128206302215908e+00,-5.647012507854449304e+00
-5.766750312289256719e+00,-5.635631993792294736e+00
-5.755360306605467713e+00,-5.624442064759195503e+00
-5.744200214374640012e+00,-5.613278026615644123e+00
-5.732610361956904654e+00,-5.598890951780500558e+00
-5.721204081082754911e+00,-5.590712362053651852e+00
-5.710604385677019224e+00,-5.579207951721929071e+00
-5.699027035100050043e+00,-5.567983062974100505e+00
-5.689932568581388850e+00,-5.556717174312722385e+00
-5.676791125359972767e+00,-5.545727898810029366e+00
-5.665118460728693961e+00,-5.534500368306549234e+00
-5.654543976473302536e+00,-5.523481363279991285e+00
-5.642455514051201604e+00,-5.512694603172286989e+00
-5.631994433149676738e+00,-5.501216142637705531e+00
-5.620824501561268782e+00,-5.490134795723414562e+00
-5.609314593739280319e+00,-5.479164481099567219e+00
-5.598586791913856331e+00,-5.469938057593758174e+00
-5.586906670279576659e+00,-5.457299845298805963e+00
-5.576128270798728082e+00,-5.446395851899562324e+00
-5.565340933429030024e+00,-5.435396133972790977e+00
-5.554199015674315731e+00,-5.424591568483504211e+00
-5.545013301781434478e+00,-5.413807606875251643e+00
-5.531452979893167310e+00,-5.402654353960749667e+00
-5.521355724492725159e+00,-5.391933102128401600e+00
-5.510768339452749132e+00,-5.381168866687162655e+00
-5.499714452590556135e+00,-5.369876939524981019e+00
-5.489810738837840987e+00,-5.359577917429079186e+00
-5.477906819606613631e+00,-5.348861366734518619e+00
-5.468122484224267055e+00,-5.337101131166186008e+00
-5.457063953870182615e+00,-5.327877856224501940e+00
-5.445882029472258523e+00,-5.316806282985053755e+00
-5.434682989556657517e+00,-5.305594862852329285e+00
-5.424913715812281545e+00,-5.295609041473156253e+00
-5.413700881260564479e+00,-5.284690513965227154e+00
-5.403214989412584934e+00,-5.274272931338479964e+00
-5.392954257385853545e+00,-5.263878412902968762e+00
-5.382568772099563859e+00,-5.252620374652828161e+00
-5.371421443641266613e+00,-5.242690161139386795e+00
-5.361852698037445464e+00,-5.232328063006388419e+00
-5.350673933226389067e+00,-5.222036082787170130e+00
-5.339510900849160357e+00,-5.210768774569192630e+00
-5.329690894374092380e+00,-5.200764844952022514e+00
-5.320021035308610813e+00,-5.190713741163978767e+00
-5.308658504938563283e+00,-5.180287035132461249e+00
-5.298402003155569417e+00,-5.170121103232004245e+00
-5.288485110206881501e+00,-5.160534539329441728e+00
-5.277737437127306031e+00,-5.149519606733172772e+00
-5.269280482533940102e+00,-5.139104723944423192e+00
-5.256892019600478250e+00,-5.128607556764920083e+00
-5.247198382066585509e+00,-5.118626115406120114e+00
-5.236639099564924571e+00,-5.108596122615193913e+00
-5.226408698237031913e+00,-5.098347801931122802e+00
-5.216383266210405267e+00,-5.088310426563900535e+00
-5.206202773041606058e+00,-5.078052732559807936e+00
-5.197115810695883020e+00,-5.067984666715416253e+00
-5.185781150814182894e+00,-5.057945636136308210e+00
-5.175352513212652994e+00,-5.048109285766313015e+00
-5.165521489449599102e+00,-5.037624462830244454e+00
-5.156133572227056483e+00,-5.027809961909201597e+00
-5.145450791513456856e+00,-5.018008394092248636e+00
-5.135623259381933536e+00,-5.008136855322927516e+00
-5.125104004329477547e+00,-4.998138736207719646e+00
-5.115588812860139001e+00,-4.988345484326384138e+00
-5.105922372696779732e+00,-4.977679201804747322e+00
-5.095105392545621115e+00,-4.968140372756486123e+00
-5.084754709403962458e+00,-4.958083840336008130e+00
-5.075856827680504502e+00,-4.948983740529519615e+00
-5.066110392908378834e+00,-4.939096710858828843e+00
-5.056161715688432423e+00,-4.928840668220043852e+00
-5.024730013920748917e+00,-4.919640543105782804e+00
-5.037010868833814214e+00,-4.910245545306317183e+00
-5.026974620347928635e+00,-4.900270488347922004e+00
-5.016773418531327522e+00,-4.890818059368244874e+00
-5.007629995712626680e+00,-4.880970668469778673e+00
-4.997967390623026418e+00,-4.871673835298591548e+00
-4.988409354469531820e+00,-4.861930142574221847e+00
-4.978780812760874142e+00,-4.855282878034593352e+00
-4.968520953810534380e+00,-4.842223264033576058e+00
-4.959788021159864613e+00,-4.833486458719907120e+00
-4.950301482263956387e+00,-4.823515043237334154e+00
-4.940157979936540933e+00,-4.814231137367785962e+00
-4.930856044581476638e+00,-4.804525909777346726e+00
-4.921348583378978958e+00,-4.795383003386458398e+00
-4.909572437461077854e+00,-4.786121393095803533e+00
-4.901411409563284138e+00,-4.776637977038301841e+00
-4.892104210710599865e+00,-4.767242926975863604e+00
-4.882907106579780887e+00,-4.758060109982696240e+00
-4.875063380247368627e+00,-4.748715412932471125e+00
-4.864993021626720093e+00,-4.739522973734182187e+00
-4.856067089285023286e+00,-4.729796167920164329e+00
-4.846494756555630445e+00,-4.720948865952910189e+00
-4.837334778096040289e+00,-4.711895937060137207e+00
-4.827799383578714298e+00,-4.702663096180537572e+00
-4.818812073083186931e+00,-4.693256892941651159e+00
-4.809785195026424987e+00,-4.684372445206685498e+00
-4.800563464846483441e+00,-4.675477876781077846e+00
-4.791473120561069443e+00,-4.666179845929898207e+00
-4.783784946920619952e+00,-4.657217773977617270e+00
-4.773007812686993923e+00,-4.648014635040975229e+00
-4.764178479323351034e+00,-4.639122959673042779e+00
-4.754552234860873305e+00,-4.630404263338149029e+00
-4.746254784582307984e+00,-4.621135204755532300e+00
-4.737399030126482558e+00,-4.612350689020792593e+00
-4.728312116163851719e+00,-4.603410701118590964e+00
-4.719648781969509876e+00,-4.594560286512886726e+00
-4.710409320447583426e+00,-4.585638729659160973e+00
-4.701487212264913396e+00,-4.576823757073777976e+00
-4.692566186313079868e+00,-4.568186866888436448e+00
-4.684421341045927889e+00,-4.559163275176938868e+00
-4.675419317060621971e+00,-4.550419293676874588e+00
-4.664956143869248173e+00,-4.541837764159531332e+00
-4.658017407255329978e+00,-4.532812924949669586e+00
-4.648465563233545872e+00,-4.524318888620906698e+00
-4.639623410643913815e+00,-4.515810656074118690e+00
-4.631562775114343111e+00,-4.506719053000679764e+00
-4.616487476453993821e+00,-4.498279732162993483e+00
-4.613640929425542936e+00,-4.489795029642126067e+00
-4.605116947922861748e+00,-4.481047707275269687e+00
-4.596647752684618560e+00,-4.472929075486148598e+00
-4.588518935185041947e+00,-4.464094328641755816e+00
-4.579716840436886649e+00,-4.455579855766114150e+00
-4.570045393158232550e+00,-4.447171096799119816e+00
-4.562840842515893947e+00,-4.438790303777023105e+00
-4.551513315744598387e+00,-4.430416756429860214e+00
-4.545666316311222310e+00,-4.421829325747128614e+00
-4.536930830808972637e+00,-4.413451899267410994e+00
-4.528080064762369794e+00,-4.404982357925991465e+00
-4.520123986518951753e+00,-4.396875111703308470e+00
-4.512106248525472374e+00,-4.388427263391172062e+00
-4.503340451913937947e+00,-4.380132764443189330e+00
-4.495141918616959664e+00,-4.371958470880833225e+00
-4.487353741508588456e+00,-4.365684256858786583e+00
-4.478494243867640279e+00,-4.355728248014279380e+00
-4.470686892424988734e+00,-4.347463938652836646e+00
-4.462469069553580248e+00,-4.339146568387678649e+00
-4.453825666950536721e+00,-4.331000935947953323e+00
-4.445894760980794835e+00,-4.322986918133160827e+00
-4.437911322433172323e+00,-4.314787879199938558e+00
-4.428727513604982846e+00,-4.306739644389844024e+00
-4.421456832268471082e+00,-4.298620939244177208e+00
-4.413547493459299531e+00,-4.290698707277321056e+00
-4.405335942023312690e+00,-4.282735499719393601e+00
-4.397197727335739437e+00,-4.274826797459096994e+00
-4.389373082085318067e+00,-4.266717425655426332e+00
-4.377574874115414794e+00,-4.258977870651512454e+00
-4.373834143284392795e+00,-4.250277371429042716e+00
-4.365670080534764352e+00,-4.243058526506017891e+00
-4.357266539143785700e+00,-4.235250704945417333e+00
-4.350388105227809277e+00,-4.227484660695647989e+00
-4.341603980018439835e+00,-4.219566908386567228e+00
-4.325588785940355230e+00,-4.211850322033193983e+00
-4.325917450882921678e+00,-4.204048991306964744e+00
-4.318659670309403786e+00,-4.196472104728089292e+00
-4.310678316372796637e+00,-4.188743410261713151e+00
-4.302946973306293721e+00,-4.180985265410791740e+00
-4.295365924170055472e+00,-4.173462251306758297e+00
-4.288028741314105829e+00,-4.165770162102613305e+00
-4.280025941332784356e+00,-4.157935185266476985e+00
-4.272267885874575732e+00,-4.150303896094379219e+00
-4.264207152586750205e+00,-4.143010233707000722e+00
-4.257065392865555076e+00,-4.134020545837995719e+00
-4.242568580948090862e+00,-4.127712363682340069e+00
-4.241258071543568597e+00,-4.119912901340206268e+00
-4.234386890558032412e+00,-4.113035238863457899e+00
-4.226995004351780771e+00,-4.105792786754280499e+00
-4.219672364330175007e+00,-4.097936398013010795e+00
-4.212044212118028597e+00,-4.090692208511351957e+00
-4.204384968519242705e+00,-4.083316887175874932e+00
-4.201126118261067965e+00,-4.075996095413525033e+00
-4.189795061438210233e+00,-4.068657143443334512e+00
-4.182298269513066380e+00,-4.061409832041396939e+00
-4.174907203348034557e+00,-4.054195967888229113e+00
-4.167623914643351135e+00,-4.046887078655025505e+00
-4.160374233404587230e+00,-4.039557974127585993e+00
-4.153354082989058504e+00,-4.032451692122495324e+00
-4.145487935153118642e+00,-4.025189053568065667e+00
-4.139011348579739291e+00,-4.018918228013545146e+00
-4.131410313007791935e+00,-4.010911327652039837e+00
-4.124874201942062335e+00,-4.003861618296065572e+00
-4.117500875880433675e+00,-3.996502299123562363e+00
-4.109765150929543864e+00,-3.988955334251856222e+00
-4.103235129013559579e+00,-3.982662695967065680e+00
-4.096325532218319410e+00,-3.975703172164711141e+00
-4.089364978598289291e+00,-3.968671478895995364e+00
-4.082921476995256427e+00,-3.961751755645510631e+00
-4.075090817590814929e+00,-3.954627956421836732e+00
-4.067898753619661356e+00,-3.947847646104329478e+00
-4.061463478193193311e+00,-3.921292988637433474e+00
-4.053839271980977266e+00,-3.934186530868970078e+00
-4.047335238908433830e+00,-3.927405792630414894e+00
-4.040640933276573143e+00,-3.920660863622379200e+00
-4.033559670178230583e+00,-3.913878842600976959e+00
-4.026887152428684225e+00,-3.907099514327668999e+00
-4.020100500166254420e+00,-3.899919151632187386e+00
-4.013150824676374739e+00,-3.893520583450685635e+00
-4.007524585154690122e+00,-3.886830386401754822e+00
-3.999613096774781162e+00,-3.880012612470301381e+00
-3.993192917045851331e+00,-3.873431847733967981e+00
-3.986396559155883423e+00,-3.866777305262338427e+00
-3.979714680109619263e+00,-3.859986823155750812e+00
-3.973365956838300406e+00,-3.853757869135964409e+00
-3.965780611271516598e+00,-3.847163341937462899e+00
-3.959873720326358981e+00,-3.841276170432727621e+00
-3.952863101440188931e+00,-3.834554718487991565e+00
-3.947574926623673264e+00,-3.827968915729011101e+00
-3.940598019738610791e+00,-3.821137653947309420e+00
-3.933687562198552090e+00,-3.814618614603349389e+00
-3.926904859341373122e+00,-3.808506202333237223e+00
-3.921244818452666703e+00,-3.801982269510418178e+00
-3.914434347008802106e+00,-3.795559747185341948e+00
-3.907892898528595005e+00,-3.789283007893175181e+00
-3.901578761445320342e+00,-3.782860736557120962e+00
-3.891125245700873592e+00,-3.776799886611986956e+00
-3.889289657481862506e+00,-3.770349362695468276e+00
-3.882736107965896633e+00,-3.764154960819947160e+00
-3.876825035008382603e+00,-3.757766678376924130e+00
-3.870487179611060924e+00,-3.751778981364268795e+00
-3.861091762655164850e+00,-3.745552568808037108e+00
-3.858008871830636011e+00,-3.739318658103988557e+00
-3.851874294310926317e+00,-3.733261326743195330e+00
-3.845773545789411774e+00,-3.726933641442184530e+00
-3.837093113198535299e+00,-3.721163628846635874e+00
-3.832893518513794451e+00,-3.715171492863707847e+00
-3.827526610841707200e+00,-3.708916029499077283e+00
-3.821309999420331227e+00,-3.702983550302848315e+00
-3.815291600723069720e+00,-3.697040820262437855e+00
-3.809188063709620486e+00,-3.691334245653091983e+00
-3.803356936340247962e+00,-3.685213896914769194e+00
-3.795221416066350439e+00,-3.679376139077742192e+00
-3.789700696817870806e+00,-3.673207964644149115e+00
-3.785655856325692792e+00,-3.667579266727456044e+00
-3.779427008817684008e+00,-3.661829599459366591e+00
-3.773786868543710149e+00,-3.655990456294397006e+00
-3.768913589367083983e+00,-3.650300101121821683e+00
-3.761525526998141800e+00,-3.644514914053796684e+00
-3.756201931645881231e+00,-3.638546290057658616e+00
-3.750404302862682115e+00,-3.632977116001667284e+00
-3.744615579867047739e+00,-3.627321927458418749e+00
-3.739128027769356155e+00,-3.621459102183427703e+00
-3.734934521469914337e+00,-3.615794396398424482e+00
-3.727596226209060948e+00,-3.607536815867170343e+00
-3.722078508159699428e+00,-3.604558417034616102e+00
-3.716701259460139184e+00,-3.599213029412132503e+00
-3.711146176307003497e+00,-3.593602334086288153e+00
-3.705266049765258973e+00,-3.588191062868314685e+00
-3.699684963552419603e+00,-3.582648668468900510e+00
-3.694086476382226980e+00,-3.577390912191606542e+00
-3.688489175258731656e+00,-3.571978225916172534e+00
-3.683302485585385089e+00,-3.566467908732902092e+00
-3.677588296519251010e+00,-3.560888679675598301e+00
-3.672590632304750358e+00,-3.555574234249856858e+00
-3.666602377141554125e+00,-3.550238239854631050e+00
-3.661313772194581873e+00,-3.544886250183214571e+00
-3.656443040289860225e+00,-3.539514463147126921e+00
-3.650262389027779886e+00,-3.534238867416895857e+00
-3.645316126844430737e+00,-3.528261027193726918e+00
-3.640391440920056176e+00,-3.524171680109559279e+00
-3.634937710392573518e+00,-3.518567195256676605e+00
-3.628694879976800181e+00,-3.513362590628326565e+00
-3.624723104617120217e+00,-3.508295813465291957e+00
-3.619545120141062000e+00,-3.503162376797571032e+00
-3.614256707065644836e+00,-3.497641532470803227e+00
-3.609124116545448402e+00,-3.492882214802678575e+00
-3.604148102143355015e+00,-3.487763616696458069e+00
-3.599436350318053091e+00,-3.482880435095867089e+00
-3.593865376336379924e+00,-3.477724669679826519e+00
-3.588934992732600193e+00,-3.471792611129638217e+00
-3.584725542172141566e+00,-3.467906588579141136e+00
-3.578726520436739555e+00,-3.462725186188265081e+00
-3.574624194074303318e+00,-3.458071351953508454e+00
-3.569337991789112152e+00,-3.453083652166913264e+00
-3.563895061442838408e+00,-3.448202315440350940e+00
-3.558896405763330772e+00,-3.443387622614859200e+00
-3.554255931454675110e+00,-3.438619620458398529e+00
-3.549553999506332769e+00,-3.433753463965629305e+00
-3.544803832642329677e+00,-3.429129254066843657e+00
-3.539881510657394870e+00,-3.421645071370482682e+00
-3.535529587614684832e+00,-3.419706596063799342e+00
-3.530645526314966087e+00,-3.414584766166143037e+00
-3.525476479006347752e+00,-3.410260208156624895e+00
-3.520818750304206990e+00,-3.405696348296703757e+00
-3.516415133026732587e+00,-3.401115394230813660e+00
-3.511426181728467100e+00,-3.396447154003078062e+00
-3.507368168658422380e+00,-3.391791437499991346e+00
-3.502049220353586012e+00,-3.386940168732601286e+00
-3.496896299633252436e+00,-3.382659994327379405e+00
-3.493138769596650928e+00,-3.378153760709526665e+00
-3.488605138602936862e+00,-3.373821639450330423e+00
-3.484190067965778681e+00,-3.369242002960326499e+00
-3.479765764097736636e+00,-3.364869388368366465e+00
-3.475081331038713195e+00,-3.360271088093723879e+00
-3.470189923545972110e+00,-3.355851245814209349e+00
-3.466181681324942421e+00,-3.351638658356541622e+00
-3.461893286029129602e+00,-3.347242928399182915e+00
-3.457692630799599876e+00,-3.343010047359036729e+00
-3.453428551039487537e+00,-3.337971014623679622e+00
-3.448726643284342863e+00,-3.334432020052224388e+00
-3.444634968517082285e+00,-3.330122230570434994e+00
-3.440323518866053920e+00,-3.325852067231684916e+00
-3.436102251769714400e+00,-3.321502222029411922e+00
-3.431924262641755874e+00,-3.317595621889302127e+00
-3.427721219290729593e+00,-3.313469964462994799e+00
-3.423990239159853566e+00,-3.309316825669670781e+00
-3.419293975953776599e+00,-3.305484404617792915e+00
-3.415128023012564462e+00,-3.301060640376821009e+00
-3.411202104054915196e+00,-3.296870556419515097e+00
-3.407263301254908505e+00,-3.293139742686159721e+00
-3.402946924586542465e+00,-3.289030421254969028e+00
-3.399115241880345195e+00,-3.286695621786011490e+00
-3.395078115491893200e+00,-3.281127751253194003e+00
-3.390970733039131435e+00,-3.277134436185764610e+00
-3.386778841263194728e+00,-3.273205581813632747e+00
-3.383200980720934670e+00,-3.268455243388163733e+00
-3.379153693432791705e+00,-3.265881177622388609e+00
-3.376896883828486295e+00,-3.261387435090677744e+00
-3.371533508414898517e+00,-3.257922582573478110e+00
-3.367819671071698551e+00,-3.253996579323808369e+00
-3.363896151411583713e+00,-3.250848214086193622e+00
-3.359980764722916291e+00,-3.246529618178019216e+00
-3.356329455446877663e+00,-3.242860033324184155e+00
-3.352526826352146383e+00,-3.239268497087245180e+00
-3.348822002118206242e+00,-3.235562949713603142e+00
-3.345081281214218993e+00,-3.231579090787065844e+00
-3.341527578729037273e+00,-3.228307371101195145e+00
-3.337765744740507134e+00,-3.224845968738103252e+00
-3.334318473678655526e+00,-3.221174311441183935e+00
-3.330549288624916393e+00,-3.217589287291430011e+00
-3.327104793756588297e+00,-3.214792343893829951e+00
-3.323486107628077946e+00,-3.210456810279232798e+00
-3.319753473623825002e+00,-3.207037373548728976e+00
-3.316527806657468158e+00,-3.203681485998914447e+00
-3.312960715628625152e+00,-3.200233133254069440e+00
-3.309406353233892428e+00,-3.197069243269571981e+00
-3.306205228059412526e+00,-3.193263128761927749e+00
-3.302339037098407815e+00,-3.190040284063906828e+00
-3.299445429406498320e+00,-3.186378294370237896e+00
-3.296095541987257960e+00,-3.183450102728646591e+00
-3.292739351993470454e+00,-3.180110400268546744e+00
-3.289493577033804517e+00,-3.176719187428556523e+00
-3.286199591505225115e+00,-3.173684858605844372e+00
-3.282072197282397852e+00,-3.170490413241492611e+00
-3.277812203924059364e+00,-3.167129990108793258e+00
-3.276362287036031162e+00,-3.164254261805636403e+00
-3.273307301481364284e+00,-3.161021180964480592e+00
-3.270204605769986728e+00,-3.157807979288845601e+00
-3.266627552265713774e+00,-3.154837835464937346e+00
-3.263783681137449211e+00,-3.151794545695860705e+00
-3.260815871935092147e+00,-3.148589968274302375e+00
-3.257613325914327618e+00,-3.145528034016839669e+00
-3.254602827751236660e+00,-3.142730701525967341e+00
-3.251362435948765395e+00,-3.139726145187868411e+00
-3.248603612301340871e+00,-3.136882414129662067e+00
-3.245618009095933232e+00,-3.133726300917682561e+00
-3.242456231503916264e+00,-3.130980165316108454e+00
-3.239838082588145429e+00,-3.128105365701968843e+00
-3.236842976447469322e+00,-3.125117104084221609e+00
-3.233923635716324796e+00,-3.122400365391758914e+00
-3.231327532091630594e+00,-3.119615311595913099e+00
-3.228469154584092227e+00,-3.116751765240858507e+00
-3.225668334826185202e+00,-3.114019448398441359e+00
-3.222752055073515809e+00,-3.110882544996567134e+00
-3.220195934041581332e+00,-3.108643613861596933e+00
-3.217230822327832307e+00,-3.105861484699452113e+00
-3.214551014571412235e+00,-3.103136790574885229e+00
-3.211819555934368520e+00,-3.100572938143990598e+00
-3.209236930021690526e+00,-3.098063849597316732e+00
-3.206684406274315169e+00,-3.095494702150307198e+00
-3.204076020936546865e+00,-3.092833703354104014e+00
-3.201433309275817152e+00,-3.090368112762734931e+00
-3.198952802775489435e+00,-3.087641437372406372e+00
-3.196376330435580115e+00,-3.085368476767442747e+00
-3.193897984647795507e+00,-3.045628612061020757e+00
-3.191390728843997326e+00,-3.080462004188278868e+00
-3.188920918658974202e+00,-3.077420180789418147e+00
-3.186260285126419234e+00,-3.075664622741144605e+00
-3.184109618465545299e+00,-3.073285180330171062e+00
-3.181697468814065122e+00,-3.070574939891310695e+00
-3.179271029678357507e+00,-3.068712355492602128e+00
-3.176910339481173740e+00,-3.066265678815259133e+00
-3.174593773976917443e+00,-3.063945820714398582e+00
-3.172323040840248964e+00,-3.062124228535507697e+00
-3.170112159414324893e+00,-3.059286851887741410e+00
-3.167771002176581696e+00,-3.043301689452309944e+00
-3.165468498434973021e+00,-3.054798755583323810e+00
-3.163365658419956983e+00,-3.052991554876092639e+00
-3.161268273690424291e+00,-3.050950195396982423e+00
-3.159289842466108222e+00,-3.048871652849493241e+00
-3.157039298284480822e+00,-3.046702751538603593e+00
-3.154878944429601262e+00,-3.044539420732942592e+00
-3.152631588933533902e+00,-3.042088910922243095e+00
-3.150630471335759353e+00,-3.040670764785315949e+00
-3.148801712418398679e+00,-3.038589242785866062e+00
-3.146743433729129791e+00,-3.036671023977541406e+00
-3.144723907913127725e+00,-3.034992267032236679e+00
-3.141270699987160686e+00,-3.032802844320851676e+00
-3.140801307830349387e+00,-3.031289816709685336e+00
-3.138983569947323193e+00,-3.029131547285736747e+00
-3.137062117385744475e+00,-3.027179600599446019e+00
-3.135289302032056469e+00,-3.025599418132269847e+00
-3.132887956163528109e+00,-3.023898451088012251e+00
-3.131463330604521644e+00,-3.022120052618324948e+00
-3.129729202118888054e+00,-3.020087624261504455e+00
-3.128065511301489465e+00,-3.018633731690790967e+00
-3.127130078943836544e+00,-3.016926970759925553e+00
-3.124575301112871628e+00,-3.014952101331354939e+00
-3.122730677281912559e+00,-3.015425940569246510e+00
-3.121055160466946976e+00,-3.011721837047611317e+00
-3.119477918222306911e+00,-3.010101607226983056e+00
-3.117866517833226325e+00,-3.007546721638330922e+00
-3.116275116317305915e+00,-3.007040430659447594e+00
-3.114684101940227379e+00,-3.005613315583604006e+00
-3.113167609639209132e+00,-3.003999422615871495e+00
-3.111707365535622660e+00,-3.004638677179466644e+00
-3.110074924839968169e+00,-3.001068335425005174e+00
-3.108941516798574334e+00,-2.999563705757033905e+00
-3.107100677629704322e+00,-2.998965421502159501e+00
-3.105807181734505207e+00,-2.996837779310771221e+00
-3.104460375878781875e+00,-2.995623940838688437e+00
-3.103117531389544936e+00,-2.994051568417042120e+00
-3.101703428579960509e+00,-2.992735302510532769e+00
-3.100287141357501053e+00,-2.991642748854628220e+00
-3.099025609576590234e+00,-2.990316133600286808e+00
-3.097798036569833879e+00,-2.989345710430308500e+00
-3.096573195248812471e+00,-2.987873018366336897e+00
-3.095049560786237830e+00,-2.986670078920296234e+00
-3.094178499035465268e+00,-2.985218222646143449e+00
-3.092895938066856587e+00,-2.981475455232017069e+00
-3.091744277065505031e+00,-2.983040408922629894e+00
-3.090380040988494947e+00,-2.982156868074269607e+00
-3.089110021894115654e+00,-2.980989290314485896e+00
-3.088328300081072175e+00,-2.979727162513594152e+00
-3.087230538815636027e+00,-2.979160439887658551e+00
-3.086559543651098192e+00,-2.978444113830230222e+00
-3.085149603876470081e+00,-2.977106038428009249e+00
-3.084296183177476447e+00,-2.975823435982057674e+00
-3.083343211539525619e+00,-2.975378896723291255e+00
-3.082312384644640080e+00,-2.974148496462407643e+00
-3.081351009590290957e+00,-2.973536061452037860e+00
-3.080570032307251349e+00,-2.972523557626467916e+00
-3.079683510680895075e+00,-2.971789811485631816e+00
-3.078799237526104182e+00,-2.971250801172047318e+00
-3.077788749265611301e+00,-2.970529933123768451e+00
-3.077233393015861296e+00,-2.970378651238712919e+00
-3.076407704279711552e+00,-2.968839121887949073e+00
-3.075717294875304209e+00,-2.968054900732559620e+00
-3.074967393901084645e+00,-2.967228199982434589e+00
-3.074458658719254167e+00,-2.966662387731606287e+00
-3.073526851065357501e+00,-2.966185884512903215e+00
-3.072987092670578235e+00,-2.965057125640060409e+00
-3.072171232080289638e+00,-2.965125186959330250e+00
-3.073134512208011149e+00,-2.964591689177682898e+00
-3.071235208413281015e+00,-2.963481654715372837e+00
-3.070619105458811671e+00,-2.963210054212210398e+00
-3.070012056837959413e+00,-2.962848168336805976e+00
-3.069477420482485730e+00,-2.962168582552605400e+00
-3.068684545120848650e+00,-2.961868418127172831e+00
-3.068018748879302482e+00,-2.961290848101637785e+00
-3.068105870834362925e+00,-2.961145729072500288e+00
-3.067645153201969066e+00,-2.960508750675298284e+00
-3.066913589500710913e+00,-2.960024105287384799e+00
-3.060842350204133311e+00,-2.959791500205488202e+00
-3.066558694352977010e+00,-2.959337516864095186e+00
-3.066145751052061996e+00,-2.960730098715083969e+00
-3.065862972143171383e+00,-2.959283189986727791e+00
-3.065760033588518230e+00,-2.958511152742901551e+00
-3.065404389430461674e+00,-2.958640272046137110e+00
-3.065117919502029054e+00,-2.958468193646218047e+00
-3.064736187745863205e+00,-2.958255378253471513e+00
-3.064458409735687283e+00,-2.958103832194005633e+00
-3.064208330120754997e+00,-2.958397898460994657e+00
-3.064487341888573635e+00,-2.957878873593594804e+00
-3.064393164647890799e+00,-2.957813551087772552e+00
-3.064352858178745365e+00,-3.007214480840019188e+00
-3.063937913048492945e+00,-2.957809336953632240e+00
-3.064238383252861908e+00,-2.958324989576830433e+00
-3.063864740304465428e+00,-2.957826177132837131e+00
-3.064031582264528986e+00,-2.958117454667412272e+00
-3.064376146646122123e+00,-2.957875978893393931e+00
-3.064263046026101556e+00,-2.958297204386257206e+00
-3.064376638513057305e+00,-2.958415610593335465e+00
-3.064573707974920680e+00,-2.958149311761562039e+00
-3.064972980210281861e+00,-2.958575917352775253e+00
-3.064982544352501392e+00,-2.959132171879064188e+00
-3.065132393852290527e+00,-2.958885879581304224e+00
-3.066408119181771585e+00,-2.959611218560122214e+00
-3.065494050709411944e+00,-2.959671114091326771e+00
-3.065797913094288951e+00,-2.960246744533661101e+00
-3.066078777346056050e+00,-2.960200028561885688e+00
-3.066646738178985032e+00,-2.960636671696939004e+00
-3.068604371334095582e+00,-2.961021818710595443e+00
-3.066975548994286704e+00,-2.961346356998204588e+00
-3.067446267587285558e+00,-2.961770407908425273e+00
-3.066250122517216514e+00,-2.962396641898510818e+00
-3.068224972959367136e+00,-2.962725786867471900e+00
-3.068731737299097428e+00,-2.963147229980623631e+00
-3.069243955761445264e+00,-2.963628284848898620e+00
-3.069862769595153029e+00,-2.963541776354450263e+00
-3.070214616087033832e+00,-2.964620487911152402e+00
-3.070751205894231450e+00,-2.965343405152089939e+00
-3.071055679356681889e+00,-2.965840304286905926e+00
-3.071948603956208501e+00,-2.966794456983459227e+00
-3.072549290926608556e+00,-2.967235543395718267e+00
-3.073183294767275253e+00,-2.967910527927152486e+00
-3.073772254089098599e+00,-2.968902160443954941e+00
-3.074599363045637190e+00,-2.969225551021429599e+00
-3.075278865542870665e+00,-2.970003431689432372e+00
-3.076048749698660600e+00,-2.971456249343391143e+00
-3.076892886194806387e+00,-2.972327066239527138e+00
-3.077383076890489733e+00,-2.972684824692605865e+00
-3.078453872736485408e+00,-2.973579950878618483e+00
-3.079373703828230280e+00,-2.974564929431662286e+00
-3.080132351915036537e+00,-2.975306729318305976e+00
-3.080960376862958761e+00,-2.976235651063952048e+00
-3.082646451403854737e+00,-2.977235803824745730e+00
-3.083227276467685130e+00,-2.977988064183340278e+00
-3.083701244589509560e+00,-2.979005027648369275e+00
-3.084840134664276423e+00,-2.977616722005287819e+00
-3.085803095329813672e+00,-2.980750439719781930e+00
-3.086754085984628748e+00,-2.982288845262164312e+00
-3.087839148689308644e+00,-2.983353094396071103e+00
-3.088714343157215936e+00,-2.984526196227488715e+00
-3.089950115728200331e+00,-2.983677924792953462e+00
-3.091147741364287160e+00,-2.986744290273351865e+00
-3.092240232100552877e+00,-2.987939619843465788e+00
-3.093527806880381537e+00,-2.989245974330983380e+00
-3.094685366209992683e+00,-2.990293510118207099e+00
-3.095951107379243616e+00,-2.991561774753694003e+00
-3.097791353491899713e+00,-2.992810224346579062e+00
-3.098424379266909501e+00,-2.994138151449575957e+00
-3.099269726534164437e+00,-2.995645010710719980e+00
-3.101041697693192045e+00,-2.996769844641759661e+00
-3.102368022549174320e+00,-2.998251467876914766e+00
-3.103582119814267681e+00,-2.999678081605162028e+00
-3.105112853277977258e+00,-3.001038322303744010e+00
-3.106483341319890457e+00,-3.002957392369188128e+00
-3.108080603402102238e+00,-3.000404943092031207e+00
-3.109478197096787966e+00,-3.005642671517746223e+00
-3.111017157802046462e+00,-3.007037781137990251e+00
-3.112421349053657860e+00,-3.008846036540961943e+00
-3.114138287126587024e+00,-3.010348383683404183e+00
-3.115526113979976586e+00,-3.012421481370525456e+00
-3.117088474419840161e+00,-3.014390285885190757e+00
-3.118864524545938988e+00,-3.013758184724569134e+00
-3.120463290617852437e+00,-3.016353749534150808e+00
-3.122134021295313477e+00,-3.018465515846974867e+00
-3.123678039995655187e+00,-3.020608859284699577e+00
-3.125384171645846809e+00,-3.022106815956952186e+00
-3.127102508957344096e+00,-3.027165418015285603e+00
-3.128977048395549687e+00,-3.025566209381680860e+00
-3.130591357537942265e+00,-3.030828983277110478e+00
-3.132461126876490365e+00,-3.029186943768487073e+00
-3.134179896267732079e+00,-3.029364242687790920e+00
-3.136091346346189912e+00,-3.032773377948053017e+00
-3.137912669145988431e+00,-3.034659548340345570e+00
-3.141436171189457394e+00,-3.036781899940615759e+00
-3.141747429964313554e+00,-3.038800984442926456e+00
-3.143771665251193781e+00,-3.040706905319994657e+00
-3.145644785457780923e+00,-3.042818383577237995e+00
-3.147666383331524376e+00,-3.044893837813797077e+00
-3.149793408784697935e+00,-3.046695115747311000e+00
-3.151822574145247469e+00,-3.048163636007493960e+00
-3.153854480812424033e+00,-3.050989555653738527e+00
-3.155787059710083220e+00,-3.052369787153164093e+00
-3.158007742058885015e+00,-3.055173732634178574e+00
-3.160069955551469967e+00,-3.057448658176630918e+00
-3.162264337744280063e+00,-3.059901621675011896e+00
-3.165160260703093087e+00,-3.061177507103637563e+00
-3.166732734900095547e+00,-3.064009623323204146e+00
-3.168824795461158139e+00,-3.066467815673840747e+00
-3.170946163792338623e+00,-3.068624355721215391e+00
-3.173407326048347077e+00,-3.070897332256083079e+00
-3.175850624906604303e+00,-3.072260215448751719e+00
-3.178022284064370595e+00,-3.076045489393842480e+00
-3.180456387650542727e+00,-3.077995844166204975e+00
-3.182838536171999966e+00,-3.080474530295483682e+00
-3.185125455804211470e+00,-3.083123528833552562e+00
-3.187722819481617176e+00,-3.085315894481280186e+00
-3.190129801057577374e+00,-3.087732712380532263e+00
-3.192598608953883588e+00,-3.090400449314484987e+00
-3.195070803287749062e+00,-3.093359763326256839e+00
-3.197709158164799170e+00,-3.095637012330698212e+00
-3.199953896325840041e+00,-3.098051471128345558e+00
-3.202911072015265148e+00,-3.100797987084431107e+00
-3.205399370126188252e+00,-3.103103309792246467e+00
-3.208257787707391007e+00,-3.106223678740541505e+00
-3.210621339491749993e+00,-3.108263728582925545e+00
-3.213167355657639668e+00,-3.111749650931864508e+00
-3.215919739159049939e+00,-3.114152755078351209e+00
-3.218472691377761041e+00,-3.116397833091830272e+00
-3.221437189998020312e+00,-3.119731910979046674e+00
-3.224134701295405137e+00,-3.122312280327950162e+00
-3.226967185318309284e+00,-3.125883405400235571e+00
-3.229799359208326059e+00,-3.127761669245048282e+00
-3.232541685261250741e+00,-3.130919627169895136e+00
-3.234931522084534272e+00,-3.133975846514220009e+00
-3.238093015536900765e+00,-3.136859491341266626e+00
-3.241291431166737347e+00,-3.140079201218111571e+00
-3.244172826181148661e+00,-3.142269391314813198e+00
-3.247111878521048212e+00,-3.147538334661032611e+00
-3.250158308569634169e+00,-3.148859859494155700e+00
-3.252921934072197541e+00,-3.151646178378119778e+00
-3.256132459435781445e+00,-3.154504956542338867e+00
-3.259220547362810194e+00,-3.158004885036259868e+00
-3.262291401076427899e+00,-3.114525749802025345e+00
-3.265327082809769799e+00,-3.163902900177806732e+00
-3.268543785108593891e+00,-3.167268879417619587e+00
-3.271641598812216056e+00,-3.170511071145547088e+00
-3.274843272280568485e+00,-3.174052776476917970e+00
-3.278064857682532196e+00,-3.177140769412636345e+00
-3.281047554177171754e+00,-3.180100908760556067e+00
-3.284518500084000703e+00,-3.183519091827034853e+00
-3.287764623648623097e+00,-3.186890291135130671e+00
-3.291085096869704074e+00,-3.190029352523120920e+00
-3.294381254192675357e+00,-3.193530180610304470e+00
-3.297774844926357307e+00,-3.196724901561688537e+00
-3.302638613972105563e+00,-3.207815675407101885e+00
-3.304372396049386040e+00,-2.818178936480277397e+00
-3.307784434014500174e+00,-3.207363293002929883e+00
-3.311186627579321140e+00,-3.210379045680100241e+00
-3.314772106106744332e+00,-3.213918961762181059e+00
-3.318192450207588795e+00,-3.217348256106740578e+00
-3.321556801347002708e+00,-3.221168671068924461e+00
-3.325295404204354099e+00,-3.222900070680342566e+00
-3.328824456828977318e+00,-3.228282284671385671e+00
-3.332389403551383467e+00,-3.231472537903723463e+00
-3.336145536902168640e+00,-3.235903944010262379e+00
-3.339722682196050840e+00,-3.239711607881313071e+00
-3.343325422230423616e+00,-3.242752875756814923e+00
-3.347219480572158012e+00,-3.246800790472866627e+00
-3.350692124992345811e+00,-3.250238519906877066e+00
-3.354588176789968124e+00,-3.254296517993690685e+00
-3.357776199209787649e+00,-3.257919203164042710e+00
-3.361855431388463877e+00,-3.261636633270282637e+00
-3.365590490634819965e+00,-3.265488723255161041e+00
-3.369540657693980368e+00,-3.269614247488421999e+00
-3.373403298376504988e+00,-3.273086984708992286e+00
-3.377164418666534829e+00,-3.276719139647180867e+00
-3.381150234123478704e+00,-3.281209642065301413e+00
-3.384817093745008165e+00,-3.288121364762106147e+00
-3.388851745698648443e+00,-3.288988411117471866e+00
-3.393401758956476222e+00,-3.293023739839297637e+00
-3.397020340823131423e+00,-3.297364203580564812e+00
-3.401032814528832660e+00,-3.301556504748226484e+00
-3.405069848312828107e+00,-3.304675354714007973e+00
-3.409059461112321721e+00,-3.309448675164017750e+00
-3.412939275466762012e+00,-3.313569515580253810e+00
-3.417236242451101802e+00,-3.318107721335929128e+00
-3.426745367419600896e+00,-3.322125132607647746e+00
-3.425755181667229365e+00,-3.325902217700365870e+00
-3.429578873195904265e+00,-3.330422082971768116e+00
-3.433917960154790450e+00,-3.332612932594582134e+00
-3.438137884074970785e+00,-3.338944751216164519e+00
-3.442513134774478178e+00,-3.343099683781746378e+00
-3.447303465766655250e+00,-3.347488216329487454e+00
-3.450996708809322744e+00,-3.352164019526388650e+00
-3.455272099926322227e+00,-3.356178533208714843e+00
-3.460240272209053281e+00,-3.360504244510408967e+00
-3.463972055906757053e+00,-3.364769403122368718e+00
-3.468440995013568173e+00,-3.369468970801394292e+00
-3.472922714953291301e+00,-3.373497963142773060e+00
-3.479414378430232269e+00,-3.378099206695562629e+00
-3.481773097159907238e+00,-3.382922475285217168e+00
-3.486342759083825626e+00,-3.387246206727922537e+00
-3.490779580606711452e+00,-3.391764280970326340e+00
-3.495526379836976005e+00,-3.396326914985805079e+00
-3.500062922376348418e+00,-3.400945413341432300e+00
-3.504572481317064447e+00,-3.406583497519068970e+00
-3.509293230111018236e+00,-3.410496950954831519e+00
-3.513831974559815663e+00,-3.415001935916665676e+00
-3.518454769025558093e+00,-3.419869342321014027e+00
-3.523136528981531068e+00,-3.424651915972856564e+00
-3.527777476099593468e+00,-3.429310243524445134e+00
-3.532617049191171255e+00,-3.434953932828572309e+00
-3.537261857647070240e+00,-3.438774036769981279e+00
-3.542204755466654476e+00,-3.443586022270486158e+00
-3.546925589049763072e+00,-3.445638641547400738e+00
-3.551762208094761952e+00,-3.453472241928259745e+00
-3.556676345087420810e+00,-3.458441144920179067e+00
-3.561344153494606424e+00,-3.463489484619143965e+00
-3.566453880033141566e+00,-3.468049934134028955e+00
-3.571338913166782536e+00,-3.472683467441323391e+00
-3.576325890853444101e+00,-3.478181854498205272e+00
-3.581124133950101207e+00,-3.482556869076309347e+00
-3.586333288533255725e+00,-3.488289768752101949e+00
-3.591514749833384812e+00,-3.493217032358727270e+00
-3.596648410564674325e+00,-3.498145939451006825e+00
-3.601384559299000365e+00,-3.503191692140089408e+00
-3.607948013480064109e+00,-3.509577344353751016e+00
-3.611672164310787636e+00,-3.513952720125202323e+00
-3.616890899352689370e+00,-3.518908570006242353e+00
-3.621873603381496665e+00,-3.524031154289021917e+00
-3.627157639878017648e+00,-3.529365073345966053e+00
-3.632743007840704141e+00,-3.534017061239299817e+00
-3.637619564667086802e+00,-3.539691751547042298e+00
-3.642938484800600563e+00,-3.546064774968804567e+00
-3.648209038160498352e+00,-3.551315622235999836e+00
-3.653667726201822674e+00,-3.555582854559018458e+00
-3.658781153883374770e+00,-3.561242323313538183e+00
-3.664096740614725789e+00,-3.566671553188088595e+00
-3.673264077247177628e+00,-3.572083091822376488e+00
-3.674939092968716015e+00,-3.577725296370800834e+00
-3.680343907354549415e+00,-3.582766557064704926e+00
-3.685909303014334171e+00,-3.588803869926513901e+00
-3.691658974876870225e+00,-3.594719455268408304e+00
-3.696767585049796523e+00,-3.599593874001802973e+00
-3.702247897347819006e+00,-3.604806993191348230e+00
-3.707933758261431567e+00,-3.610385867732995635e+00
-3.713474654441169864e+00,-3.616378854262439102e+00
-3.719128882950077042e+00,-3.620810785793824760e+00
-3.724733833702537744e+00,-3.628207543768639631e+00
-3.730521823499130196e+00,-3.633333644968273379e+00
-3.736143912558347324e+00,-3.639042840145512603e+00
-3.741844890688065028e+00,-3.644966191805869560e+00
-3.747604119271669365e+00,-3.650349422832543045e+00
-3.753139500922063387e+00,-3.661378255800041615e+00
-3.758861371796808903e+00,-3.662081231769309664e+00
-3.764771332340500098e+00,-3.668271376727378463e+00
-3.770716716459682871e+00,-3.673365444910474231e+00
-3.776399239845568800e+00,-3.679044614970815363e+00
-3.782270184032941795e+00,-3.685400834333290909e+00
-3.788254868241418549e+00,-3.691252525749267654e+00
-3.794226849690693015e+00,-3.697535888025831330e+00
-3.800244722642982520e+00,-3.703124996475637865e+00
-3.806110464671509597e+00,-3.709366176054329500e+00
-3.811991708334505180e+00,-3.715083282786363128e+00
-3.818032024345739739e+00,-3.721513595756465786e+00
-3.823565600306985779e+00,-3.727505954514938491e+00
-3.828906983175246026e+00,-3.733373416347683715e+00
-3.836329012344182221e+00,-3.739214872555425284e+00
-3.842319829586353652e+00,-3.745886278315514240e+00
-3.848428799260362076e+00,-3.752282383129163179e+00
-3.854799179068581605e+00,-3.758661609874180076e+00
-3.860879660727297935e+00,-3.764190796454566001e+00
-3.867148190824064358e+00,-3.770266745192652369e+00
-3.872715119407211581e+00,-3.776519196210061935e+00
-3.879456959434144814e+00,-3.783134458867405847e+00
-3.885842757385592261e+00,-3.789629007936607508e+00
-3.892047934721452052e+00,-3.795849912401085824e+00
-3.898496342896300870e+00,-3.801448994788658275e+00
-3.904711741431299288e+00,-3.808807318248922602e+00
-3.911037275192866591e+00,-3.815268805996662405e+00
-3.917461153994937106e+00,-3.821276231722432470e+00
-3.933901980545494226e+00,-3.827629883247338771e+00
-3.930322762897664468e+00,-3.834227330743645190e+00
-3.936773401605413891e+00,-3.840576895659209455e+00
-3.943243287873540837e+00,-3.847666101396598037e+00
-3.949909073361255629e+00,-3.852624227864793749e+00
-3.956642553266198181e+00,-3.860536045050496412e+00
-3.962642149383552415e+00,-3.866552488902746276e+00
-3.969540331436085534e+00,-3.873777865338587034e+00
-3.976302300264095813e+00,-3.880401598019667553e+00
-3.985620179220083159e+00,-3.887675612970209471e+00
-3.989355263482468050e+00,-3.894037651217068241e+00
-3.996135980726492232e+00,-3.900401688986860460e+00
-4.002769831390178723e+00,-3.906287089218157149e+00
-4.009553791222441710e+00,-3.913640715698969430e+00
-4.015298960542309281e+00,-3.920070359989567876e+00
-4.023320005785556042e+00,-3.927535169589349451e+00
-4.030079944985325291e+00,-3.934074041131289334e+00
-4.035963630964775284e+00,-3.941137036825718365e+00
-4.043803023491572723e+00,-3.948417450758821445e+00
-4.050591239306663205e+00,-3.955046572496453194e+00
-4.057557987812550060e+00,-3.961924772844449549e+00
-4.064030328220149535e+00,-3.969147202138415320e+00
-4.071221041957342912e+00,-3.976584150456544009e+00
-4.078203945785090490e+00,-3.983518390060114100e+00
-4.088763243665701985e+00,-3.990069672088744746e+00
-4.092376525907736706e+00,-3.996903009928515882e+00
-4.099412197250219769e+00,-4.002590266185875656e+00
-4.106453040853654812e+00,-4.011378510292783695e+00
-4.113472836674604061e+00,-4.018464302907839958e+00
-4.120547702125660905e+00,-4.025103170996430002e+00
-4.127715443464152756e+00,-4.032311191905121994e+00
-4.135064346602040253e+00,-4.039894748640180389e+00
-4.142077830197794519e+00,-4.046970081247319939e+00
-4.149383184812934111e+00,-4.052586287225972583e+00
-4.156818234585218264e+00,-4.061653532244220877e+00
-4.163871507109228709e+00,-4.068532810337957883e+00
-4.171033740269327161e+00,-4.076393395891696692e+00
-4.178508036080012644e+00,-4.083838253906065141e+00
-4.185751486524330822e+00,-4.090759272847351191e+00
-4.193332939493525480e+00,-4.098580231820838193e+00
-4.200669664289156557e+00,-4.105056961579282238e+00
-4.205516458655861989e+00,-4.112856626541980809e+00
-4.215577119309357634e+00,-4.112388330854105156e+00
-4.222789599281447259e+00,-4.128255549008896352e+00
-4.230183896490131268e+00,-4.163820808188496869e+00
-4.237835575681265787e+00,-4.143070842010994070e+00
-4.247649179405398989e+00,-4.151381378602507333e+00
-4.252829386253571542e+00,-4.158039369710516908e+00
-4.260349545994245979e+00,-4.166347813663455746e+00
-4.268161124467641621e+00,-4.174004082130169380e+00
-4.273550424398797176e+00,-4.181552090803394073e+00
-4.285246094038183351e+00,-4.188600960404971651e+00
-4.290901693894478619e+00,-4.197030446026634998e+00
-4.296604156636713689e+00,-4.204318727532646349e+00
-4.306595801146338331e+00,-4.212429233103348380e+00
-4.314220343901599364e+00,-4.220068538831495353e+00
-4.322912085043511432e+00,-4.228281394183900588e+00
-4.329800401558443035e+00,-4.236010930883604253e+00
-4.337578241564607140e+00,-4.244477169109810433e+00
-4.345096360657493939e+00,-4.250274409390512709e+00
-4.353197714318681300e+00,-4.259738917921492174e+00
-4.361085835068911898e+00,-4.267371080677990314e+00
-4.369124912204200406e+00,-4.275678734758840527e+00
-4.377106683891269334e+00,-4.283289746283012178e+00
-4.384818152662136370e+00,-4.290758354524738749e+00
-4.392812014697436318e+00,-4.300460570823785744e+00
-4.400849468249389496e+00,-4.306538760422659706e+00
-4.408885161065554392e+00,-4.314575172863891694e+00
-4.417115654584735651e+00,-4.323110264706785166e+00
-4.424454803165394523e+00,-4.333053254358643969e+00
-4.434280344986920142e+00,-4.339695448994755012e+00
-4.440861254102515865e+00,-4.346528184333607214e+00
-4.449118213178167025e+00,-4.350070982167786759e+00
-4.457748429724435191e+00,-4.364310077950347200e+00
-4.465495097743131581e+00,-4.372883954892295755e+00
-4.474418081765089816e+00,-4.380208355326132619e+00
-4.482409710054336749e+00,-4.389392006464480467e+00
-4.491195484452087605e+00,-4.396903279703009204e+00
-4.498770429435854368e+00,-4.405582710725527207e+00
-4.507217238439715778e+00,-4.413729583616981422e+00
-4.515580007186929201e+00,-4.422118281596193690e+00
-4.524049656760706917e+00,-4.430622121648531753e+00
-4.532104374684513104e+00,-4.438906803774028020e+00
-4.540667558888674016e+00,-4.447255175920999726e+00
-4.549839202170463004e+00,-4.455596925182255141e+00
-4.557742833062247811e+00,-4.463307112446248226e+00
-4.566060619707565493e+00,-4.473294015184161587e+00
-4.574562513773302364e+00,-4.481248953228198495e+00
-4.583096939746019949e+00,-4.489624490737244678e+00
-4.591515720226026609e+00,-4.500426723135369400e+00
-4.600267452941642965e+00,-4.507786051947904937e+00
-4.609655683772376555e+00,-4.516425127758509461e+00
-4.617499235988892892e+00,-4.523980982013568131e+00
-4.626666504180401596e+00,-4.533187575750537768e+00
-4.635082083303997180e+00,-4.541997908589073596e+00
-4.643578212872223610e+00,-4.550286045132841295e+00
-4.652384025511870469e+00,-4.560555842791440107e+00
-4.661104799212578698e+00,-4.567594191776575663e+00
-4.670250162811059980e+00,-4.576704824870346577e+00
-4.678745822165931934e+00,-4.585687658010233037e+00
-4.687835694616938831e+00,-4.594241942484561747e+00
-4.696274973393449237e+00,-4.602822996309387626e+00
-4.705376288223862780e+00,-4.611342656578357513e+00
-4.713568177538434156e+00,-4.620185299446925242e+00
-4.723319866628534314e+00,-4.630701151253251879e+00
-4.731839382642831104e+00,-4.639473358614691456e+00
-4.741230094933229111e+00,-4.648683097832977396e+00
-4.750293351021801058e+00,-4.655992165907417046e+00
-4.758944121992437992e+00,-4.665482970324958956e+00
-4.768251130495976042e+00,-4.674910197133614886e+00
-4.776894133110294760e+00,-4.684627303935124942e+00
-4.786215028374935621e+00,-4.692322161523637014e+00
-4.795468159197311842e+00,-4.703140605820769871e+00
-4.804420373033555514e+00,-4.712084976879061138e+00
-4.813737775568358579e+00,-4.721309306869776456e+00
-4.823123074276021605e+00,-4.731101970897255704e+00
-4.832229410445951778e+00,-4.739646983229700794e+00
-4.841245817652412242e+00,-4.749372551161008538e+00
-4.850467796845197910e+00,-4.758585130739098723e+00
-4.859952043066725125e+00,-4.767662993244738523e+00
-4.868759307899066968e+00,-4.779031899832466124e+00
-4.878612074672038723e+00,-4.785797082445855111e+00
-4.888372040697246845e+00,-4.795333450935289399e+00
-4.897353985941687249e+00,-4.804869714466782682e+00
-4.906596918964609699e+00,-4.814348243512153402e+00
-4.916009985916606873e+00,-4.823965001946817210e+00
-4.925420416939955359e+00,-4.835155569838955891e+00
-4.934855387289572626e+00,-4.843302845900655740e+00
-4.945011405211287681e+00,-4.851568657123024764e+00
-4.953782235897207897e+00,-4.863347059316207144e+00
-4.963487330009423992e+00,-4.871836645594709303e+00
-4.972992228800006131e+00,-4.884518541628509070e+00
-4.982341497619412252e+00,-4.890712539179243201e+00
-4.992574334342847919e+00,-4.902507541297740801e+00
-5.002001698697126741e+00,-4.912496496636617138e+00
-5.011574061420787984e+00,-4.921210870296471640e+00
-5.022607078976362160e+00,-4.929640349790755494e+00
-5.024388007588209248e+00,-4.939575066738643550e+00
-5.040770607477085719e+00,-4.949685245040581272e+00
-5.050498955311342186e+00,-4.959521555733408249e+00
-5.060343637550836604e+00,-4.969109770252161162e+00
-5.070296347312879703e+00,-4.977639878511369353e+00
-5.080134401881561956e+00,-4.989115551231525281e+00
-5.089646003419499465e+00,-4.997964686385540922e+00
-5.099555317064097260e+00,-5.008015335444536476e+00
-5.109958507326647137e+00,-5.016460554661288818e+00
-5.119783742768373003e+00,-5.028227345133653436e+00
-5.129974081059066826e+00,-5.038144562596973408e+00
-5.141054675888587333e+00,-5.048548330108376447e+00
-5.149206019431163739e+00,-5.057415316744462430e+00
-5.158860843700480814e+00,-5.068924018760405659e+00
-5.169615151312868306e+00,-5.078969200403911088e+00
-5.179928068966461296e+00,-5.086570702133069055e+00
-5.189808325520179011e+00,-5.092565554536021999e+00
-5.200378577128180524e+00,-5.109627688776973820e+00
-5.209909964239037627e+00,-5.119248414064720976e+00
-5.220136474915507918e+00,-5.130535826513042075e+00
-5.230362388004917484e+00,-5.139365667555573225e+00
-5.240949244628303916e+00,-5.149242154578431041e+00
-5.251047747019235601e+00,-5.160051500525243640e+00
-5.260811380673667159e+00,-5.173704654948087622e+00
-5.271397068639923411e+00,-5.182164270335634981e+00
-5.281593932017869086e+00,-5.191461807447637966e+00
-5.292152363764259348e+00,-5.201437239674934432e+00
-5.302384288545088253e+00,-5.211340207858921048e+00
-5.312925782540194319e+00,-5.220349909070726824e+00
-5.323588941520594808e+00,-5.230041735014121507e+00
-5.334014210840960502e+00,-5.243125765802203908e+00
-5.344369771981965833e+00,-5.253438937188079194e+00
-5.354909406878814337e+00,-5.264194736589968393e+00
-5.363785475996306396e+00,-5.274859091946109579e+00
-5.385360914186852810e+00,-5.285849628032756264e+00
-5.386466180688691985e+00,-5.294732155812583940e+00
-5.396858113432609017e+00,-5.311133988766343350e+00
-5.407767957765369893e+00,-5.321864719885281758e+00
-5.418043139102407757e+00,-5.328126517858248867e+00
-5.428784013304509770e+00,-5.336379861172272143e+00
-5.439475927452805948e+00,-5.348537506955999277e+00
-5.447321290462796561e+00,-5.360100920897622245e+00
-5.459878020571021118e+00,-5.369806247221359463e+00
-5.472218060485492863e+00,-5.382762166531673387e+00
-5.482137303735286515e+00,-5.390057854962819306e+00
-5.493657386345393689e+00,-5.403104903361833244e+00
-5.500574698924069139e+00,-5.413953906811865835e+00
-5.514192937270219197e+00,-5.425358502792302140e+00
-5.525940276212342184e+00,-5.437251412729776412e+00
-5.536900637282701432e+00,-5.446973323057223482e+00
-5.547514555363196820e+00,-5.456399693813117402e+00
-5.558507308931567081e+00,-5.467885880927363829e+00
-5.569349522696011690e+00,-5.479264966185259489e+00
-5.580412088798555104e+00,-5.490216137548390662e+00
-5.587069440854948610e+00,-5.501360967928434320e+00
-5.602751683716761022e+00,-5.511797121360174856e+00
-5.613946964275779550e+00,-5.523469012982002546e+00
-5.625068341889604362e+00,-5.535498376713518631e+00
-5.635864216821978800e+00,-5.545960343695990780e+00
-5.647344959717251811e+00,-5.557304933117608314e+00
-5.658300399776373446e+00,-5.568616371750066740e+00
-5.629048201099904780e+00,-5.580160674282886646e+00
-5.681904289111378681e+00,-5.590537322740236625e+00
-5.691718947334167389e+00,-5.602871314670062830e+00
-5.703137437615859007e+00,-5.613659177321484783e+00
-5.714789969009610004e+00,-5.624877087133640430e+00
-5.725801331012696949e+00,-5.636757476514240750e+00
-5.737529695379475214e+00,-5.650469802691980625e+00
-5.748129287424746714e+00,-5.658925322884041265e+00
-5.759579377329260730e+00,-5.670372826239546526e+00
-5.771016710279371686e+00,-5.681272121044814938e+00
-5.781803234157133708e+00,-5.694845392933257422e+00
-5.794090690621560569e+00,-5.704434149145900079e+00
-5.805879903793462304e+00,-5.706597833315700363e+00
-5.816946639498976168e+00,-5.726696569831810635e+00
-5.828627343447719156e+00,-5.738431172842343386e+00
-5.839997043685954736e+00,-5.748191514797639456e+00
-5.851755550332010003e+00,-5.762263485141778219e+00
-5.862273139984075065e+00,-5.775509122190745082e+00
-5.874832557621481044e+00,-5.790033586079750272e+00
-5.886742027593555804e+00,-5.797271300536806393e+00
-5.898074928716323662e+00,-5.811986467442475046e+00
-5.910184833384025893e+00,-5.821390231863553311e+00
-5.921496679938811347e+00,-5.833179756853323461e+00
-5.933434570488088866e+00,-5.843615495911466340e+00
-5.945291341999730861e+00,-5.855427961395334613e+00
-5.956658765832675506e+00,-5.868073503314247930e+00
-5.969977180294098851e+00,-5.877697237515358886e+00
-5.980219120641589114e+00,-5.890691741945860649e+00
-5.989797632985234266e+00,-5.902664086592346315e+00
-6.004345254382046804e+00,-5.914685621971139007e+00
-6.016636706289746783e+00,-5.926191956322951704e+00
-6.028204976799288239e+00,-5.968079395201772108e+00
-6.040555694530382880e+00,-5.950399919165470841e+00
-6.052419542065361924e+00,-5.964369960603061571e+00
