-2.412260494833934565e+00,-8.177817827381794746e-01
-2.408256490829931096e+00,-8.137777787341755609e-01
-2.404049150551045066e+00,-8.095649470579842077e-01
-2.399842010038451434e+00,-8.053523233223967015e-01
-2.395635068998991812e+00,-8.011399072180669378e-01
-2.391428327140062038e+00,-7.969276984362447802e-01
-2.387221784169772043e+00,-7.927156966689354878e-01
-2.383015439796501767e+00,-7.885039016084454122e-01
-2.378809293729353236e+00,-7.842923129478480693e-01
-2.374603345678018229e+00,-7.800809303808471373e-01
-2.370397595352715214e+00,-7.758697536017102880e-01
-2.366192042464374090e+00,-7.716587823054610329e-01
-2.361986686724226736e+00,-7.674480161874555062e-01
-2.357781527844189817e+00,-7.632374549437794808e-01
-2.353576565536734222e+00,-7.590270982711089243e-01
-2.349371799514886838e+00,-7.548169458667171039e-01
-2.345167229492393091e+00,-7.506069974286380120e-01
-2.340962855183253311e+00,-7.463972526551880815e-01
-2.336758676302163273e+00,-7.421877112454275949e-01
-2.332554692564377419e+00,-7.379783728990083613e-01
-2.328350903685704409e+00,-7.337692373161779358e-01
-2.324147309382635918e+00,-7.295603041979077386e-01
-2.319943909371910529e+00,-7.253515732454467457e-01
-2.315740703370989806e+00,-7.211430441608064346e-01
-2.311537691097881542e+00,-7.169347166465869226e-01
-2.307334872271115778e+00,-7.127265904059443269e-01
-2.303132246609896683e+00,-7.085186651427510807e-01
-2.298929813833706426e+00,-7.043109405611895912e-01
-2.294727573662722619e+00,-7.001034163661754572e-01
-2.290525525817645125e+00,-6.958960922631873824e-01
-2.286323670019699605e+00,-6.916889679582636230e-01
-2.282122005990814273e+00,-6.874820431581893931e-01
-2.277920533453154484e+00,-6.832753175700123638e-01
-2.273719252129564161e+00,-6.790687909015022949e-01
-2.269518161743428131e+00,-6.748624628610055964e-01
-2.265317262018647249e+00,-6.706563331574229014e-01
-2.261116552679792946e+00,-6.664504015003609450e-01
-2.256916033451715542e+00,-6.622446675997408772e-01
-2.252715704059887081e+00,-6.580391311661406561e-01
-2.248515564230330277e+00,-6.538337919107271023e-01
-2.244315613689622069e+00,-6.496286495452567866e-01
-2.240115852164962895e+00,-6.454237037821490830e-01
-2.235916279383740601e+00,-6.412189543340398590e-01
-2.231716895074137064e+00,-6.370144009143980934e-01
-2.227517698964814663e+00,-6.328100432372123496e-01
-2.223318690784855889e+00,-6.286058810169188327e-01
-2.219119870264124827e+00,-6.244019139687833064e-01
-2.214921237132593035e+00,-6.201981418081987663e-01
-2.210722791121026987e+00,-6.159945642514002007e-01
-2.206524531960673663e+00,-6.117911810151333007e-01
-2.202326459383188606e+00,-6.075879918165878468e-01
-2.198128573121007179e+00,-6.033849963737731859e-01
-2.193930872906663332e+00,-5.991821944048230097e-01
-2.189733358473482383e+00,-5.949795856287034557e-01
-2.185536029555262161e+00,-5.907771697648855902e-01
-2.181338885886203727e+00,-5.865749465332794621e-01
-2.177141927201295069e+00,-5.823729156546202379e-01
-2.172945153235576576e+00,-5.781710768497185793e-01
-2.168748563724891554e+00,-5.739694298402329142e-01
-2.164552158405602889e+00,-5.697679743483716752e-01
-2.160355937014414529e+00,-5.655667100967167737e-01
-2.156159899288798698e+00,-5.613656368086596959e-01
-2.151964044966323542e+00,-5.571647542077091675e-01
-2.147768373785337026e+00,-5.529640620181968114e-01
-2.143572885484671176e+00,-5.487635599649702822e-01
-2.139377579803507068e+00,-5.445632477732584853e-01
-2.135182456481814484e+00,-5.403631251691163317e-01
-2.130987515259640475e+00,-5.361631918787013173e-01
-2.126792755877794150e+00,-5.319634476289729630e-01
-2.122598178077563347e+00,-5.277638921474012701e-01
-2.118403781600608049e+00,-5.235645251618599172e-01
-2.114209566189331646e+00,-5.193653464010046239e-01
-2.110015531586213910e+00,-5.151663555935901417e-01
-2.105821677534525982e+00,-5.109675524692016690e-01
-2.101628003777979536e+00,-5.067689367579004678e-01
-2.097434510060685042e+00,-5.025705081901732374e-01
-2.093241196127403114e+00,-4.983722664971939054e-01
-2.089048061723073779e+00,-4.941742114103433448e-01
-2.084855106593420437e+00,-4.899763426618235496e-01
-2.080662330484503109e+00,-4.857786599842026654e-01
-2.076469733142841001e+00,-4.815811631105377799e-01
-2.072277314315576824e+00,-4.773838517745494503e-01
-2.068085073750085989e+00,-4.731867257102109203e-01
-2.063893011194381621e+00,-4.689897846521746683e-01
-2.059701126397046167e+00,-4.647930283356942471e-01
-2.055509419106908986e+00,-4.605964564962945484e-01
-2.051317889073360767e+00,-4.564000688700990960e-01
-2.047126536046260270e+00,-4.522038651937285714e-01
-2.042935359775957416e+00,-4.480078452043272375e-01
-2.038744360013403423e+00,-4.438120086396766251e-01
-2.034553536509721816e+00,-4.396163552377525541e-01
-2.030362889016664951e+00,-4.354208847371952018e-01
-2.026172417286423055e+00,-4.312255968771154802e-01
-2.021982121071667748e+00,-4.270304913971323391e-01
-2.017792000125684382e+00,-4.228355680375186498e-01
-2.013602054201908409e+00,-4.186408265387158156e-01
-2.009412283054401449e+00,-4.144462666418295971e-01
-2.005222686437662105e+00,-4.102518880884311603e-01
-2.001033264106660603e+00,-4.060576906205934922e-01
-1.996844015816978457e+00,-4.018636739810366176e-01
-1.992654941324347062e+00,-3.976698379126528682e-01
-1.988466040385093114e+00,-3.934761821589638497e-01
-1.984277312756007605e+00,-3.892827064639845513e-01
-1.980088758194361587e+00,-3.850894105722428851e-01
-1.975900376457957242e+00,-3.808962942288280917e-01
-1.971712167304790819e+00,-3.767033571790474600e-01
-1.967524130493480738e+00,-3.725105991688661966e-01
-1.963336265783084178e+00,-3.683180199447153580e-01
-1.959148572933066879e+00,-3.641256192534640945e-01
-1.954961051703491881e+00,-3.599333968426137176e-01
-1.950773701854627395e+00,-3.557413524598926902e-01
-1.946586523147297632e+00,-3.515494858536178935e-01
-1.942399515342759786e+00,-3.473577967725682836e-01
-1.938212678202740902e+00,-3.431662849660230830e-01
-1.934026011489508035e+00,-3.389749501838330570e-01
-1.929839514965541403e+00,-3.347837921760852264e-01
-1.925653188393884774e+00,-3.305928106934623578e-01
-1.921467031537956283e+00,-3.264020054870491183e-01
-1.917281044161720294e+00,-3.222113763085079352e-01
-1.913095226029620788e+00,-3.180209229100110502e-01
-1.908909576906324679e+00,-3.138306450439765083e-01
-1.904724096557057100e+00,-3.096405424634125492e-01
-1.900538784747412668e+00,-3.054506149217233180e-01
-1.896353641243526011e+00,-3.012608621728856129e-01
-1.892168665812008710e+00,-2.970712839713802733e-01
-1.887983858219687727e+00,-2.928818800719297233e-01
-1.883799218233945139e+00,-2.886926502298390318e-01
-1.879614745622526284e+00,-2.845035942008065089e-01
-1.875430440153713851e+00,-2.803147117410966782e-01
-1.871246301596271477e+00,-2.761260026074845442e-01
-1.867062329719137770e+00,-2.719374665569429528e-01
-1.862878524291813109e+00,-2.677491033470358328e-01
-1.858694885084236637e+00,-2.635609127357951831e-01
-1.854511411866771597e+00,-2.593728944817057513e-01
-1.850328104410272401e+00,-2.551850483437707595e-01
-1.846144962485818164e+00,-2.509973740812416754e-01
-1.841961985865041340e+00,-2.468098714539548322e-01
-1.837779174319944753e+00,-2.426225402221418026e-01
-1.833596527623001959e+00,-2.384353801465350919e-01
-1.829414045547161249e+00,-2.342483909883685822e-01
-1.825231727865589404e+00,-2.300615725091179620e-01
-1.821049574352014977e+00,-2.258749244708526671e-01
-1.816867584780480938e+00,-2.216884466359785311e-01
-1.812685758925561386e+00,-2.175021387674642703e-01
-1.808504096562311814e+00,-2.133160006287873056e-01
-1.804322597465898292e+00,-2.091300319835569521e-01
-1.800141261412110394e+00,-2.049442325960353362e-01
-1.795960088177110725e+00,-2.007586022308853746e-01
-1.791779077537484666e+00,-1.965731406532185144e-01
-1.787598229270294103e+00,-1.923878476286513539e-01
-1.783417543152812312e+00,-1.882027229230338605e-01
-1.779237018962811723e+00,-1.840177663027438015e-01
-1.775056656478593231e+00,-1.798329775347146109e-01
-1.770876455478677114e+00,-1.756483563861239716e-01
-1.766696415742068593e+00,-1.714639026246610465e-01
-1.762516537048204546e+00,-1.672796160184724101e-01
-1.758336819176818056e+00,-1.630954963360266019e-01
-1.754157261908217302e+00,-1.589115433463954563e-01
-1.749977865022916523e+00,-1.547277568188785146e-01
-1.745798628301970856e+00,-1.505441365233468609e-01
-1.741619551526748522e+00,-1.463606822300054233e-01
-1.737440634478987223e+00,-1.421773937094560347e-01
-1.733261876941005974e+00,-1.379942707329109286e-01
-1.729083278695288106e+00,-1.338113130717667465e-01
-1.724904839524866729e+00,-1.296285204979993333e-01
-1.720726559213082707e+00,-1.254458927839144922e-01
-1.716548437543642391e+00,-1.212634297022092689e-01
-1.712370474300828116e+00,-1.170811310261864469e-01
-1.708192669269082975e+00,-1.128989965293284436e-01
-1.704015022233396293e+00,-1.087170259856927723e-01
-1.699837532979058929e+00,-1.045352191696612421e-01
-1.695660201291723679e+00,-1.003535758560029079e-01
-1.691483026957614433e+00,-9.617209582008656721e-02
-1.687306009763113179e+00,-9.199077883745832018e-02
-1.683129149495141474e+00,-8.780962468423203493e-02
-1.678952445940918858e+00,-8.362863313684265609e-02
-1.674775898888023695e+00,-7.944780397210771117e-02
-1.670599508124612553e+00,-7.526713696745246374e-02
-1.666423273438957464e+00,-7.108663190043529312e-02
-1.662247194619879798e+00,-6.690628854919178359e-02
-1.658071271456569518e+00,-6.272610669225187063e-02
-1.653895503738457284e+00,-5.854608610840605909e-02
-1.649719891255598592e+00,-5.436622657709910822e-02
-1.645544433798231898e+00,-5.018652787797939219e-02
-1.641369131156941608e+00,-4.600698979106410125e-02
-1.637193983122861018e+00,-4.182761209694696447e-02
-1.633018989487367678e+00,-3.764839457648805343e-02
-1.628844150042318750e+00,-3.346933701105214709e-02
-1.624669464579849398e+00,-2.929043918230334054e-02
-1.620494932892412310e+00,-2.511170087224745551e-02
-1.616320554772992635e+00,-2.093312186344864489e-02
-1.612146330014867734e+00,-1.675470193878547676e-02
-1.607972258411726196e+00,-1.257644088157239270e-02
-1.603798339757530167e+00,-8.398338475418265503e-03
-1.599624573846619269e+00,-4.220394504333535579e-03
-1.595450960473822954e+00,-4.260875284445297950e-05
-1.591277499434233134e+00,4.135018994238848222e-03
-1.587104190523363156e+00,8.312488951661922698e-03
-1.582931033537056775e+00,1.248980133381605295e-02
-1.578758028271490366e+00,1.666695635473780523e-02
-1.574585174523229769e+00,2.084395422805118692e-02
-1.570412472089242284e+00,2.502079516695365768e-02
-1.566239920766896665e+00,2.919747938421946021e-02
-1.562067520353786376e+00,3.337400709237581253e-02
-1.557895270647930319e+00,3.755037850350295692e-02
-1.553723171447660034e+00,4.172659382934473804e-02
-1.549551222551768026e+00,4.590265328115994414e-02
-1.545379423759455362e+00,5.007855706977504262e-02
-1.541207774870046565e+00,5.425430540587539152e-02
-1.537036275683359543e+00,5.842989849962776372e-02
-1.532864925999536387e+00,6.260533656085354171e-02
-1.528693725619135746e+00,6.678061979893201716e-02
-1.524522674343134598e+00,7.095574842280227834e-02
-1.520351771972630717e+00,7.513072264126485766e-02
-1.516181018309209927e+00,7.930554266260680940e-02
-1.512010413154778687e+00,8.348020869477412731e-02
-1.507839956311656016e+00,8.765472094527482216e-02
-1.503669647582574820e+00,9.182907962118125322e-02
-1.499499486770387024e+00,9.600328492942999947e-02
-1.495329473678426391e+00,1.001773370764500459e-01
-1.491159608110344204e+00,1.043512362683320926e-01
-1.486989889870201642e+00,1.085249827107340748e-01
-1.482820318762467560e+00,1.126985766088822727e-01
-1.478650894591728049e+00,1.168720181678707393e-01
-1.474481617163046598e+00,1.210453075922897082e-01
-1.470312486281812658e+00,1.252184450863839116e-01
-1.466143501753785161e+00,1.293914308540056179e-01
-1.461974663385150697e+00,1.335642650985560120e-01
-1.457805970982234411e+00,1.377369480232814025e-01
-1.453637424351786889e+00,1.419094798309796790e-01
-1.449469023300941073e+00,1.460818607240438327e-01
-1.445300767637133665e+00,1.502540909045422257e-01
-1.441132657168226805e+00,1.544261705740948010e-01
-1.436964691702278918e+00,1.585980999341085607e-01
-1.432796871047732123e+00,1.627698791855837213e-01
-1.428629195013358499e+00,1.669415085291693357e-01
-1.424461663408329803e+00,1.711129881650934603e-01
-1.420294276042211701e+00,1.752843182931670407e-01
-1.416127032724691537e+00,1.794554991130639099e-01
-1.411959933265873657e+00,1.836265308240182526e-01
-1.407792977476248764e+00,1.877974136248562465e-01
-1.403626165166630413e+00,1.919681477140604553e-01
-1.399459496148210524e+00,1.961387332897129854e-01
-1.395292970232384411e+00,2.003091705496756747e-01
-1.391126587230923084e+00,2.044794596914123463e-01
-1.386960346955921741e+00,2.086496009120435424e-01
-1.382794249219878369e+00,2.128195944082643676e-01
-1.378628293835640894e+00,2.169894403763985569e-01
-1.374462480616186033e+00,2.211591390126257384e-01
-1.370296809374971003e+00,2.253286905126217210e-01
-1.366131279925724362e+00,2.294980950717717683e-01
-1.361965892082537932e+00,2.336673528850765624e-01
-1.357800645659911210e+00,2.378364641471080176e-01
-1.353635540472480026e+00,2.420054290522848373e-01
-1.349470576335249694e+00,2.461742477946358143e-01
-1.345305753063612775e+00,2.503429205677818459e-01
-1.341141070473274466e+00,2.545114475650107622e-01
-1.336976528380306783e+00,2.586798289792227035e-01
-1.332812126600976255e+00,2.628480650031065347e-01
-1.328647864951913560e+00,2.670161558289663173e-01
-1.324483743250086443e+00,2.711841016487487321e-01
-1.320319761312772178e+00,2.753519026540727221e-01
-1.316155918957669479e+00,2.795195590361120308e-01
-1.311992216002622280e+00,2.836870709858814177e-01
-1.307828652265846214e+00,2.878544386940018462e-01
-1.303665227565890428e+00,2.920216623507416731e-01
-1.299501941721630471e+00,2.961887421460230874e-01
-1.295338794552279849e+00,3.003556782694112304e-01
-1.291175785877305637e+00,3.045224709101981286e-01
-1.287012915516508427e+00,3.086891202573245341e-01
-1.282850183289930390e+00,3.128556264994712954e-01
-1.278687589018074666e+00,3.170219898248349821e-01
-1.274525132521700632e+00,3.211882104213392708e-01
-1.270362813621807474e+00,3.253542884766504883e-01
-1.266200632139757642e+00,3.295202241780512686e-01
-1.262038587897141850e+00,3.336860177125792193e-01
-1.257876680716019324e+00,3.378516692667802301e-01
-1.253714910418667339e+00,3.420171790269667111e-01
-1.249553276827622961e+00,3.461825471791727393e-01
-1.245391779765806506e+00,3.503477739090284926e-01
-1.241230419056328804e+00,3.545128594019582025e-01
-1.237069194522777194e+00,3.586778038428874993e-01
-1.232908105988951730e+00,3.628426074165105319e-01
-1.228747153278901605e+00,3.670072703072586595e-01
-1.224586336217099225e+00,3.711717926991157102e-01
-1.220425654628147116e+00,3.753361747759224043e-01
-1.216265108337109213e+00,3.795004167210364043e-01
-1.212104697169365197e+00,3.836645187174801963e-01
-1.207944420950443964e+00,3.878284809481120643e-01
-1.203784279506263877e+00,3.919923035953815083e-01
-1.199624272662983548e+00,3.961559868414801233e-01
-1.195464400247185477e+00,4.003195308681553044e-01
-1.191304662085671984e+00,4.044829358569180799e-01
-1.187145058005496745e+00,4.086462019890103603e-01
-1.182985587834086916e+00,4.128093294452825912e-01
-1.178826251399049285e+00,4.169723184063885979e-01
-1.174667048528457824e+00,4.211351690524948177e-01
-1.170507979050602332e+00,4.252978815635343190e-01
-1.166349042793975999e+00,4.294604561192219006e-01
-1.162190239587498564e+00,4.336228928988248299e-01
-1.158031569260278948e+00,4.377851920814059827e-01
-1.153873031641797775e+00,4.419473538456372141e-01
-1.149714626561805231e+00,4.461093783699033866e-01
-1.145556353850310183e+00,4.502712658323140271e-01
-1.141398213337652123e+00,4.544330164106291647e-01
-1.137240204854369496e+00,4.585946302823955545e-01
-1.133082328231413749e+00,4.627561076247262983e-01
-1.128924583300002560e+00,4.669174486144500591e-01
-1.124766969891565882e+00,4.710786534281696802e-01
-1.120609487837858742e+00,4.752397222421437251e-01
-1.116452136970890185e+00,4.794006552323598624e-01
-1.112294917123033633e+00,4.835614525744234005e-01
-1.108137828126937174e+00,4.877221144436477696e-01
-1.103980869815456733e+00,4.918826410151224682e-01
-1.099824042021772863e+00,4.960430324635952681e-01
-1.095667344579315028e+00,5.002032889635481538e-01
-1.091510777321886172e+00,5.043634106890716451e-01
-1.087354340083526827e+00,5.085233978140017985e-01
-1.083198032698493796e+00,5.126832505119429673e-01
-1.079041855001432904e+00,5.168429689560913864e-01
-1.074885806827135637e+00,5.210025533194847513e-01
-1.070729888010806707e+00,5.251620037747262160e-01
-1.066574098387921277e+00,5.293213204941331629e-01
-1.062418437794111270e+00,5.334805036498520003e-01
-1.058262906065394082e+00,5.376395534136243493e-01
-1.054107503037974736e+00,5.417984699569898810e-01
-1.049952228548480582e+00,5.459572534510457320e-01
-1.045797082433704173e+00,5.501159040667107369e-01
-1.041642064530705847e+00,5.542744219746189582e-01
-1.037487174676882118e+00,5.584328073450505192e-01
-1.033332412709793147e+00,5.625910603481085737e-01
-1.029177778467439630e+00,5.667491811534346446e-01
-1.025023271788007007e+00,5.709071699304721914e-01
-1.020868892509901871e+00,5.750650268484277516e-01
-1.016714640471908515e+00,5.792227520761125126e-01
-1.012560515512949566e+00,5.833803457821854499e-01
-1.008406517472362429e+00,5.875378081348713311e-01
-1.004252646189711662e+00,5.916951393021525618e-01
-1.000098901504735904e+00,5.958523394518241423e-01
-9.959452832575699244e-01,6.000094087512664043e-01
-9.917917912885068077e-01,6.041663473676868179e-01
-9.876384254382186700e-01,6.083231554678958375e-01
-9.834851855476010041e-01,6.124798332184659966e-01
-9.793320714577655739e-01,6.166363807857385693e-01
-9.751790830101623175e-01,6.207927983356996693e-01
-9.710262200463952720e-01,6.249490860341669896e-01
-9.668734824084914692e-01,6.291052440465174644e-01
-9.627208699387066471e-01,6.332612725378832241e-01
-9.585683824794133390e-01,6.374171716732680570e-01
-9.544160198734166212e-01,6.415729416172233357e-01
-9.502637819636750027e-01,6.457285825341344543e-01
-9.461116685934765069e-01,6.498840945880390851e-01
-9.419596796063929300e-01,6.540394779426771388e-01
-9.378078148461630459e-01,6.581947327616065602e-01
-9.336560741568682431e-01,6.623498592080256930e-01
-9.295044573827413448e-01,6.665048574449696783e-01
-9.253529643684397232e-01,6.706597276350285686e-01
-9.212015949588023833e-01,6.748144699405981273e-01
-9.170503489988461876e-01,6.789690845238828265e-01
-9.128992263339801294e-01,6.831235715466760228e-01
-9.087482268097308857e-01,6.872779311706432859e-01
-9.045973502720123793e-01,6.914321635570421787e-01
-9.004465965669605776e-01,6.955862688668961180e-01
-8.962959655409381554e-01,6.997402472609861590e-01
-8.921454570405897844e-01,7.038940988997964832e-01
-8.879950709126720465e-01,7.080478239436877042e-01
-8.838448070044380156e-01,7.122014225525025166e-01
-8.796946651633168468e-01,7.163548948858954324e-01
-8.755446452368889076e-01,7.205082411033567613e-01
-8.713947470730682987e-01,7.246614613640265379e-01
-8.672449705199316572e-01,7.288145558268693813e-01
-8.630953154259646265e-01,7.329675246504229191e-01
-8.589457816398347045e-01,7.371203679930294905e-01
-8.547963690104138923e-01,7.412730860128132759e-01
-8.506470773868504143e-01,7.454256788676069112e-01
-8.464979066184967760e-01,7.495781467150257615e-01
-8.423488565550991680e-01,7.537304897122734104e-01
-8.381999270465196883e-01,7.578827080164250996e-01
-8.340511179429090927e-01,7.620348017842537569e-01
-8.299024290946908078e-01,7.661867711722433194e-01
-8.257538603524035015e-01,7.703386163367509365e-01
-8.216054115670430313e-01,7.744903374336586932e-01
-8.174570825897280457e-01,7.786419346187130053e-01
-8.133088732718414260e-01,7.827934080473816225e-01
-8.091607834650058617e-01,7.869447578748792749e-01
-8.050128130210096877e-01,7.910959842562415023e-01
-8.008649617920939878e-01,7.952470873460321110e-01
-7.967172296305695678e-01,7.993980672987360814e-01
-7.925696163890390000e-01,8.035489242685301958e-01
-7.884221219203848552e-01,8.076996584092970277e-01
-7.842747460775696400e-01,8.118502698748287782e-01
-7.801274887140250414e-01,8.160007588184288174e-01
-7.759803496833248548e-01,8.201511253932466383e-01
-7.718333288392591474e-01,8.243013697522031391e-01
-7.676864260358817749e-01,8.284514920479396638e-01
-7.635396411274484318e-01,8.326014924328835054e-01
-7.593929739685465474e-01,8.367513710591137910e-01
-7.552464244138887839e-01,8.409011280785729792e-01
-7.510999923185208704e-01,8.450507636428558067e-01
-7.469536775376557358e-01,8.492002779033760440e-01
-7.428074799268029604e-01,8.533496710112367101e-01
-7.386613993416644153e-01,8.574989431173356547e-01
-7.345154356381706773e-01,8.616480943723281438e-01
-7.303695886725816155e-01,8.657971249265254965e-01
-7.262238583012285975e-01,8.699460349301560980e-01
-7.220782443808204665e-01,8.740948245330555366e-01
-7.179327467682876662e-01,8.782434938848237005e-01
-7.137873653206929792e-01,8.823920431349174809e-01
-7.096420998954247050e-01,8.865404724324518204e-01
-7.054969503500683192e-01,8.906887819263334949e-01
-7.013519165424149104e-01,8.948369717652490118e-01
-6.972069983306214969e-01,8.989850420975036283e-01
-6.930621955728921701e-01,9.031329930713467569e-01
-6.889175081277543189e-01,9.072808248346883042e-01
-6.847729358540117772e-01,9.114285375351474094e-01
-6.806284786105696316e-01,9.155761313202323004e-01
-6.764841362566962335e-01,9.197236063370720638e-01
-6.723399086517864998e-01,9.238709627326567864e-01
-6.681957956555568678e-01,9.280182006536410455e-01
-6.640517971278951936e-01,9.321653202464960097e-01
-6.599079129288700774e-01,9.363123216575003349e-01
-6.557641429188900695e-01,9.404592050325766284e-01
-6.516204869585100479e-01,9.446059705174900678e-01
-6.474769449085204798e-01,9.487526182577576961e-01
-6.433335166300044872e-01,9.528991483985883582e-01
-6.391902019841630977e-01,9.570455610850640005e-01
-6.350470008324711202e-01,9.611918564619772454e-01
-6.309039130366531634e-01,9.653380346738588136e-01
-6.267609384586640964e-01,9.694840958649955098e-01
-6.226180769606488585e-01,9.736300401794723003e-01
-6.184753284049275823e-01,9.777758677611868565e-01
-6.143326926541561317e-01,9.819215787536867968e-01
-6.101901695711322571e-01,9.860671733003663064e-01
-6.060477590189046193e-01,9.902126515443553378e-01
-6.019054608607286028e-01,9.943580136285650184e-01
-5.977632749600751971e-01,9.985032596956784356e-01
-5.936212011806856204e-01,1.002648389888094682e+00
-5.894792393864420887e-01,1.006793404348061527e+00
-5.853373894415563328e-01,1.010938303217481238e+00
-5.811956512103233496e-01,1.015083086638164600e+00
-5.770540245573110294e-01,1.019227754751635073e+00
-5.729125093474181085e-01,1.023372307699070838e+00
-5.687711054455786286e-01,1.027516745621605665e+00
-5.646298127170557013e-01,1.031661068660030933e+00
-5.604886310272938488e-01,1.035805276954943288e+00
-5.563475602419478694e-01,1.039949370646718219e+00
-5.522066002269399032e-01,1.044093349875450549e+00
-5.480657508483481877e-01,1.048237214781067017e+00
-5.439250119724949872e-01,1.052380965503238563e+00
-5.397843834659032947e-01,1.056524602181422523e+00
-5.356438651953039365e-01,1.060668124954857738e+00
-5.315034570276926384e-01,1.064811533962504164e+00
-5.273631588301992412e-01,1.068954829343176538e+00
-5.232229704702759943e-01,1.073098011235354976e+00
-5.190828918154730687e-01,1.077241079777409682e+00
-5.149429227335462489e-01,1.081384035107495034e+00
-5.108030630926150284e-01,1.085526877363385712e+00
-5.066633127608695109e-01,1.089669606682777125e+00
-5.025236716067609244e-01,1.093812223203090683e+00
-4.983841394989367846e-01,1.097954727061539959e+00
-4.942447163062471116e-01,1.102097118395123809e+00
-4.901054018978034943e-01,1.106239397340567532e+00
-4.859661961428674015e-01,1.110381564034434998e+00
-4.818270989109376679e-01,1.114523618613041389e+00
-4.776881100717083051e-01,1.118665561212494275e+00
-4.735492294950736092e-01,1.122807391968690061e+00
-4.694104570511872243e-01,1.126949111017253147e+00
-4.652717926103508983e-01,1.131090718493648950e+00
-4.611332360431006361e-01,1.135232214533096418e+00
-4.569947872201671757e-01,1.139373599270609105e+00
-4.528564460124981927e-01,1.143514872840970975e+00
-4.487182122912394266e-01,1.147656035378757267e+00
-4.445800859277222461e-01,1.151797087018346488e+00
-4.404420667935498024e-01,1.155938027893831155e+00
-4.363041547604591397e-01,1.160078858139161895e+00
-4.321663497004013532e-01,1.164219577888062629e+00
-4.280286514855833335e-01,1.168360187273988826e+00
-4.238910599883565222e-01,1.172500686430241856e+00
-4.197535750813017330e-01,1.176641075489881283e+00
-4.156161966371909600e-01,1.180781354585764831e+00
-4.114789245290089159e-01,1.184921523850525515e+00
-4.073417586299348248e-01,1.189061583416591628e+00
-4.032046988133284326e-01,1.193201533416198723e+00
-3.990677449528186038e-01,1.197341373981302137e+00
-3.949308969221629884e-01,1.201481105243717762e+00
-3.907941545953481643e-01,1.205620727335021014e+00
-3.866575178465583296e-01,1.209760240386579033e+00
-3.825209865501328910e-01,1.213899644529592869e+00
-3.783845605807516499e-01,1.218038939894909634e+00
-3.742482398131337096e-01,1.222178126613329141e+00
-3.701120241222191076e-01,1.226317204815419393e+00
-3.659759133832418687e-01,1.230456174631440192e+00
-3.618399074715121788e-01,1.234595036191568518e+00
-3.577040062626972716e-01,1.238733789625608317e+00
-3.535682096325023505e-01,1.242872435063318903e+00
-3.494325174568511105e-01,1.247010972634229109e+00
-3.452969296119594578e-01,1.251149402467563565e+00
-3.411614459741181271e-01,1.255287724692462970e+00
-3.370260664199717926e-01,1.259425939437700315e+00
-3.328907908262019877e-01,1.263564046832004406e+00
-3.287556190696889757e-01,1.267702047003893995e+00
-3.246205510276560791e-01,1.271839940081531228e+00
-3.204855865774034474e-01,1.275977726192993433e+00
-3.163507255964150833e-01,1.280115405466162759e+00
-3.122159679623925932e-01,1.284252978028693093e+00
-3.080813135532560754e-01,1.288390444008009172e+00
-3.039467622471179187e-01,1.292527803531332342e+00
-2.998123139222568234e-01,1.296665056725706533e+00
-2.956779684571171352e-01,1.300802203718002259e+00
-2.915437257303572505e-01,1.304939244634863549e+00
-2.874095856208520594e-01,1.309076179602706391e+00
-2.832755480076867283e-01,1.313213008747726729e+00
-2.791416127700347971e-01,1.317349732196023693e+00
-2.750077797873275998e-01,1.321486350073426186e+00
-2.708740489392105211e-01,1.325622862505538180e+00
-2.667404201054657253e-01,1.329759269617817763e+00
-2.626068931660845429e-01,1.333895571535503644e+00
-2.584734680012403807e-01,1.338031768383641351e+00
-2.543401444912853915e-01,1.342167860287087677e+00
-2.502069225167844468e-01,1.346303847370476259e+00
-2.460738019585146930e-01,1.350439729758217355e+00
-2.419407826973636322e-01,1.354575507574602877e+00
-2.378078646143997332e-01,1.358711180943732444e+00
-2.336750475909641356e-01,1.362846749989422346e+00
-2.295423315085509675e-01,1.366982214835325227e+00
-2.254097162488075679e-01,1.371117575604932082e+00
-2.212772016935862229e-01,1.375252832421517635e+00
-2.171447877249172986e-01,1.379387985408168982e+00
-2.130124742250065761e-01,1.383523034687787590e+00
-2.088802610762889866e-01,1.387657980383035561e+00
-2.047481481613295795e-01,1.391792822616434666e+00
-2.006161353628981292e-01,1.395927561510292625e+00
-1.964842225639399365e-01,1.400062197186731527e+00
-1.923524096475726086e-01,1.404196729767690943e+00
-1.882206964971470109e-01,1.408331159374867081e+00
-1.840890829961374653e-01,1.412465486129822700e+00
-1.799575690282336771e-01,1.416599710153895852e+00
-1.758261544772381502e-01,1.420733831568303129e+00
-1.716948392272273916e-01,1.424867850493974686e+00
-1.675636231624357819e-01,1.429001767051673699e+00
-1.634325061672394774e-01,1.433135581362013022e+00
-1.593014881262084792e-01,1.437269293545401228e+00
-1.551705689240989727e-01,1.441402903722050599e+00
-1.510397484458461115e-01,1.445536412011985572e+00
-1.469090265765405912e-01,1.449669818535064714e+00
-1.427784032015074756e-01,1.453803123410902121e+00
-1.386478782062077197e-01,1.457936326758966894e+00
-1.345174514762302875e-01,1.462069428698591800e+00
-1.303871228974344820e-01,1.466202429348827829e+00
-1.262568923558344824e-01,1.470335328828561217e+00
-1.221267597375828018e-01,1.474468127256531869e+00
-1.179967249290229114e-01,1.478600824751278520e+00
-1.138667878166800262e-01,1.482733421431148724e+00
-1.097369482872546653e-01,1.486865917414304850e+00
-1.056072062276012247e-01,1.490998312818746729e+00
-1.014775615248030283e-01,1.495130607762234831e+00
-9.734801406607751506e-02,1.499262802362386182e+00
-9.321856373876624691e-02,1.503394896736686359e+00
-8.908921043047723920e-02,1.507526891002342273e+00
-8.495995402897005278e-02,1.511658785276400740e+00
-8.083079442214013977e-02,1.515790579675764249e+00
-7.670173149807002488e-02,1.519922274317138333e+00
-7.257276514503874232e-02,1.524053869317022469e+00
-6.844389525144256581e-02,1.528185364791790457e+00
-6.431512170586439758e-02,1.532316760857620030e+00
-6.018644439715048478e-02,1.536448057630414699e+00
-5.605786321420413998e-02,1.540579255226013800e+00
-5.192937804614139452e-02,1.544710353760033961e+00
-4.780098878224836589e-02,1.548841353347912397e+00
-4.367269531196060761e-02,1.552972254104928229e+00
-3.954449752493816028e-02,1.557103056146126319e+00
-3.541639531095142068e-02,1.561233759586432290e+00
-3.128838855998172797e-02,1.565364364540551945e+00
-2.716047716210645557e-02,1.569494871123086721e+00
-2.303266100766021562e-02,1.573625279448370495e+00
-1.890493998714470880e-02,1.577755589630560618e+00
-1.477731399111703592e-02,1.581885801783752488e+00
-1.064978291043428005e-02,1.586015916021730199e+00
-6.522346636047560153e-03,1.590145932458175260e+00
-2.395005059072641274e-03,1.594275851206597316e+00
1.732241929153777171e-03,1.598405672380273757e+00
5.859394437187415150e-03,1.602535396092366726e+00
9.986452573376380926e-03,1.606665022455821878e+00
1.411341644595798250e-02,1.610794551583465628e+00
1.824028616298856154e-02,1.614923983587934320e+00
2.236706183226855327e-02,1.619053318581598067e+00
2.649374356152844889e-02,1.623182556676749710e+00
3.062033145836573489e-02,1.627311697985541539e+00
3.474682563010533798e-02,1.631440742619842066e+00
3.887322618398303398e-02,1.635569690691422773e+00
4.299953322707161796e-02,1.639698542311884610e+00
4.712574686622972298e-02,1.643827297592603820e+00
5.125186720820318342e-02,1.647955956644836739e+00
5.537789435955731143e-02,1.652084519579649413e+00
5.950382842669721395e-02,1.656212986507939799e+00
6.362966951586657149e-02,1.660341357540435769e+00
6.775541773315063576e-02,1.664469632787697773e+00
7.188107318446956828e-02,1.668597812360112176e+00
7.600663597561807538e-02,1.672725896367933895e+00
8.013210621212485396e-02,1.676853884921138960e+00
8.425748399944810174e-02,1.680981778129627902e+00
8.838276944292466908e-02,1.685109576103170914e+00
9.250796264760330345e-02,1.689237278951239762e+00
9.663306371849778031e-02,1.693364886783264689e+00
1.007580727604289184e-01,1.697492399708474986e+00
1.048829898779697345e-01,1.701619817835840820e+00
1.090078151756270763e-01,1.705747141274259970e+00
1.131325487577641287e-01,1.709874370132478782e+00
1.172571907285497872e-01,1.714001504519039765e+00
1.213817411919795308e-01,1.718128544542303793e+00
1.255062002518917419e-01,1.722255490310466097e+00
1.296305680119885784e-01,1.726382341931577358e+00
1.337548445758478532e-01,1.730509099513556803e+00
1.378790300468544228e-01,1.734635763164122269e+00
1.420031245282041832e-01,1.738762332990792192e+00
1.461271281229896690e-01,1.742888809100976433e+00
1.502510409341338837e-01,1.747015191601904771e+00
1.543748630644186104e-01,1.751141480600659106e+00
1.584985946164173543e-01,1.755267676204103733e+00
1.626222356926037005e-01,1.759393778518995921e+00
1.667457863952972463e-01,1.763519787651930182e+00
1.708692468265946562e-01,1.767645703709269656e+00
1.749926170885431898e-01,1.771771526797321306e+00
1.791158972829823837e-01,1.775897257022175602e+00
1.832390875115653683e-01,1.780022894489726948e+00
1.873621878758447989e-01,1.784148439305764278e+00
1.914851984772054649e-01,1.788273891575898222e+00
1.956081194168786119e-01,1.792399251405578875e+00
1.997309507959589281e-01,1.796524518900112000e+00
2.038536927153569156e-01,1.800649694164610848e+00
2.079763452758305320e-01,1.804774777304027467e+00
2.120989085780071726e-01,1.808899768423176013e+00
2.162213827223788964e-01,1.813024667626728093e+00
2.203437678093033147e-01,1.817149475019212757e+00
2.244660639389370882e-01,1.821274190704950113e+00
2.285882712112515813e-01,1.825398814788065094e+00
2.327103897261227905e-01,1.829523347372581599e+00
2.368324195833635404e-01,1.833647788562453806e+00
2.409543608825139849e-01,1.837772138461353011e+00
2.450762137229314241e-01,1.841896397172759325e+00
2.491979782039648317e-01,1.846020564800138875e+00
2.533196544247457993e-01,1.850144641446732408e+00
2.574412424842056346e-01,1.854268627215571064e+00
2.615627424812306812e-01,1.858392522209634690e+00
2.656841545145085526e-01,1.862516326531697075e+00
2.698054786825447859e-01,1.866640040284340385e+00
2.739267150837523257e-01,1.870763663570047752e+00
2.780478638163784710e-01,1.874887196491129560e+00
2.821689249785235276e-01,1.879010639149740314e+00
2.862898986681602365e-01,1.883133991647900407e+00
2.904107849830795951e-01,1.887257254087440161e+00
2.945315840209123959e-01,1.891380426570021589e+00
2.986522958792126037e-01,1.895503509197223879e+00
3.027729206553870234e-01,1.899626502070471457e+00
3.068934584466309068e-01,1.903749405290968033e+00
3.110139093500275953e-01,1.907872218959799193e+00
3.151342734624853481e-01,1.911994943177866224e+00
3.192545508808351529e-01,1.916117578045988257e+00
3.233747417017812098e-01,1.920240123664849863e+00
3.274948460217472213e-01,1.924362580134845180e+00
3.316148639371339080e-01,1.928484947556339701e+00
3.357347955441662979e-01,1.932607226029515735e+00
3.398546409389263112e-01,1.936729415654405040e+00
3.439744002173524273e-01,1.940851516530888610e+00
3.480940734752588916e-01,1.944973528758715986e+00
3.522136608082834242e-01,1.949095452437451970e+00
3.563331623118895508e-01,1.953217287666479729e+00
3.604525780815364122e-01,1.957339034545172884e+00
3.645719082124545540e-01,1.961460693172668135e+00
3.686911527996674098e-01,1.965582263647885464e+00
3.728103119381584452e-01,1.969703746069700667e+00
3.769293857227391520e-01,1.973825140536809020e+00
3.810483742480809677e-01,1.977946447147758580e+00
3.851672776087140537e-01,1.982067666000949080e+00
3.892860958990298492e-01,1.986188797194634592e+00
3.934048292132969471e-01,1.990309840826938625e+00
3.975234776455952579e-01,1.994430796995788624e+00
4.016420412899175951e-01,1.998551665799018773e+00
4.057605202401167177e-01,2.002672447334315819e+00
4.098789145898570907e-01,2.006793141699169780e+00
4.139972244327149165e-01,2.010913748990976302e+00
4.181154498621136306e-01,2.015034269306972270e+00
4.222335909713228475e-01,2.019154702744232033e+00
4.263516478535407384e-01,2.023275049399752668e+00
4.304696206017452065e-01,2.027395309370302101e+00
4.345875093087928631e-01,2.031515482752522139e+00
4.387053140674228024e-01,2.035635569642927578e+00
4.428230349702721447e-01,2.039755570137927521e+00
4.469406721098234114e-01,2.043875484333767645e+00
4.510582255783403549e-01,2.047995312326467143e+00
4.551756954680507561e-01,2.052115054212002576e+00
4.592930818710152518e-01,2.056234710086178197e+00
4.634103848791440994e-01,2.060354280044638386e+00
4.675276045842777783e-01,2.064473764182953364e+00
4.716447410780389982e-01,2.068593162596467749e+00
4.757617944519321740e-01,2.072712475380399155e+00
4.798787647973458137e-01,2.076831702629845289e+00
4.839956522055696708e-01,2.080950844439797276e+00
4.881124567677412873e-01,2.085069900905086371e+00
4.922291785747819892e-01,2.089188872120321783e+00
4.963458177175790187e-01,2.093307758180070088e+00
5.004623742868550273e-01,2.097426559178729555e+00
5.045788483731852292e-01,2.101545275210541242e+00
5.086952400670767815e-01,2.105663906369674265e+00
5.128115494588226797e-01,2.109782452750073922e+00
5.169277766385821371e-01,2.113900914445546952e+00
5.210439216964516396e-01,2.118019291549829042e+00
5.251599847223969997e-01,2.122137584156521761e+00
5.292759658062020645e-01,2.126255792359034835e+00
5.333918650374870341e-01,2.130373916250607458e+00
5.375076825058224816e-01,2.134491955924425532e+00
5.416234183006173319e-01,2.138609911473503544e+00
5.457390725111361807e-01,2.142727782990705876e+00
5.498546452265766771e-01,2.146845570568826744e+00
5.539701365359255281e-01,2.150963274300437877e+00
5.580855465280385452e-01,2.155080894277975556e+00
5.622008752917260210e-01,2.159198430593824547e+00
5.663161229156052912e-01,2.163315883340169776e+00
5.704312894881961027e-01,2.167433252609092698e+00
5.745463750978572204e-01,2.171550538492504678e+00
5.786613798328166247e-01,2.175667741082182971e+00
5.827763037812129232e-01,2.179784860469807128e+00
5.868911470310181899e-01,2.183901896746883509e+00
5.910059096701468784e-01,2.188018850004857185e+00
5.951205917863040540e-01,2.192135720334952964e+00
5.992351934670631097e-01,2.196252507828260647e+00
6.033497147999421495e-01,2.200369212575807865e+00
6.074641558723280488e-01,2.204485834668484578e+00
6.115785167714353765e-01,2.208602374197002227e+00
6.156927975843199397e-01,2.212718831251904383e+00
6.198069983979729303e-01,2.216835205923668006e+00
6.239211192992976107e-01,2.220951498302673244e+00
6.280351603749541045e-01,2.225067708479049777e+00
6.321491217115935424e-01,2.229183836542915742e+00
6.362630033957098474e-01,2.233299882584222296e+00
6.403768055135867776e-01,2.237415846692705657e+00
6.444905281514704543e-01,2.241531728958056746e+00
6.486041713954943111e-01,2.245647529469850134e+00
6.527177353316380159e-01,2.249763248317497855e+00
6.568312200457258054e-01,2.253878885590251180e+00
6.609446256235019801e-01,2.257994441377275230e+00
6.650579521505769476e-01,2.262109915767594792e+00
6.691711997124334399e-01,2.266225308850102316e+00
6.732843683944503832e-01,2.270340620713578339e+00
6.773974582818524937e-01,2.274455851446643084e+00
6.815104694597203805e-01,2.278571001137767560e+00
6.856234020130830276e-01,2.282686069875364154e+00
6.897362560268429643e-01,2.286801057747713806e+00
6.938490315857189783e-01,2.290915964842906050e+00
6.979617287743415943e-01,2.295030791248938051e+00
7.020743476771980074e-01,2.299145537053655097e+00
7.061868883786770468e-01,2.303260202344799445e+00
7.102993509630736169e-01,2.307374787210013878e+00
7.144117355145167547e-01,2.311489291736768870e+00
7.185240421170480118e-01,2.315603716012439861e+00
7.226362708545505109e-01,2.319718060124240644e+00
7.267484218107780336e-01,2.323832324159246454e+00
7.308604950694241875e-01,2.327946508204468579e+00
7.349724907140806618e-01,2.332060612346810835e+00
7.390844088281098845e-01,2.336174636672939897e+00
7.431962494947963460e-01,2.340288581269438950e+00
7.473080127973763531e-01,2.344402446222838332e+00
7.514196988188988069e-01,2.348516231619473871e+00
7.555313076423123553e-01,2.352629937545576588e+00
7.596428393504649490e-01,2.356743564087269149e+00
7.637542940260477753e-01,2.360857111330512126e+00
7.678656717516251229e-01,2.364970579361132863e+00
7.719769726097027718e-01,2.369083968264896534e+00
7.760881966826865819e-01,2.373197278127460841e+00
7.801993440527563717e-01,2.377310509034251673e+00
7.843104148020155764e-01,2.381423661070610542e+00
7.884214090125204466e-01,2.385536734321830998e+00
7.925323267661433801e-01,2.389649728873013856e+00
7.966431681446580759e-01,2.393762644809154239e+00
8.007539332297394230e-01,2.397875482215145126e+00
8.048646221028923353e-01,2.401988241175702310e+00
8.089752348455441222e-01,2.406100921775458978e+00
8.130857715390493734e-01,2.410213524098970161e+00
8.171962322645702770e-01,2.414326048230591049e+00
8.213066171031723206e-01,2.418438494254576021e+00
8.254169261358293985e-01,2.422550862255081761e+00
8.295271594433926143e-01,2.426663152316136163e+00
8.336373171065933896e-01,2.430775364521642334e+00
8.377473992060512353e-01,2.434887498955385254e+00
8.418574058222879630e-01,2.438999555701045985e+00
8.459673370356781685e-01,2.443111534842155486e+00
8.500771929264494542e-01,2.447223436462087065e+00
8.541869735748409687e-01,2.451335260644224689e+00
8.582966790609054542e-01,2.455447007471760035e+00
8.624063094645170180e-01,2.459558677027696483e+00
8.665158648655456597e-01,2.463670269395032086e+00
8.706253453436519907e-01,2.467781784656546407e+00
8.747347509784628716e-01,2.471893222894982589e+00
8.788440818494976936e-01,2.476004584192970093e+00
8.829533380360986561e-01,2.480115868632955411e+00
8.870625196175105920e-01,2.484227076297280234e+00
8.911716266728795244e-01,2.488338207268184554e+00
8.952806592812870834e-01,2.492449261627837309e+00
8.993896175216310462e-01,2.496560239458219144e+00
9.034985014727103803e-01,2.500671140841205009e+00
9.076073112132441167e-01,2.504781965858584591e+00
9.117160468218213909e-01,2.508892714592012574e+00
9.158247083769056607e-01,2.513003387123013965e+00
9.199332959569024304e-01,2.517113983533047161e+00
9.240418096400885295e-01,2.521224503903440883e+00
9.281502495045519385e-01,2.525334948315324013e+00
9.322586156283461101e-01,2.529445316849790348e+00
9.363669080894455599e-01,2.533555609587847535e+00
9.404751269656440593e-01,2.537665826610316699e+00
9.445832723346387905e-01,2.541775967997916830e+00
9.486913442740474434e-01,2.545886033831283424e+00
9.527993428613608096e-01,2.549996024190918753e+00
9.569072681739609898e-01,2.554105939157211402e+00
9.610151202891127342e-01,2.558215778810427388e+00
9.651228992840304999e-01,2.562325543230776326e+00
9.692306052357425594e-01,2.566435232498277763e+00
9.733382382211673844e-01,2.570544846692834895e+00
9.774457983172065711e-01,2.574654385894328712e+00
9.815532856005699802e-01,2.578763850182444806e+00
9.856607001478560059e-01,2.582873239636749751e+00
9.897680420356463893e-01,2.586982554336790585e+00
9.938753113403222539e-01,2.591091794361906508e+00
9.979825081381419327e-01,2.595200959791308826e+00
1.002089632505386074e+00,2.599310050704228825e+00
1.006196684518149587e+00,2.603419067179703283e+00
1.010303664252358624e+00,2.607528009296596672e+00
1.014410571783907145e+00,2.611636877133736157e+00
1.018517407188597623e+00,2.615745670769850761e+00
1.022624170542103972e+00,2.619854390283538947e+00
1.026730861919975313e+00,2.623963035753266837e+00
1.030837481397655742e+00,2.628071607257389530e+00
1.034944029050509862e+00,2.632180104874179527e+00
1.039050504953768383e+00,2.636288528681769883e+00
1.043156909182608505e+00,2.640396878758235033e+00
1.047263241812085077e+00,2.644505155181522404e+00
1.051369502917071763e+00,2.648613358029390241e+00
1.055475692572395152e+00,2.652721487379548826e+00
1.059581810852852968e+00,2.656829543309672026e+00
1.063687857833041317e+00,2.660937525897228095e+00
1.067793833587433294e+00,2.665045435219556058e+00
1.071899738190473572e+00,2.669153271353962076e+00
1.076005571716469378e+00,2.673261034377611089e+00
1.080111334239610255e+00,2.677368724367543251e+00
1.084217025834035120e+00,2.681476341400744090e+00
1.088322646573761654e+00,2.685583885554074790e+00
1.092428196532627904e+00,2.689691356904207353e+00
1.096533675784427508e+00,2.693798755527768485e+00
1.100639084402925683e+00,2.697906081501350251e+00
1.104744422461689357e+00,2.702013334901341324e+00
1.108849690034148683e+00,2.706120515803988269e+00
1.112954887193751130e+00,2.710227624285550974e+00
1.117060014013780300e+00,2.714334660422120127e+00
1.121165070567372579e+00,2.718441624289633651e+00
1.125270056927660356e+00,2.722548515964021476e+00
1.129374973167642349e+00,2.726655335521076307e+00
1.133479819360140084e+00,2.730762083036404775e+00
1.137584595577945112e+00,2.734868758585582427e+00
1.141689301893764386e+00,2.738975362244093326e+00
1.145793938380181842e+00,2.743081894087295858e+00
1.149898505109663072e+00,2.747188354190422288e+00
1.154003002154557311e+00,2.751294742628584977e+00
1.158107429587184711e+00,2.755401059476863423e+00
1.162211787479706659e+00,2.759507304810172812e+00
1.166316075904207716e+00,2.763613478703346615e+00
1.170420294932699612e+00,2.767719581231141035e+00
1.174524444637003562e+00,2.771825612468115985e+00
1.178628525088898815e+00,2.775931572488784305e+00
1.182732536360123543e+00,2.780037461367616203e+00
1.186836478522268035e+00,2.784143279178927344e+00
1.190940351646775142e+00,2.788249025996878849e+00
1.195044155805031760e+00,2.792354701895574554e+00
1.199147891068338856e+00,2.796460306949026808e+00
1.203251557507869718e+00,2.800565841231113851e+00
1.207355155194752339e+00,2.804671304815665955e+00
1.211458684199983260e+00,2.808776697776377951e+00
1.215562144594431349e+00,2.812882020186808774e+00
1.219665536448893972e+00,2.816987272120444530e+00
1.223768859834114986e+00,2.821092453650712706e+00
1.227872114820691918e+00,2.825197564850888909e+00
1.231975301479076634e+00,2.829302605794096870e+00
1.236078419879741208e+00,2.833407576553478968e+00
1.240181470092982963e+00,2.837512477201997285e+00
1.244284452189019063e+00,2.841617307812529525e+00
1.248387366237992957e+00,2.845722068457872567e+00
1.252490212309904205e+00,2.849826759210677629e+00
1.256592990474699967e+00,2.853931380143538199e+00
1.260695700802212382e+00,2.858035931328927859e+00
1.264798343362178112e+00,2.862140412839219827e+00
1.268900918224247665e+00,2.866244824746697617e+00
1.273003425457987392e+00,2.870349167123555034e+00
1.277105865132837526e+00,2.874453440041856211e+00
1.281208237318125498e+00,2.878557643573546265e+00
1.285310542083140994e+00,2.882661777790530344e+00
1.289412779497089989e+00,2.886765842764623891e+00
1.293514949629035238e+00,2.890869838567496686e+00
1.297617052547900718e+00,2.894973765270670185e+00
1.301719088322614404e+00,2.899077622945671173e+00
1.305821057021994802e+00,2.903181411663910083e+00
1.309922958714718533e+00,2.907285131496649910e+00
1.314024793469394270e+00,2.911388782515083484e+00
1.318126561354505455e+00,2.915492364790272184e+00
1.322228262438512214e+00,2.919595878393250743e+00
1.326329896789707474e+00,2.923699323394881588e+00
1.330431464476373726e+00,2.927802699866012937e+00
1.334532965566654017e+00,2.931906007877349118e+00
1.338634400128480673e+00,2.936009247499376862e+00
1.342735768229920801e+00,2.940112418802717897e+00
1.346837069938862097e+00,2.944215521857808326e+00
1.350938305322966659e+00,2.948318556734851548e+00
1.355039474450000725e+00,2.952421523504153988e+00
1.359140577387522919e+00,2.956524422235808913e+00
1.363241614202996610e+00,2.960627252999810111e+00
1.367342584963848973e+00,2.964730015866110513e+00
1.371443489737427690e+00,2.968832710904580452e+00
1.375544328590926568e+00,2.972935338184930387e+00
1.379645101591446599e+00,2.977037897776775743e+00
1.383745808806080557e+00,2.981140389749716846e+00
1.387846450301715162e+00,2.985242814173145298e+00
1.391947026145270883e+00,2.989345171116482902e+00
1.396047536403487666e+00,2.993447460648964942e+00
1.400147981143042175e+00,2.997549682839760088e+00
1.404248360430488951e+00,3.001651837757910002e+00
1.408348674332348116e+00,3.005753925472419041e+00
1.412448922915060745e+00,3.009855946052206299e+00
1.416549106244916922e+00,3.013957899566038101e+00
1.420649224388144116e+00,3.018059786082611495e+00
1.424749277410819248e+00,3.022161605670469875e+00
1.428849265379099620e+00,3.026263358398233905e+00
1.432949188358922488e+00,3.030365044334298652e+00
1.437049046416075004e+00,3.034466663546904641e+00
1.441148839616395172e+00,3.038568216104339470e+00
1.445248568025600422e+00,3.042669702074766391e+00
1.449348231709262080e+00,3.046771121526198556e+00
1.453447830732873536e+00,3.050872474526566513e+00
1.457547365161921515e+00,3.054973761143790156e+00
1.461646835061688909e+00,3.059074981445581543e+00
1.465746240497451502e+00,3.063176135499640296e+00
1.469845581534396262e+00,3.067277223373575445e+00
1.473944858237577815e+00,3.071378245134858354e+00
1.478044070671987065e+00,3.075479200850891992e+00
1.482143218902524762e+00,3.079580090588986074e+00
1.486242302993973086e+00,3.083680914416325969e+00
1.490341323011082242e+00,3.087781672400063293e+00
1.494440279018526940e+00,3.091882364607269729e+00
1.498539171080834453e+00,3.095982991104864190e+00
1.502637999262471435e+00,3.100083551959701644e+00
1.506736763627758435e+00,3.104184047238485178e+00
1.510835464241095494e+00,3.108284477007997815e+00
1.514934101166641955e+00,3.112384841334773888e+00
1.519032674468492772e+00,3.116485140285279343e+00
1.523131184210767763e+00,3.120585373926004102e+00
1.527229630457301202e+00,3.124685542323144993e+00
1.531328013272008182e+00,3.128785645542977001e+00
1.535426332718702103e+00,3.132885683651672082e+00
1.539524588861050702e+00,3.136985656715247650e+00
1.543622781762634455e+00,3.141085564799633190e+00
1.547720911487000528e+00,3.145185407970720881e+00
1.551818978097610158e+00,3.149285186294311423e+00
1.555916981657795350e+00,3.153384899836073174e+00
1.560014922230827938e+00,3.157484548661611434e+00
1.564112799879891824e+00,3.161584132836438243e+00
1.568210614668056113e+00,3.165683652425945738e+00
1.572308366658358381e+00,3.169783107495494079e+00
1.576406055913766036e+00,3.173882498110367045e+00
1.580503682497100826e+00,3.177981824335699201e+00
1.584601246471099456e+00,3.182081086236536294e+00
1.588698747898466435e+00,3.186180283877887653e+00
1.592796186841820782e+00,3.190279417324673794e+00
1.596893563363655622e+00,3.194378486641686443e+00
1.600990877526403899e+00,3.198477491893649827e+00
1.605088129392384655e+00,3.202576433145174484e+00
1.609185319023883398e+00,3.206675310460830985e+00
1.613282446483113919e+00,3.210774123905116184e+00
1.617379511832173655e+00,3.214872873542405252e+00
1.621476515132994400e+00,3.218971559436902830e+00
1.625573456447574117e+00,3.223070181652880173e+00
1.629670335837754225e+00,3.227168740254443335e+00
1.633767153365336400e+00,3.231267235305658403e+00
1.637863909092006631e+00,3.235365666870471557e+00
1.641960603079286818e+00,3.239464035012656673e+00
1.646057235388764806e+00,3.243562339796056015e+00
1.650153806081872121e+00,3.247660581284348424e+00
1.654250315220002321e+00,3.251758759541172772e+00
1.658346762864405965e+00,3.255856874630017828e+00
1.662443149076252347e+00,3.259954926614290649e+00
1.666539473916722969e+00,3.264052915557407175e+00
1.670635737446815927e+00,3.268150841522592387e+00
1.674731939727465146e+00,3.272248704573006428e+00
1.678828080819597890e+00,3.276346504771799673e+00
1.682924160783980660e+00,3.280444242181955516e+00
1.687020179681308907e+00,3.284541916866383637e+00
1.691116137572233225e+00,3.288639528887945751e+00
1.695212034517339372e+00,3.292737078309435184e+00
1.699307870577072999e+00,3.296834565193500488e+00
1.703403645811825795e+00,3.300931989602733374e+00
1.707499360281894418e+00,3.305029351599626075e+00
1.711595014047530006e+00,3.309126651246622863e+00
1.715690607168919524e+00,3.313223888606098733e+00
1.719786139706110051e+00,3.317321063740286569e+00
1.723790143710114409e+00,3.321325067744290926e+00
