-2.009271953125002952e+00,-6.041406249999881073e-02
-2.009271953125002952e+00,-6.041406249999881073e-02
-2.303107890625002874e+00,-6.041406249999881073e-02
-2.303107890625002874e+00,-6.041406249999881073e-02
-2.303107890625002874e+00,-6.041406249999881073e-02
-2.303107890625002874e+00,-6.041406249999881073e-02
-2.303107890625002874e+00,-6.041406249999881073e-02
-2.303107890625002874e+00,-6.041406249999881073e-02
-2.303107890625002874e+00,-1.158414062499997677e+00
-2.303107890625002874e+00,-1.158414062499997677e+00
-2.303107890625002874e+00,-1.158414062499997677e+00
-1.330679687499996433e+00,-1.158414062499997677e+00
-1.330679687499996433e+00,-1.158414062499997677e+00
-1.330679687499996433e+00,-1.158414062499997677e+00
-1.330679687499996433e+00,-2.979999999999988214e-01
-1.330679687499996433e+00,-2.979999999999988214e-01
-1.330679687499996433e+00,-2.979999999999988214e-01
-1.330679687499996433e+00,-2.979999999999988214e-01
-1.330679687499996433e+00,-2.979999999999988214e-01
-1.330679687499996433e+00,-2.979999999999988214e-01
-1.330679687499996433e+00,-2.979999999999988214e-01
-1.330679687499996433e+00,-2.979999999999988214e-01
-1.330679687499996433e+00,-2.979999999999988214e-01
8.000000000000001554e-01,8.000000000000001554e-01
3.296515624999999261e+01,8.000000000000001554e-01
3.296515624999999261e+01,8.000000000000001554e-01
3.296515624999999261e+01,8.000000000000001554e-01
3.296515624999999261e+01,8.000000000000001554e-01
3.296515624999999261e+01,8.000000000000001554e-01
3.296515624999999261e+01,8.000000000000001554e-01
3.296515624999999261e+01,8.000000000000001554e-01
3.296515624999999261e+01,8.000000000000001554e-01
3.296515624999999261e+01,8.000000000000001554e-01
3.296515624999999261e+01,8.000000000000001554e-01
3.296515624999999261e+01,8.000000000000001554e-01
3.296515624999999261e+01,8.000000000000001554e-01
3.296515624999999261e+01,8.000000000000001554e-01
3.296515624999999261e+01,8.000000000000001554e-01
3.296515624999999261e+01,8.000000000000001554e-01
3.296515624999999261e+01,8.000000000000001554e-01
3.296515624999999261e+01,8.000000000000001554e-01
3.296515624999999261e+01,8.000000000000001554e-01
3.296515624999999261e+01,8.000000000000001554e-01
3.296515624999999261e+01,8.000000000000001554e-01
3.296515624999999261e+01,8.000000000000001554e-01
3.296515624999999261e+01,8.000000000000001554e-01
3.296515624999999261e+01,8.000000000000001554e-01
3.296515624999999261e+01,8.000000000000001554e-01
3.296515624999999261e+01,8.000000000000001554e-01
3.296515624999999261e+01,8.000000000000001554e-01
3.296515624999999261e+01,8.000000000000001554e-01
3.296515624999999261e+01,8.000000000000001554e-01
3.296515624999999261e+01,8.000000000000001554e-01
3.296515624999999261e+01,8.000000000000001554e-01
3.296515624999999261e+01,8.000000000000001554e-01
3.296515624999999261e+01,8.000000000000001554e-01
3.296515624999999261e+01,8.000000000000001554e-01
3.296515624999999261e+01,8.000000000000001554e-01
3.296515624999999261e+01,8.000000000000001554e-01
3.296515624999999261e+01,8.000000000000001554e-01
3.296515624999999261e+01,8.000000000000001554e-01
3.296515624999999261e+01,8.000000000000001554e-01
3.296515624999999261e+01,8.000000000000001554e-01
3.296515624999999261e+01,3.338210445312527952e+01
3.296515624999999261e+01,3.338210445312527952e+01
3.296515624999999261e+01,3.338210445312527952e+01
3.296515624999999261e+01,3.338210445312527952e+01
3.296515624999999261e+01,3.338210445312527952e+01
3.296515624999999261e+01,3.338210445312527952e+01
3.296515624999999261e+01,3.338210445312527952e+01
3.296515624999999261e+01,3.338210445312527952e+01
3.296515624999999261e+01,3.338210445312527952e+01
3.296515624999999261e+01,3.338210445312527952e+01
3.296515624999999261e+01,3.338210445312527952e+01
3.296515624999999261e+01,3.338210445312527952e+01
8.000000000000001554e-01,3.338210445312527952e+01
8.000000000000001554e-01,3.338210445312527952e+01
8.000000000000001554e-01,3.338210445312527952e+01
8.000000000000001554e-01,8.000000000000001554e-01
8.000000000000001554e-01,8.000000000000001554e-01
8.000000000000001554e-01,8.000000000000001554e-01
8.000000000000001554e-01,8.000000000000001554e-01
8.000000000000001554e-01,8.000000000000001554e-01
8.000000000000001554e-01,8.000000000000001554e-01
8.000000000000001554e-01,8.000000000000001554e-01
8.000000000000001554e-01,8.000000000000001554e-01
8.000000000000001554e-01,8.000000000000001554e-01
8.000000000000001554e-01,8.000000000000001554e-01
8.000000000000001554e-01,8.000000000000001554e-01
8.000000000000001554e-01,8.000000000000001554e-01
3.338210445312527952e+01,8.000000000000001554e-01
3.338210445312527952e+01,8.000000000000001554e-01
3.338210445312527952e+01,8.000000000000001554e-01
3.338210445312527952e+01,8.000000000000001554e-01
3.338210445312527952e+01,8.000000000000001554e-01
3.338210445312527952e+01,8.000000000000001554e-01
3.338210445312527952e+01,8.000000000000001554e-01
3.338210445312527952e+01,8.000000000000001554e-01
3.338210445312527952e+01,8.000000000000001554e-01
3.338210445312527952e+01,8.000000000000001554e-01
3.338210445312527952e+01,8.000000000000001554e-01
3.338210445312527952e+01,8.000000000000001554e-01
3.338210445312527952e+01,8.000000000000001554e-01
3.338210445312527952e+01,8.000000000000001554e-01
3.338210445312527952e+01,8.000000000000001554e-01
3.338210445312527952e+01,8.000000000000001554e-01
3.338210445312527952e+01,8.000000000000001554e-01
3.338210445312527952e+01,8.000000000000001554e-01
3.338210445312527952e+01,8.000000000000001554e-01
3.338210445312527952e+01,8.000000000000001554e-01
3.338210445312527952e+01,8.000000000000001554e-01
3.338210445312527952e+01,8.000000000000001554e-01
3.338210445312527952e+01,8.000000000000001554e-01
3.338210445312527952e+01,8.000000000000001554e-01
3.338210445312527952e+01,8.000000000000001554e-01
3.338210445312527952e+01,8.000000000000001554e-01
3.338210445312527952e+01,8.000000000000001554e-01
3.338210445312527952e+01,8.000000000000001554e-01
3.338210445312527952e+01,8.000000000000001554e-01
3.338210445312527952e+01,8.000000000000001554e-01
3.338210445312527952e+01,8.000000000000001554e-01
3.338210445312527952e+01,8.000000000000001554e-01
3.338210445312527952e+01,8.000000000000001554e-01
3.338210445312527952e+01,8.000000000000001554e-01
3.338210445312527952e+01,8.000000000000001554e-01
3.338210445312527952e+01,8.000000000000001554e-01
3.338210445312527952e+01,8.000000000000001554e-01
3.338210445312527952e+01,8.000000000000001554e-01
3.338210445312527952e+01,8.000000000000001554e-01
3.338210445312527952e+01,8.000000000000001554e-01
3.338210445312527952e+01,8.000000000000001554e-01
3.338210445312527952e+01,8.000000000000001554e-01
3.338210445312527952e+01,8.000000000000001554e-01
3.338210445312527952e+01,8.000000000000001554e-01
3.338210445312527952e+01,8.000000000000001554e-01
3.338210445312527952e+01,8.000000000000001554e-01
3.338210445312527952e+01,8.000000000000001554e-01
3.338210445312527952e+01,8.000000000000001554e-01
3.338210445312527952e+01,8.000000000000001554e-01
3.338210445312527952e+01,8.000000000000001554e-01
3.338210445312527952e+01,8.000000000000001554e-01
3.338210445312527952e+01,8.000000000000001554e-01
3.338210445312527952e+01,8.000000000000001554e-01
3.338210445312527952e+01,8.000000000000001554e-01
3.338210445312527952e+01,8.000000000000001554e-01
3.338210445312527952e+01,8.000000000000001554e-01
3.338210445312527952e+01,3.366898437500013586e+01
3.338210445312527952e+01,3.366898437500013586e+01
8.000000000000001554e-01,3.366898437500013586e+01
8.000000000000001554e-01,3.366898437500013586e+01
8.000000000000001554e-01,3.366898437500013586e+01
8.000000000000001554e-01,3.366898437500013586e+01
8.000000000000001554e-01,3.366898437500013586e+01
8.000000000000001554e-01,3.366898437500013586e+01
8.000000000000001554e-01,8.000000000000001554e-01
8.000000000000001554e-01,8.000000000000001554e-01
8.000000000000001554e-01,8.000000000000001554e-01
8.000000000000001554e-01,8.000000000000001554e-01
8.000000000000001554e-01,8.000000000000001554e-01
8.000000000000001554e-01,8.000000000000001554e-01
8.000000000000001554e-01,8.000000000000001554e-01
8.000000000000001554e-01,8.000000000000001554e-01
8.000000000000001554e-01,8.000000000000001554e-01
8.000000000000001554e-01,8.000000000000001554e-01
8.000000000000001554e-01,8.000000000000001554e-01
8.000000000000001554e-01,8.000000000000001554e-01
8.000000000000001554e-01,8.000000000000001554e-01
3.366898437500013586e+01,8.000000000000001554e-01
3.366898437500013586e+01,8.000000000000001554e-01
3.366898437500013586e+01,8.000000000000001554e-01
3.366898437500013586e+01,8.000000000000001554e-01
3.366898437500013586e+01,8.000000000000001554e-01
3.366898437500013586e+01,8.000000000000001554e-01
3.366898437500013586e+01,8.000000000000001554e-01
3.366898437500013586e+01,8.000000000000001554e-01
3.366898437500013586e+01,8.000000000000001554e-01
3.366898437500013586e+01,8.000000000000001554e-01
3.366898437500013586e+01,8.000000000000001554e-01
3.366898437500013586e+01,8.000000000000001554e-01
3.366898437500013586e+01,8.000000000000001554e-01
3.366898437500013586e+01,8.000000000000001554e-01
3.366898437500013586e+01,8.000000000000001554e-01
3.366898437500013586e+01,8.000000000000001554e-01
3.366898437500013586e+01,8.000000000000001554e-01
3.366898437500013586e+01,8.000000000000001554e-01
3.366898437500013586e+01,8.000000000000001554e-01
3.366898437500013586e+01,8.000000000000001554e-01
3.366898437500013586e+01,8.000000000000001554e-01
3.366898437500013586e+01,8.000000000000001554e-01
3.366898437500013586e+01,8.000000000000001554e-01
3.366898437500013586e+01,8.000000000000001554e-01
3.366898437500013586e+01,8.000000000000001554e-01
3.366898437500013586e+01,8.000000000000001554e-01
3.366898437500013586e+01,8.000000000000001554e-01
3.366898437500013586e+01,8.000000000000001554e-01
3.366898437500013586e+01,8.000000000000001554e-01
3.366898437500013586e+01,8.000000000000001554e-01
3.366898437500013586e+01,8.000000000000001554e-01
3.366898437500013586e+01,8.000000000000001554e-01
3.366898437500013586e+01,8.000000000000001554e-01
3.366898437500013586e+01,8.000000000000001554e-01
3.366898437500013586e+01,8.000000000000001554e-01
3.366898437500013586e+01,8.000000000000001554e-01
3.366898437500013586e+01,8.000000000000001554e-01
3.366898437500013586e+01,8.000000000000001554e-01
3.366898437500013586e+01,8.000000000000001554e-01
3.366898437500013586e+01,8.000000000000001554e-01
3.366898437500013586e+01,8.000000000000001554e-01
3.366898437500013586e+01,8.000000000000001554e-01
3.366898437500013586e+01,8.000000000000001554e-01
3.366898437500013586e+01,8.000000000000001554e-01
3.366898437500013586e+01,8.000000000000001554e-01
3.366898437500013586e+01,8.000000000000001554e-01
3.366898437500013586e+01,8.000000000000001554e-01
3.366898437500013586e+01,8.000000000000001554e-01
3.366898437500013586e+01,8.000000000000001554e-01
3.366898437500013586e+01,8.000000000000001554e-01
3.366898437500013586e+01,8.000000000000001554e-01
3.366898437500013586e+01,8.000000000000001554e-01
3.366898437500013586e+01,8.000000000000001554e-01
3.366898437500013586e+01,8.000000000000001554e-01
3.366898437500013586e+01,8.000000000000001554e-01
3.366898437500013586e+01,8.000000000000001554e-01
3.366898437500013586e+01,8.000000000000001554e-01
3.366898437500013586e+01,8.000000000000001554e-01
3.366898437500013586e+01,8.000000000000001554e-01
3.366898437500013586e+01,8.000000000000001554e-01
3.366898437500013586e+01,8.000000000000001554e-01
3.366898437500013586e+01,8.000000000000001554e-01
3.366898437500013586e+01,8.000000000000001554e-01
3.366898437500013586e+01,8.000000000000001554e-01
3.366898437500013586e+01,8.000000000000001554e-01
3.366898437500013586e+01,8.000000000000001554e-01
3.366898437500013586e+01,8.000000000000001554e-01
3.366898437500013586e+01,8.000000000000001554e-01
3.366898437500013586e+01,8.000000000000001554e-01
8.000000000000001554e-01,8.000000000000001554e-01
8.000000000000001554e-01,8.000000000000001554e-01
8.000000000000001554e-01,8.000000000000001554e-01
8.000000000000001554e-01,8.000000000000001554e-01
8.000000000000001554e-01,8.000000000000001554e-01
8.000000000000001554e-01,8.000000000000001554e-01
8.000000000000001554e-01,8.000000000000001554e-01
8.000000000000001554e-01,8.000000000000001554e-01
8.000000000000001554e-01,8.000000000000001554e-01
8.000000000000001554e-01,8.000000000000001554e-01
8.000000000000001554e-01,8.000000000000001554e-01
8.000000000000001554e-01,8.000000000000001554e-01
8.000000000000001554e-01,8.000000000000001554e-01
8.000000000000001554e-01,8.000000000000001554e-01
8.000000000000001554e-01,-3.248734023437447860e+01
8.000000000000001554e-01,-3.248734023437447860e+01
8.000000000000001554e-01,-3.248734023437447860e+01
8.000000000000001554e-01,-3.248734023437447860e+01
8.000000000000001554e-01,-3.248734023437447860e+01
8.000000000000001554e-01,-3.248734023437447860e+01
8.000000000000001554e-01,-3.248734023437447860e+01
8.000000000000001554e-01,-3.248734023437447860e+01
8.000000000000001554e-01,-3.248734023437447860e+01
8.000000000000001554e-01,-3.248734023437447860e+01
8.000000000000001554e-01,-3.248734023437447860e+01
8.000000000000001554e-01,-3.248734023437447860e+01
8.000000000000001554e-01,-3.248734023437447860e+01
8.000000000000001554e-01,-3.248734023437447860e+01
8.000000000000001554e-01,-3.248734023437447860e+01
8.000000000000001554e-01,-3.248734023437447860e+01
8.000000000000001554e-01,-3.248734023437447860e+01
8.000000000000001554e-01,-3.248734023437447860e+01
3.408734023437448002e+01,-3.248734023437447860e+01
3.408734023437448002e+01,-3.248734023437447860e+01
3.408734023437448002e+01,-3.248734023437447860e+01
3.408734023437448002e+01,-3.248734023437447860e+01
3.408734023437448002e+01,8.000000000000001554e-01
3.408734023437448002e+01,8.000000000000001554e-01
3.408734023437448002e+01,8.000000000000001554e-01
3.408734023437448002e+01,8.000000000000001554e-01
3.408734023437448002e+01,8.000000000000001554e-01
3.408734023437448002e+01,8.000000000000001554e-01
3.408734023437448002e+01,8.000000000000001554e-01
3.408734023437448002e+01,8.000000000000001554e-01
3.408734023437448002e+01,8.000000000000001554e-01
3.408734023437448002e+01,8.000000000000001554e-01
3.408734023437448002e+01,8.000000000000001554e-01
3.408734023437448002e+01,8.000000000000001554e-01
3.408734023437448002e+01,8.000000000000001554e-01
3.408734023437448002e+01,8.000000000000001554e-01
3.408734023437448002e+01,8.000000000000001554e-01
3.408734023437448002e+01,8.000000000000001554e-01
3.408734023437448002e+01,8.000000000000001554e-01
3.408734023437448002e+01,8.000000000000001554e-01
3.408734023437448002e+01,8.000000000000001554e-01
3.408734023437448002e+01,8.000000000000001554e-01
3.408734023437448002e+01,8.000000000000001554e-01
3.408734023437448002e+01,8.000000000000001554e-01
3.408734023437448002e+01,8.000000000000001554e-01
3.408734023437448002e+01,8.000000000000001554e-01
3.408734023437448002e+01,8.000000000000001554e-01
3.408734023437448002e+01,8.000000000000001554e-01
3.408734023437448002e+01,8.000000000000001554e-01
3.408734023437448002e+01,8.000000000000001554e-01
3.408734023437448002e+01,8.000000000000001554e-01
3.408734023437448002e+01,8.000000000000001554e-01
3.408734023437448002e+01,8.000000000000001554e-01
3.408734023437448002e+01,8.000000000000001554e-01
3.408734023437448002e+01,8.000000000000001554e-01
3.408734023437448002e+01,8.000000000000001554e-01
3.408734023437448002e+01,8.000000000000001554e-01
3.408734023437448002e+01,8.000000000000001554e-01
3.408734023437448002e+01,8.000000000000001554e-01
3.408734023437448002e+01,8.000000000000001554e-01
3.408734023437448002e+01,8.000000000000001554e-01
3.408734023437448002e+01,8.000000000000001554e-01
3.408734023437448002e+01,8.000000000000001554e-01
3.408734023437448002e+01,8.000000000000001554e-01
3.408734023437448002e+01,8.000000000000001554e-01
3.408734023437448002e+01,8.000000000000001554e-01
3.408734023437448002e+01,8.000000000000001554e-01
3.408734023437448002e+01,8.000000000000001554e-01
3.408734023437448002e+01,8.000000000000001554e-01
3.408734023437448002e+01,8.000000000000001554e-01
3.408734023437448002e+01,8.000000000000001554e-01
3.408734023437448002e+01,8.000000000000001554e-01
3.408734023437448002e+01,8.000000000000001554e-01
3.408734023437448002e+01,8.000000000000001554e-01
3.408734023437448002e+01,8.000000000000001554e-01
3.408734023437448002e+01,8.000000000000001554e-01
3.408734023437448002e+01,8.000000000000001554e-01
3.408734023437448002e+01,8.000000000000001554e-01
3.408734023437448002e+01,8.000000000000001554e-01
3.408734023437448002e+01,8.000000000000001554e-01
3.408734023437448002e+01,8.000000000000001554e-01
3.408734023437448002e+01,8.000000000000001554e-01
3.408734023437448002e+01,8.000000000000001554e-01
3.408734023437448002e+01,8.000000000000001554e-01
3.408734023437448002e+01,8.000000000000001554e-01
3.408734023437448002e+01,8.000000000000001554e-01
3.408734023437448002e+01,8.000000000000001554e-01
3.408734023437448002e+01,8.000000000000001554e-01
3.408734023437448002e+01,8.000000000000001554e-01
3.408734023437448002e+01,8.000000000000001554e-01
3.408734023437448002e+01,8.000000000000001554e-01
3.408734023437448002e+01,8.000000000000001554e-01
3.408734023437448002e+01,8.000000000000001554e-01
3.408734023437448002e+01,8.000000000000001554e-01
3.408734023437448002e+01,8.000000000000001554e-01
3.408734023437448002e+01,8.000000000000001554e-01
3.408734023437448002e+01,8.000000000000001554e-01
3.408734023437448002e+01,8.000000000000001554e-01
3.408734023437448002e+01,8.000000000000001554e-01
3.408734023437448002e+01,8.000000000000001554e-01
3.408734023437448002e+01,8.000000000000001554e-01
3.408734023437448002e+01,8.000000000000001554e-01
3.408734023437448002e+01,8.000000000000001554e-01
3.408734023437448002e+01,8.000000000000001554e-01
8.000000000000001554e-01,8.000000000000001554e-01
8.000000000000001554e-01,8.000000000000001554e-01
8.000000000000001554e-01,8.000000000000001554e-01
8.000000000000001554e-01,8.000000000000001554e-01
8.000000000000001554e-01,8.000000000000001554e-01
8.000000000000001554e-01,8.000000000000001554e-01
8.000000000000001554e-01,8.000000000000001554e-01
8.000000000000001554e-01,8.000000000000001554e-01
8.000000000000001554e-01,8.000000000000001554e-01
8.000000000000001554e-01,8.000000000000001554e-01
8.000000000000001554e-01,8.000000000000001554e-01
8.000000000000001554e-01,8.000000000000001554e-01
8.000000000000001554e-01,8.000000000000001554e-01
8.000000000000001554e-01,8.000000000000001554e-01
8.000000000000001554e-01,8.000000000000001554e-01
8.000000000000001554e-01,8.000000000000001554e-01
8.000000000000001554e-01,8.000000000000001554e-01
8.000000000000001554e-01,8.000000000000001554e-01
8.000000000000001554e-01,8.000000000000001554e-01
8.000000000000001554e-01,8.000000000000001554e-01
8.000000000000001554e-01,8.000000000000001554e-01
8.000000000000001554e-01,8.000000000000001554e-01
8.000000000000001554e-01,8.000000000000001554e-01
8.000000000000001554e-01,8.000000000000001554e-01
8.000000000000001554e-01,8.000000000000001554e-01
8.000000000000001554e-01,8.000000000000001554e-01
8.000000000000001554e-01,8.000000000000001554e-01
8.000000000000001554e-01,8.000000000000001554e-01
8.000000000000001554e-01,8.000000000000001554e-01
8.000000000000001554e-01,8.000000000000001554e-01
8.000000000000001554e-01,8.000000000000001554e-01
8.000000000000001554e-01,8.000000000000001554e-01
8.000000000000001554e-01,8.000000000000001554e-01
8.000000000000001554e-01,8.000000000000001554e-01
8.000000000000001554e-01,8.000000000000001554e-01
8.000000000000001554e-01,8.000000000000001554e-01
8.000000000000001554e-01,8.000000000000001554e-01
8.000000000000001554e-01,8.000000000000001554e-01
8.000000000000001554e-01,8.000000000000001554e-01
8.000000000000001554e-01,8.000000000000001554e-01
8.000000000000001554e-01,8.000000000000001554e-01
8.000000000000001554e-01,8.000000000000001554e-01
8.000000000000001554e-01,8.000000000000001554e-01
8.000000000000001554e-01,8.000000000000001554e-01
8.000000000000001554e-01,8.000000000000001554e-01
8.000000000000001554e-01,8.000000000000001554e-01
8.000000000000001554e-01,8.000000000000001554e-01
8.000000000000001554e-01,8.000000000000001554e-01
8.000000000000001554e-01,8.000000000000001554e-01
8.000000000000001554e-01,8.000000000000001554e-01
8.000000000000001554e-01,8.000000000000001554e-01
8.000000000000001554e-01,8.000000000000001554e-01
8.000000000000001554e-01,8.000000000000001554e-01
8.000000000000001554e-01,8.000000000000001554e-01
8.000000000000001554e-01,8.000000000000001554e-01
8.000000000000001554e-01,8.000000000000001554e-01
8.000000000000001554e-01,8.000000000000001554e-01
8.000000000000001554e-01,8.000000000000001554e-01
8.000000000000001554e-01,8.000000000000001554e-01
8.000000000000001554e-01,8.000000000000001554e-01
8.000000000000001554e-01,8.000000000000001554e-01
8.000000000000001554e-01,8.000000000000001554e-01
8.000000000000001554e-01,8.000000000000001554e-01
8.000000000000001554e-01,8.000000000000001554e-01
8.000000000000001554e-01,8.000000000000001554e-01
8.000000000000001554e-01,8.000000000000001554e-01
8.000000000000001554e-01,8.000000000000001554e-01
8.000000000000001554e-01,8.000000000000001554e-01
8.000000000000001554e-01,8.000000000000001554e-01
8.000000000000001554e-01,8.000000000000001554e-01
8.000000000000001554e-01,8.000000000000001554e-01
8.000000000000001554e-01,8.000000000000001554e-01
8.000000000000001554e-01,8.000000000000001554e-01
8.000000000000001554e-01,8.000000000000001554e-01
8.000000000000001554e-01,8.000000000000001554e-01
8.000000000000001554e-01,8.000000000000001554e-01
8.000000000000001554e-01,8.000000000000001554e-01
8.000000000000001554e-01,8.000000000000001554e-01
8.000000000000001554e-01,8.000000000000001554e-01
8.000000000000001554e-01,8.000000000000001554e-01
8.000000000000001554e-01,8.000000000000001554e-01
8.000000000000001554e-01,8.000000000000001554e-01
8.000000000000001554e-01,8.000000000000001554e-01
8.000000000000001554e-01,8.000000000000001554e-01
8.000000000000001554e-01,8.000000000000001554e-01
8.000000000000001554e-01,8.000000000000001554e-01
8.000000000000001554e-01,8.000000000000001554e-01
8.000000000000001554e-01,8.000000000000001554e-01
8.000000000000001554e-01,8.000000000000001554e-01
8.000000000000001554e-01,8.000000000000001554e-01
8.000000000000001554e-01,8.000000000000001554e-01
8.000000000000001554e-01,8.000000000000001554e-01
8.000000000000001554e-01,8.000000000000001554e-01
8.000000000000001554e-01,8.000000000000001554e-01
8.000000000000001554e-01,-3.277281249999999346e+01
8.000000000000001554e-01,-3.277281249999999346e+01
8.000000000000001554e-01,-3.277281249999999346e+01
8.000000000000001554e-01,-3.277281249999999346e+01
8.000000000000001554e-01,-3.277281249999999346e+01
8.000000000000001554e-01,-3.277281249999999346e+01
8.000000000000001554e-01,-3.277281249999999346e+01
8.000000000000001554e-01,-3.277281249999999346e+01
8.000000000000001554e-01,-3.277281249999999346e+01
8.000000000000001554e-01,-3.277281249999999346e+01
8.000000000000001554e-01,-3.277281249999999346e+01
8.000000000000001554e-01,-3.277281249999999346e+01
8.000000000000001554e-01,-3.277281249999999346e+01
8.000000000000001554e-01,-3.277281249999999346e+01
8.000000000000001554e-01,-3.277281249999999346e+01
8.000000000000001554e-01,-3.277281249999999346e+01
8.000000000000001554e-01,-3.277281249999999346e+01
8.000000000000001554e-01,-3.277281249999999346e+01
8.000000000000001554e-01,-3.277281249999999346e+01
8.000000000000001554e-01,-3.277281249999999346e+01
8.000000000000001554e-01,-3.277281249999999346e+01
8.000000000000001554e-01,-3.277281249999999346e+01
8.000000000000001554e-01,-3.277281249999999346e+01
8.000000000000001554e-01,-3.277281249999999346e+01
8.000000000000001554e-01,-3.277281249999999346e+01
8.000000000000001554e-01,-3.277281249999999346e+01
8.000000000000001554e-01,-3.277281249999999346e+01
8.000000000000001554e-01,-3.277281249999999346e+01
8.000000000000001554e-01,-3.277281249999999346e+01
8.000000000000001554e-01,-3.277281249999999346e+01
8.000000000000001554e-01,-3.277281249999999346e+01
8.000000000000001554e-01,-3.277281249999999346e+01
8.000000000000001554e-01,-3.277281249999999346e+01
8.000000000000001554e-01,-3.277281249999999346e+01
8.000000000000001554e-01,-3.277281249999999346e+01
8.000000000000001554e-01,-3.277281249999999346e+01
8.000000000000001554e-01,-3.277281249999999346e+01
8.000000000000001554e-01,-3.277281249999999346e+01
8.000000000000001554e-01,-3.277281249999999346e+01
8.000000000000001554e-01,-3.277281249999999346e+01
8.000000000000001554e-01,-3.277281249999999346e+01
8.000000000000001554e-01,-3.277281249999999346e+01
8.000000000000001554e-01,-3.277281249999999346e+01
8.000000000000001554e-01,-3.277281249999999346e+01
8.000000000000001554e-01,-3.277281249999999346e+01
8.000000000000001554e-01,-3.277281249999999346e+01
8.000000000000001554e-01,-3.277281249999999346e+01
8.000000000000001554e-01,-3.277281249999999346e+01
8.000000000000001554e-01,-3.277281249999999346e+01
8.000000000000001554e-01,-3.277281249999999346e+01
8.000000000000001554e-01,-3.277281249999999346e+01
8.000000000000001554e-01,-3.277281249999999346e+01
8.000000000000001554e-01,-3.277281249999999346e+01
8.000000000000001554e-01,-3.277281249999999346e+01
8.000000000000001554e-01,-3.277281249999999346e+01
8.000000000000001554e-01,-3.277281249999999346e+01
8.000000000000001554e-01,-3.277281249999999346e+01
8.000000000000001554e-01,-3.277281249999999346e+01
8.000000000000001554e-01,-3.277281249999999346e+01
8.000000000000001554e-01,8.000000000000001554e-01
8.000000000000001554e-01,8.000000000000001554e-01
8.000000000000001554e-01,8.000000000000001554e-01
8.000000000000001554e-01,8.000000000000001554e-01
8.000000000000001554e-01,8.000000000000001554e-01
8.000000000000001554e-01,8.000000000000001554e-01
8.000000000000001554e-01,8.000000000000001554e-01
8.000000000000001554e-01,8.000000000000001554e-01
8.000000000000001554e-01,8.000000000000001554e-01
8.000000000000001554e-01,8.000000000000001554e-01
8.000000000000001554e-01,8.000000000000001554e-01
8.000000000000001554e-01,8.000000000000001554e-01
8.000000000000001554e-01,8.000000000000001554e-01
8.000000000000001554e-01,8.000000000000001554e-01
8.000000000000001554e-01,8.000000000000001554e-01
8.000000000000001554e-01,8.000000000000001554e-01
8.000000000000001554e-01,8.000000000000001554e-01
8.000000000000001554e-01,8.000000000000001554e-01
8.000000000000001554e-01,8.000000000000001554e-01
8.000000000000001554e-01,8.000000000000001554e-01
8.000000000000001554e-01,8.000000000000001554e-01
8.000000000000001554e-01,8.000000000000001554e-01
8.000000000000001554e-01,8.000000000000001554e-01
8.000000000000001554e-01,8.000000000000001554e-01
8.000000000000001554e-01,8.000000000000001554e-01
8.000000000000001554e-01,8.000000000000001554e-01
8.000000000000001554e-01,8.000000000000001554e-01
8.000000000000001554e-01,8.000000000000001554e-01
8.000000000000001554e-01,8.000000000000001554e-01
8.000000000000001554e-01,8.000000000000001554e-01
8.000000000000001554e-01,8.000000000000001554e-01
8.000000000000001554e-01,8.000000000000001554e-01
8.000000000000001554e-01,8.000000000000001554e-01
8.000000000000001554e-01,8.000000000000001554e-01
8.000000000000001554e-01,8.000000000000001554e-01
8.000000000000001554e-01,8.000000000000001554e-01
8.000000000000001554e-01,8.000000000000001554e-01
8.000000000000001554e-01,8.000000000000001554e-01
8.000000000000001554e-01,8.000000000000001554e-01
8.000000000000001554e-01,8.000000000000001554e-01
8.000000000000001554e-01,8.000000000000001554e-01
8.000000000000001554e-01,8.000000000000001554e-01
8.000000000000001554e-01,-3.248734023437447860e+01
8.000000000000001554e-01,-3.248734023437447860e+01
8.000000000000001554e-01,-3.248734023437447860e+01
8.000000000000001554e-01,-3.248734023437447860e+01
8.000000000000001554e-01,-3.248734023437447860e+01
8.000000000000001554e-01,-3.248734023437447860e+01
8.000000000000001554e-01,-3.248734023437447860e+01
8.000000000000001554e-01,-3.248734023437447860e+01
8.000000000000001554e-01,-3.248734023437447860e+01
8.000000000000001554e-01,-3.248734023437447860e+01
8.000000000000001554e-01,-3.248734023437447860e+01
8.000000000000001554e-01,-3.248734023437447860e+01
8.000000000000001554e-01,-3.248734023437447860e+01
8.000000000000001554e-01,-3.248734023437447860e+01
8.000000000000001554e-01,-3.248734023437447860e+01
8.000000000000001554e-01,-3.248734023437447860e+01
8.000000000000001554e-01,-3.248734023437447860e+01
8.000000000000001554e-01,-3.248734023437447860e+01
8.000000000000001554e-01,-3.248734023437447860e+01
8.000000000000001554e-01,-3.248734023437447860e+01
8.000000000000001554e-01,-3.248734023437447860e+01
8.000000000000001554e-01,-3.248734023437447860e+01
8.000000000000001554e-01,-3.248734023437447860e+01
8.000000000000001554e-01,-3.248734023437447860e+01
8.000000000000001554e-01,-3.248734023437447860e+01
8.000000000000001554e-01,-3.248734023437447860e+01
8.000000000000001554e-01,-3.248734023437447860e+01
8.000000000000001554e-01,-3.248734023437447860e+01
8.000000000000001554e-01,-3.248734023437447860e+01
8.000000000000001554e-01,-3.248734023437447860e+01
8.000000000000001554e-01,-3.248734023437447860e+01
8.000000000000001554e-01,-3.248734023437447860e+01
8.000000000000001554e-01,-3.248734023437447860e+01
8.000000000000001554e-01,-3.248734023437447860e+01
8.000000000000001554e-01,-3.248734023437447860e+01
8.000000000000001554e-01,-3.248734023437447860e+01
8.000000000000001554e-01,-3.248734023437447860e+01
8.000000000000001554e-01,-3.248734023437447860e+01
8.000000000000001554e-01,-3.248734023437447860e+01
8.000000000000001554e-01,-3.248734023437447860e+01
8.000000000000001554e-01,-3.248734023437447860e+01
8.000000000000001554e-01,-3.248734023437447860e+01
8.000000000000001554e-01,-3.248734023437447860e+01
8.000000000000001554e-01,-3.248734023437447860e+01
8.000000000000001554e-01,-3.248734023437447860e+01
8.000000000000001554e-01,-3.248734023437447860e+01
8.000000000000001554e-01,-3.248734023437447860e+01
8.000000000000001554e-01,-3.248734023437447860e+01
8.000000000000001554e-01,-3.248734023437447860e+01
8.000000000000001554e-01,-3.248734023437447860e+01
8.000000000000001554e-01,-3.248734023437447860e+01
8.000000000000001554e-01,-3.248734023437447860e+01
8.000000000000001554e-01,-3.248734023437447860e+01
8.000000000000001554e-01,-3.248734023437447860e+01
8.000000000000001554e-01,-3.248734023437447860e+01
8.000000000000001554e-01,-3.248734023437447860e+01
8.000000000000001554e-01,-3.248734023437447860e+01
8.000000000000001554e-01,-3.248734023437447860e+01
8.000000000000001554e-01,-3.248734023437447860e+01
8.000000000000001554e-01,-3.248734023437447860e+01
8.000000000000001554e-01,-3.248734023437447860e+01
8.000000000000001554e-01,-3.248734023437447860e+01
8.000000000000001554e-01,-3.248734023437447860e+01
8.000000000000001554e-01,-3.248734023437447860e+01
8.000000000000001554e-01,-3.248734023437447860e+01
8.000000000000001554e-01,-3.248734023437447860e+01
8.000000000000001554e-01,-3.248734023437447860e+01
8.000000000000001554e-01,-3.248734023437447860e+01
8.000000000000001554e-01,-3.248734023437447860e+01
8.000000000000001554e-01,-3.248734023437447860e+01
8.000000000000001554e-01,-3.248734023437447860e+01
8.000000000000001554e-01,-3.248734023437447860e+01
8.000000000000001554e-01,-3.248734023437447860e+01
8.000000000000001554e-01,-3.248734023437447860e+01
8.000000000000001554e-01,-3.248734023437447860e+01
8.000000000000001554e-01,-3.248734023437447860e+01
8.000000000000001554e-01,-3.248734023437447860e+01
8.000000000000001554e-01,-3.248734023437447860e+01
8.000000000000001554e-01,-3.248734023437447860e+01
8.000000000000001554e-01,-3.248734023437447860e+01
8.000000000000001554e-01,-3.248734023437447860e+01
8.000000000000001554e-01,-3.248734023437447860e+01
8.000000000000001554e-01,-3.248734023437447860e+01
8.000000000000001554e-01,-3.248734023437447860e+01
8.000000000000001554e-01,-3.248734023437447860e+01
8.000000000000001554e-01,-3.248734023437447860e+01
8.000000000000001554e-01,-3.248734023437447860e+01
8.000000000000001554e-01,-3.248734023437447860e+01
8.000000000000001554e-01,-3.248734023437447860e+01
8.000000000000001554e-01,-3.248734023437447860e+01
8.000000000000001554e-01,-3.248734023437447860e+01
8.000000000000001554e-01,-3.248734023437447860e+01
8.000000000000001554e-01,-3.248734023437447860e+01
8.000000000000001554e-01,-3.248734023437447860e+01
8.000000000000001554e-01,-3.248734023437447860e+01
8.000000000000001554e-01,-3.248734023437447860e+01
8.000000000000001554e-01,-3.248734023437447860e+01
8.000000000000001554e-01,-3.248734023437447860e+01
8.000000000000001554e-01,-3.248734023437447860e+01
8.000000000000001554e-01,-3.248734023437447860e+01
8.000000000000001554e-01,-3.248734023437447860e+01
8.000000000000001554e-01,-3.248734023437447860e+01
8.000000000000001554e-01,-3.248734023437447860e+01
8.000000000000001554e-01,-3.248734023437447860e+01
8.000000000000001554e-01,-3.248734023437447860e+01
8.000000000000001554e-01,-3.248734023437447860e+01
8.000000000000001554e-01,-3.248734023437447860e+01
8.000000000000001554e-01,-3.248734023437447860e+01
8.000000000000001554e-01,-3.248734023437447860e+01
8.000000000000001554e-01,-3.248734023437447860e+01
8.000000000000001554e-01,-3.248734023437447860e+01
8.000000000000001554e-01,-3.248734023437447860e+01
8.000000000000001554e-01,-3.248734023437447860e+01
8.000000000000001554e-01,-3.248734023437447860e+01
8.000000000000001554e-01,-3.248734023437447860e+01
8.000000000000001554e-01,-3.248734023437447860e+01
8.000000000000001554e-01,-3.248734023437447860e+01
8.000000000000001554e-01,-3.248734023437447860e+01
8.000000000000001554e-01,-3.248734023437447860e+01
8.000000000000001554e-01,-3.248734023437447860e+01
8.000000000000001554e-01,-3.248734023437447860e+01
8.000000000000001554e-01,-3.248734023437447860e+01
8.000000000000001554e-01,-3.248734023437447860e+01
8.000000000000001554e-01,-3.248734023437447860e+01
8.000000000000001554e-01,-3.248734023437447860e+01
8.000000000000001554e-01,-3.248734023437447860e+01
8.000000000000001554e-01,-3.248734023437447860e+01
8.000000000000001554e-01,-3.248734023437447860e+01
8.000000000000001554e-01,-3.248734023437447860e+01
8.000000000000001554e-01,-3.248734023437447860e+01
8.000000000000001554e-01,-3.248734023437447860e+01
8.000000000000001554e-01,-3.248734023437447860e+01
8.000000000000001554e-01,-3.248734023437447860e+01
8.000000000000001554e-01,-3.248734023437447860e+01
8.000000000000001554e-01,-3.248734023437447860e+01
8.000000000000001554e-01,-3.248734023437447860e+01
8.000000000000001554e-01,-3.248734023437447860e+01
8.000000000000001554e-01,-3.248734023437447860e+01
8.000000000000001554e-01,-3.248734023437447860e+01
8.000000000000001554e-01,-3.248734023437447860e+01
8.000000000000001554e-01,-3.248734023437447860e+01
8.000000000000001554e-01,-3.248734023437447860e+01
8.000000000000001554e-01,-3.248734023437447860e+01
8.000000000000001554e-01,-3.248734023437447860e+01
8.000000000000001554e-01,-3.248734023437447860e+01
8.000000000000001554e-01,-3.248734023437447860e+01
8.000000000000001554e-01,-3.248734023437447860e+01
8.000000000000001554e-01,-3.248734023437447860e+01
-3.248734023437447860e+01,-3.248734023437447860e+01
-3.248734023437447860e+01,-3.248734023437447860e+01
-3.248734023437447860e+01,-3.248734023437447860e+01
-3.248734023437447860e+01,-3.248734023437447860e+01
-3.248734023437447860e+01,-6.535632460937461019e+01
-3.248734023437447860e+01,-6.535632460937461019e+01
-3.248734023437447860e+01,-6.535632460937461019e+01
-3.248734023437447860e+01,-6.535632460937461019e+01
-3.248734023437447860e+01,-6.535632460937461019e+01
-3.248734023437447860e+01,-6.535632460937461019e+01
-3.248734023437447860e+01,-6.535632460937461019e+01
-3.248734023437447860e+01,-6.535632460937461019e+01
-3.248734023437447860e+01,-6.535632460937461019e+01
-3.248734023437447860e+01,-6.535632460937461019e+01
-3.248734023437447860e+01,-6.535632460937461019e+01
-3.248734023437447860e+01,-3.206898437500013443e+01
-3.248734023437447860e+01,-3.206898437500013443e+01
-3.248734023437447860e+01,-3.206898437500013443e+01
-3.248734023437447860e+01,-3.206898437500013443e+01
-3.248734023437447860e+01,-3.206898437500013443e+01
-3.248734023437447860e+01,-3.206898437500013443e+01
-3.248734023437447860e+01,-3.206898437500013443e+01
-3.248734023437447860e+01,-3.206898437500013443e+01
-3.248734023437447860e+01,-3.206898437500013443e+01
-3.248734023437447860e+01,-3.206898437500013443e+01
-3.248734023437447860e+01,-3.206898437500013443e+01
-3.248734023437447860e+01,-3.206898437500013443e+01
-3.248734023437447860e+01,-3.206898437500013443e+01
-3.248734023437447860e+01,-3.206898437500013443e+01
-3.248734023437447860e+01,-3.206898437500013443e+01
-3.248734023437447860e+01,-3.206898437500013443e+01
-3.248734023437447860e+01,-3.206898437500013443e+01
-3.248734023437447860e+01,-3.206898437500013443e+01
-3.248734023437447860e+01,-3.206898437500013443e+01
-3.248734023437447860e+01,-3.206898437500013443e+01
-3.248734023437447860e+01,-3.206898437500013443e+01
-3.248734023437447860e+01,-3.206898437500013443e+01
-3.248734023437447860e+01,-3.206898437500013443e+01
-3.248734023437447860e+01,-3.206898437500013443e+01
-3.248734023437447860e+01,-3.206898437500013443e+01
-3.248734023437447860e+01,-3.206898437500013443e+01
-3.248734023437447860e+01,-3.206898437500013443e+01
8.000000000000001554e-01,-3.206898437500013443e+01
8.000000000000001554e-01,-3.206898437500013443e+01
8.000000000000001554e-01,-3.206898437500013443e+01
8.000000000000001554e-01,-3.206898437500013443e+01
8.000000000000001554e-01,-3.206898437500013443e+01
8.000000000000001554e-01,-3.206898437500013443e+01
8.000000000000001554e-01,-3.206898437500013443e+01
8.000000000000001554e-01,-3.206898437500013443e+01
8.000000000000001554e-01,-3.206898437500013443e+01
8.000000000000001554e-01,-3.206898437500013443e+01
8.000000000000001554e-01,-3.206898437500013443e+01
8.000000000000001554e-01,-3.206898437500013443e+01
8.000000000000001554e-01,-3.206898437500013443e+01
8.000000000000001554e-01,-3.206898437500013443e+01
8.000000000000001554e-01,-3.206898437500013443e+01
8.000000000000001554e-01,-3.206898437500013443e+01
8.000000000000001554e-01,-3.206898437500013443e+01
8.000000000000001554e-01,-3.206898437500013443e+01
8.000000000000001554e-01,-3.206898437500013443e+01
8.000000000000001554e-01,-3.206898437500013443e+01
8.000000000000001554e-01,-3.206898437500013443e+01
8.000000000000001554e-01,-3.206898437500013443e+01
8.000000000000001554e-01,-3.206898437500013443e+01
8.000000000000001554e-01,-3.206898437500013443e+01
8.000000000000001554e-01,-3.206898437500013443e+01
8.000000000000001554e-01,-3.206898437500013443e+01
8.000000000000001554e-01,-3.206898437500013443e+01
8.000000000000001554e-01,-3.206898437500013443e+01
8.000000000000001554e-01,-3.206898437500013443e+01
8.000000000000001554e-01,-3.206898437500013443e+01
8.000000000000001554e-01,-3.206898437500013443e+01
8.000000000000001554e-01,-3.206898437500013443e+01
8.000000000000001554e-01,-3.206898437500013443e+01
8.000000000000001554e-01,-3.206898437500013443e+01
8.000000000000001554e-01,-3.206898437500013443e+01
8.000000000000001554e-01,-3.206898437500013443e+01
8.000000000000001554e-01,-3.206898437500013443e+01
8.000000000000001554e-01,-3.206898437500013443e+01
8.000000000000001554e-01,-3.206898437500013443e+01
8.000000000000001554e-01,-3.206898437500013443e+01
8.000000000000001554e-01,-3.206898437500013443e+01
8.000000000000001554e-01,-3.206898437500013443e+01
8.000000000000001554e-01,-3.206898437500013443e+01
8.000000000000001554e-01,-3.206898437500013443e+01
8.000000000000001554e-01,-3.206898437500013443e+01
8.000000000000001554e-01,-3.206898437500013443e+01
8.000000000000001554e-01,-3.206898437500013443e+01
8.000000000000001554e-01,-3.206898437500013443e+01
8.000000000000001554e-01,-3.206898437500013443e+01
8.000000000000001554e-01,-3.206898437500013443e+01
8.000000000000001554e-01,-3.206898437500013443e+01
8.000000000000001554e-01,-3.206898437500013443e+01
8.000000000000001554e-01,-3.206898437500013443e+01
8.000000000000001554e-01,-3.206898437500013443e+01
8.000000000000001554e-01,-3.206898437500013443e+01
8.000000000000001554e-01,-3.206898437500013443e+01
8.000000000000001554e-01,-3.206898437500013443e+01
8.000000000000001554e-01,-3.206898437500013443e+01
8.000000000000001554e-01,-3.206898437500013443e+01
8.000000000000001554e-01,-3.206898437500013443e+01
8.000000000000001554e-01,-3.206898437500013443e+01
8.000000000000001554e-01,-3.206898437500013443e+01
8.000000000000001554e-01,-3.206898437500013443e+01
8.000000000000001554e-01,-3.206898437500013443e+01
-3.206898437500013443e+01,-3.206898437500013443e+01
-3.206898437500013443e+01,-6.465108882812540969e+01
-3.206898437500013443e+01,-6.465108882812540969e+01
-3.206898437500013443e+01,-6.465108882812540969e+01
-3.206898437500013443e+01,-6.465108882812540969e+01
-3.206898437500013443e+01,-6.465108882812540969e+01
-3.206898437500013443e+01,-6.465108882812540969e+01
-3.206898437500013443e+01,-6.465108882812540969e+01
-3.206898437500013443e+01,-6.465108882812540969e+01
-3.206898437500013443e+01,-6.465108882812540969e+01
-3.206898437500013443e+01,-3.178210445312528165e+01
-3.206898437500013443e+01,-3.178210445312528165e+01
-3.206898437500013443e+01,-3.178210445312528165e+01
-3.206898437500013443e+01,-3.178210445312528165e+01
-3.206898437500013443e+01,-3.178210445312528165e+01
-3.206898437500013443e+01,-3.178210445312528165e+01
-3.206898437500013443e+01,-3.178210445312528165e+01
-3.206898437500013443e+01,-3.178210445312528165e+01
-3.206898437500013443e+01,-3.178210445312528165e+01
-3.206898437500013443e+01,-3.178210445312528165e+01
-3.206898437500013443e+01,-3.178210445312528165e+01
-3.206898437500013443e+01,-3.178210445312528165e+01
-3.206898437500013443e+01,-3.178210445312528165e+01
-3.206898437500013443e+01,-3.178210445312528165e+01
-3.206898437500013443e+01,-3.178210445312528165e+01
-3.206898437500013443e+01,-3.178210445312528165e+01
-3.206898437500013443e+01,-3.178210445312528165e+01
-3.206898437500013443e+01,-3.178210445312528165e+01
-3.206898437500013443e+01,-3.178210445312528165e+01
-3.206898437500013443e+01,-3.178210445312528165e+01
-3.206898437500013443e+01,-3.178210445312528165e+01
-3.206898437500013443e+01,-3.178210445312528165e+01
-3.206898437500013443e+01,-3.178210445312528165e+01
-3.206898437500013443e+01,-3.178210445312528165e+01
-3.206898437500013443e+01,-3.178210445312528165e+01
-3.206898437500013443e+01,-3.178210445312528165e+01
-3.206898437500013443e+01,-3.178210445312528165e+01
-3.206898437500013443e+01,-3.178210445312528165e+01
-3.206898437500013443e+01,-3.178210445312528165e+01
-3.206898437500013443e+01,-3.178210445312528165e+01
-3.206898437500013443e+01,-3.178210445312528165e+01
-3.206898437500013443e+01,-3.178210445312528165e+01
8.000000000000001554e-01,-3.178210445312528165e+01
8.000000000000001554e-01,-3.178210445312528165e+01
8.000000000000001554e-01,-3.178210445312528165e+01
8.000000000000001554e-01,-3.178210445312528165e+01
8.000000000000001554e-01,-3.178210445312528165e+01
8.000000000000001554e-01,-3.178210445312528165e+01
8.000000000000001554e-01,-3.178210445312528165e+01
8.000000000000001554e-01,-3.178210445312528165e+01
8.000000000000001554e-01,-3.178210445312528165e+01
8.000000000000001554e-01,-3.178210445312528165e+01
8.000000000000001554e-01,-3.178210445312528165e+01
8.000000000000001554e-01,-3.178210445312528165e+01
8.000000000000001554e-01,-3.178210445312528165e+01
8.000000000000001554e-01,-3.178210445312528165e+01
8.000000000000001554e-01,-3.178210445312528165e+01
8.000000000000001554e-01,-3.178210445312528165e+01
8.000000000000001554e-01,-3.178210445312528165e+01
8.000000000000001554e-01,-3.178210445312528165e+01
8.000000000000001554e-01,-3.178210445312528165e+01
8.000000000000001554e-01,-3.178210445312528165e+01
8.000000000000001554e-01,-3.178210445312528165e+01
8.000000000000001554e-01,-3.178210445312528165e+01
8.000000000000001554e-01,-3.178210445312528165e+01
8.000000000000001554e-01,-3.178210445312528165e+01
8.000000000000001554e-01,-3.178210445312528165e+01
8.000000000000001554e-01,-3.178210445312528165e+01
8.000000000000001554e-01,-3.178210445312528165e+01
8.000000000000001554e-01,-3.178210445312528165e+01
8.000000000000001554e-01,-3.178210445312528165e+01
8.000000000000001554e-01,-3.178210445312528165e+01
8.000000000000001554e-01,-3.178210445312528165e+01
8.000000000000001554e-01,-3.178210445312528165e+01
8.000000000000001554e-01,-3.178210445312528165e+01
8.000000000000001554e-01,-3.178210445312528165e+01
8.000000000000001554e-01,-3.178210445312528165e+01
8.000000000000001554e-01,-3.178210445312528165e+01
8.000000000000001554e-01,-3.178210445312528165e+01
8.000000000000001554e-01,-3.178210445312528165e+01
8.000000000000001554e-01,-3.178210445312528165e+01
8.000000000000001554e-01,-3.178210445312528165e+01
-3.178210445312528165e+01,-3.178210445312528165e+01
-3.178210445312528165e+01,-6.394726070312527355e+01
-3.178210445312528165e+01,-6.394726070312527355e+01
-3.178210445312528165e+01,-6.394726070312527355e+01
-3.178210445312528165e+01,-6.394726070312527355e+01
-3.178210445312528165e+01,-6.394726070312527355e+01
-3.178210445312528165e+01,-6.394726070312527355e+01
-3.178210445312528165e+01,-6.394726070312527355e+01
-3.178210445312528165e+01,-3.136515624999999474e+01
-3.178210445312528165e+01,-3.136515624999999474e+01
-3.178210445312528165e+01,-3.136515624999999474e+01
-3.178210445312528165e+01,-3.136515624999999474e+01
-3.178210445312528165e+01,-3.136515624999999474e+01
-3.178210445312528165e+01,-3.136515624999999474e+01
-3.178210445312528165e+01,-3.136515624999999474e+01
-3.178210445312528165e+01,-3.136515624999999474e+01
-3.178210445312528165e+01,-3.136515624999999474e+01
-3.178210445312528165e+01,-3.136515624999999474e+01
-3.178210445312528165e+01,-3.136515624999999474e+01
-3.178210445312528165e+01,-3.136515624999999474e+01
-3.178210445312528165e+01,-3.136515624999999474e+01
-3.178210445312528165e+01,-3.136515624999999474e+01
-3.178210445312528165e+01,-3.136515624999999474e+01
-3.178210445312528165e+01,-3.136515624999999474e+01
-3.178210445312528165e+01,-3.136515624999999474e+01
-3.178210445312528165e+01,-3.136515624999999474e+01
-3.178210445312528165e+01,-3.136515624999999474e+01
-3.178210445312528165e+01,-3.136515624999999474e+01
-3.178210445312528165e+01,-3.136515624999999474e+01
-3.178210445312528165e+01,-3.136515624999999474e+01
-3.178210445312528165e+01,-3.136515624999999474e+01
-3.178210445312528165e+01,-3.136515624999999474e+01
-3.178210445312528165e+01,-3.136515624999999474e+01
-3.178210445312528165e+01,-3.136515624999999474e+01
-3.178210445312528165e+01,-3.136515624999999474e+01
-3.178210445312528165e+01,-3.136515624999999474e+01
-3.178210445312528165e+01,-3.136515624999999474e+01
-3.178210445312528165e+01,-3.136515624999999474e+01
-3.178210445312528165e+01,-3.136515624999999474e+01
8.000000000000001554e-01,-3.136515624999999474e+01
8.000000000000001554e-01,-3.136515624999999474e+01
8.000000000000001554e-01,-3.136515624999999474e+01
8.000000000000001554e-01,-3.136515624999999474e+01
8.000000000000001554e-01,-3.136515624999999474e+01
8.000000000000001554e-01,-3.136515624999999474e+01
8.000000000000001554e-01,-3.136515624999999474e+01
8.000000000000001554e-01,-3.136515624999999474e+01
8.000000000000001554e-01,-3.136515624999999474e+01
8.000000000000001554e-01,-3.136515624999999474e+01
8.000000000000001554e-01,-3.136515624999999474e+01
8.000000000000001554e-01,-3.136515624999999474e+01
8.000000000000001554e-01,-3.136515624999999474e+01
8.000000000000001554e-01,-3.136515624999999474e+01
8.000000000000001554e-01,-3.136515624999999474e+01
8.000000000000001554e-01,-3.136515624999999474e+01
8.000000000000001554e-01,-3.136515624999999474e+01
8.000000000000001554e-01,-3.136515624999999474e+01
8.000000000000001554e-01,-3.136515624999999474e+01
8.000000000000001554e-01,-3.136515624999999474e+01
8.000000000000001554e-01,-3.136515624999999474e+01
8.000000000000001554e-01,-3.136515624999999474e+01
8.000000000000001554e-01,-3.136515624999999474e+01
8.000000000000001554e-01,-3.136515624999999474e+01
8.000000000000001554e-01,-3.136515624999999474e+01
8.000000000000001554e-01,-3.136515624999999474e+01
8.000000000000001554e-01,-3.136515624999999474e+01
8.000000000000001554e-01,-3.136515624999999474e+01
8.000000000000001554e-01,-3.136515624999999474e+01
8.000000000000001554e-01,-3.136515624999999474e+01
-3.136515624999999474e+01,-3.136515624999999474e+01
-3.136515624999999474e+01,-3.136515624999999474e+01
-3.136515624999999474e+01,-3.136515624999999474e+01
-3.136515624999999474e+01,-6.324202492187522040e+01
-3.136515624999999474e+01,-6.324202492187522040e+01
-3.136515624999999474e+01,-6.324202492187522040e+01
-3.136515624999999474e+01,-6.324202492187522040e+01
-3.136515624999999474e+01,-3.107686867187522850e+01
-3.136515624999999474e+01,-3.107686867187522850e+01
-3.136515624999999474e+01,-3.107686867187522850e+01
-3.136515624999999474e+01,-3.107686867187522850e+01
-3.136515624999999474e+01,-3.107686867187522850e+01
-3.136515624999999474e+01,-3.107686867187522850e+01
-3.136515624999999474e+01,-3.107686867187522850e+01
-3.136515624999999474e+01,-3.107686867187522850e+01
-3.136515624999999474e+01,-3.107686867187522850e+01
-3.136515624999999474e+01,-3.107686867187522850e+01
-3.136515624999999474e+01,-3.107686867187522850e+01
-3.136515624999999474e+01,-3.107686867187522850e+01
-3.136515624999999474e+01,-3.107686867187522850e+01
-3.136515624999999474e+01,-3.107686867187522850e+01
-3.136515624999999474e+01,-3.107686867187522850e+01
-3.136515624999999474e+01,-3.107686867187522850e+01
-3.136515624999999474e+01,-3.107686867187522850e+01
-3.136515624999999474e+01,-3.107686867187522850e+01
-3.136515624999999474e+01,-3.107686867187522850e+01
-3.136515624999999474e+01,-3.107686867187522850e+01
-3.136515624999999474e+01,-3.107686867187522850e+01
-3.136515624999999474e+01,-3.107686867187522850e+01
-3.136515624999999474e+01,-3.107686867187522850e+01
-3.136515624999999474e+01,-3.107686867187522850e+01
-3.136515624999999474e+01,-3.107686867187522850e+01
-3.136515624999999474e+01,-3.107686867187522850e+01
-3.136515624999999474e+01,-3.107686867187522850e+01
-3.136515624999999474e+01,-3.107686867187522850e+01
-3.136515624999999474e+01,-3.107686867187522850e+01
8.000000000000001554e-01,-3.107686867187522850e+01
8.000000000000001554e-01,-3.107686867187522850e+01
8.000000000000001554e-01,-3.107686867187522850e+01
8.000000000000001554e-01,-3.107686867187522850e+01
8.000000000000001554e-01,-3.107686867187522850e+01
8.000000000000001554e-01,-3.107686867187522850e+01
8.000000000000001554e-01,-3.107686867187522850e+01
8.000000000000001554e-01,-3.107686867187522850e+01
8.000000000000001554e-01,-3.107686867187522850e+01
8.000000000000001554e-01,-3.107686867187522850e+01
