7.409343477079207829e-04
7.501410102518047893e-04
7.596067119225621530e-04
7.693287518521184365e-04
7.793050053711145708e-04
7.895267401935299797e-04
7.999882470081769994e-04
8.106806768294449583e-04
8.215926676440850947e-04
8.327104979281741304e-04
8.440178158919464180e-04
8.554936456876093128e-04
8.671190158329777952e-04
8.788664094487171844e-04
8.907063406037941987e-04
9.026054458016073354e-04
9.145262935585030594e-04
9.264273813193005290e-04
9.382639417279606394e-04
9.499848632520984564e-04
9.615372598082888621e-04
9.728573411209014230e-04
9.838888487110624033e-04
9.945644921437702627e-04
1.004816132731536655e-03
1.014573373011685509e-03
1.023765920124369106e-03
1.032322330103818643e-03
1.040172609805658024e-03
1.047249527260901269e-03
1.053489668463309563e-03
1.058835976796416263e-03
1.063237107873402998e-03
1.066648102900426363e-03
1.069034184595371063e-03
1.070370901834694771e-03
1.070644232821976911e-03
1.069851004306079933e-03
1.067997010900749054e-03
1.065102751909818759e-03
1.061197515077895752e-03
1.056321115244865340e-03
1.050516568259375356e-03
1.043840739510068939e-03
1.036354222455841689e-03
1.028122930740918168e-03
1.019216396059610761e-03
1.009705207114676168e-03
9.996610213014389072e-04
9.891552497039806085e-04
9.782579674545185781e-04
9.670367435060258461e-04
9.555562260575394245e-04
9.438780693068073548e-04
9.320593472682578255e-04
9.201534131955227706e-04
9.082093051717499491e-04
8.962716604253573305e-04
8.843807729356662492e-04
8.725726800782309875e-04
8.608793513509793932e-04
8.493289080436146896e-04
8.379458507026276868e-04
8.267513148550448407e-04
8.157633376875498546e-04
8.049969443780796317e-04
7.944645652773099209e-04
7.841766492449659840e-04
7.741411685472927677e-04
7.643644648555210624e-04
7.548510940504281038e-04
7.456042501819891378e-04
7.366261318680789472e-04
7.279172061187022015e-04
7.194773041841817998e-04
7.113054319998549091e-04
7.033998754950553101e-04
6.957583167095892068e-04
6.883779341647184528e-04
6.812554912842479519e-04
6.743872958955654615e-04
6.677694897514156605e-04
6.613980738785763241e-04
6.552685713094301857e-04
6.493762777272743493e-04
6.437173689979073469e-04
6.382870989791446193e-04
6.330808531230505600e-04
6.280941251858205253e-04
6.233224302014392978e-04
6.187613265517246872e-04
6.144064324227050235e-04
6.102534390424931704e-04
6.062981216057553198e-04
6.025363486136685104e-04
5.989640842371845089e-04
5.955773654675546773e-04
5.923722544111282044e-04
5.893450609517020353e-04
5.864921772704216303e-04
