2.371154480706018169e-04
2.364315246815528978e-04
2.357796930109722099e-04
2.351597647172141699e-04
2.345720366093351954e-04
2.340153621114602169e-04
2.334899884613827320e-04
2.329957743515851602e-04
2.325324649031209939e-04
2.320998744270074614e-04
2.316978109075414202e-04
2.313256431156804729e-04
2.309840458098581003e-04
2.306723790502224875e-04
2.303904396077777195e-04
2.301380223516161477e-04
2.299149183410469598e-04
2.297209331355476621e-04
2.295559982700136564e-04
2.294197346842732368e-04
2.293123170523720842e-04
2.292322795313714691e-04
2.291806761876679223e-04
2.291568567319963263e-04
2.291605925214999990e-04
2.291916467947238266e-04
2.292497791632987952e-04
2.293347404907002075e-04
2.294462752505261054e-04
2.295841204990622150e-04
2.297480000886329007e-04
2.299378417847721952e-04
2.301534380125249356e-04
2.303942564568484911e-04
2.306599581080060477e-04
2.309503194623975107e-04
2.312650418320511719e-04
2.316038184924939266e-04
2.319663252461583289e-04
2.323522467124904036e-04
2.327612511376686338e-04
2.331934342894780249e-04
2.336475639633904945e-04
2.341237292836955070e-04
2.346213453319509847e-04
2.351402090159970034e-04
2.356806097368416850e-04
2.362419078249281229e-04
2.368235993335589837e-04
2.374252457618124419e-04
2.380464267199514246e-04
2.386867187238442452e-04
2.393456900736634608e-04
2.400229142686202298e-04
2.407179515762224880e-04
2.414303606463002560e-04
2.421596890281740183e-04
2.429058045599749778e-04
2.436683654006413025e-04
2.444463534178495617e-04
2.452393646873803523e-04
2.460471475833626289e-04
2.468693503868533588e-04
2.477055930098992975e-04
2.485554867089242699e-04
2.494186368184131094e-04
2.502946474037169252e-04
2.511831337840867654e-04
2.520837101006561786e-04
2.529960137830490445e-04
2.539193820907439383e-04
2.548534471126494565e-04
2.557982923307485900e-04
2.567530097381016821e-04
2.577172863611921095e-04
2.586908174219237195e-04
2.596732882612685120e-04
2.606643885400301971e-04
2.616638176171463825e-04
2.626712876596977312e-04
2.636865192259218700e-04
2.647092596695828901e-04
2.657392941652131553e-04
2.667762366722947536e-04
2.678195689404481712e-04
2.688696249675949046e-04
2.699259840387126718e-04
2.709883929216237871e-04
2.720566995878683880e-04
2.731307630725265077e-04
2.742104583193014479e-04
2.752956772640767968e-04
2.763863293151586314e-04
2.774823416345334449e-04
2.785836594313415623e-04
2.796902457828438120e-04
2.808020767819280642e-04
2.819190688379038514e-04
2.830412507371179607e-04
2.841686533382203374e-04
