2.914229757641787692e-04
2.923147459506370417e-04
2.931849701992276960e-04
2.940305700439019764e-04
2.948490930546599203e-04
2.956361804919500533e-04
2.963893308489555295e-04
2.971054391525674828e-04
2.977813946701152745e-04
2.984141352291770242e-04
2.990006502734963490e-04
2.995375870567685422e-04
3.000240417533738425e-04
3.004558091980932800e-04
3.008300710606419946e-04
3.011448309729235434e-04
3.013980909944190072e-04
3.015879977384107414e-04
3.017129757557392698e-04
3.017715306937651318e-04
3.017631131920248491e-04
3.016849239908869296e-04
3.015382885121313528e-04
3.013222572885072034e-04
3.010366846810374206e-04
3.006814988748021623e-04
3.002579604241291779e-04
2.997665012880739062e-04
2.992081961909965259e-04
2.985845720236140902e-04
2.978973828883336528e-04
2.971488325182095437e-04
2.963412512861516505e-04
2.954768696797258325e-04
2.945583087077874090e-04
2.935884813000206261e-04
2.925704112984122925e-04
2.915072306914840762e-04
2.904019114662441956e-04
2.892580570283775454e-04
2.880790677619688377e-04
2.868688744481626075e-04
2.856297205202713483e-04
2.843656819197640565e-04
2.830799086242785645e-04
2.817760098565131959e-04
2.804582159430722655e-04
2.791294869958406573e-04
2.777928787738847280e-04
2.764514533057330515e-04
2.751081934511336209e-04
2.737659666903966005e-04
2.724275269550370591e-04
2.710955271913677148e-04
2.697724693748690958e-04
2.684607398336691961e-04
2.671625831850728120e-04
2.658805700211300921e-04
2.646168496927986131e-04
2.633724846976559248e-04
2.621492815004503236e-04
2.609491409271207877e-04
2.597737014116153478e-04
2.586244428102981363e-04
2.575027170000705919e-04
2.564097589425420897e-04
2.553466967223963469e-04
2.543145618092765140e-04
2.533142913627889109e-04
2.523467496980870027e-04
2.514122869376113779e-04
2.505115791978075276e-04
2.496458448611553189e-04
2.488148344067760208e-04
2.480190521004264968e-04
2.472589368375610695e-04
2.465348404730674124e-04
2.458470508000423879e-04
2.451958019423266448e-04
2.445812813870668675e-04
2.440036366742625879e-04
2.434629860504986931e-04
2.429594388200862279e-04
2.424928302709263332e-04
2.420627629045610046e-04
2.416699308364952785e-04
2.413139736595120636e-04
2.409947066028813938e-04
2.407120398238494542e-04
2.404658577079218126e-04
2.402560260001979238e-04
2.400823950003447933e-04
2.399448017943215479e-04
2.398430721185848948e-04
2.397770221227936600e-04
2.397464603648243508e-04
2.397511875059648721e-04
2.397908956650314602e-04
2.398653929663656327e-04
2.399744668850994325e-04
