-6.331104198082929457e+00,-5.951968295420869026e+00
-6.362330217725292059e+00,-5.981813873262662895e+00
-6.389679482609517791e+00,-6.013106954251284719e+00
-6.418365026807126839e+00,-6.043045244543304939e+00
-6.447769265165217867e+00,-6.072863329048065140e+00
-6.474242237116881959e+00,-6.102378970654381618e+00
-6.502611615992394789e+00,-6.131736458815108648e+00
-6.530380916827183135e+00,-6.160624532830844657e+00
-6.557776149000486221e+00,-6.188993831132290957e+00
-6.586552006778359392e+00,-6.217865748294907569e+00
-6.613090351562764369e+00,-6.245867727373587641e+00
-6.636431201438051986e+00,-6.273395562124238545e+00
-6.664915754615254428e+00,-6.301247469351880071e+00
-6.691795694300767039e+00,-6.328581465270363360e+00
-6.717490342793713154e+00,-6.356004089502643950e+00
-6.743190013784762016e+00,-6.382537392759039641e+00
-6.767034523120148748e+00,-6.409634499148911146e+00
-6.793100334227078818e+00,-6.436026729063295093e+00
-6.817161265915088642e+00,-6.461744960650351643e+00
-6.843118755234994133e+00,-6.487725139569251454e+00
-6.867011561396643593e+00,-6.513607009490193889e+00
-6.891700945274894963e+00,-6.537218390702621562e+00
-6.914708987051267464e+00,-6.563989451643727158e+00
-6.935197566760340493e+00,-6.588728790338734598e+00
-6.962116903033379600e+00,-6.613403606972195092e+00
-6.983118281861148802e+00,-6.637948759305063007e+00
-7.005737126980382534e+00,-6.662255355780333232e+00
-7.026707884049713471e+00,-6.686265007777868696e+00
-7.052366345640859180e+00,-6.709928426793318579e+00
-7.068037738994551233e+00,-6.733466201106757865e+00
-7.095245745764048095e+00,-6.756169848124710775e+00
-7.118450709083522732e+00,-6.779735646422534678e+00
-7.139708135091410668e+00,-6.802216376491497130e+00
-7.160893095372661499e+00,-6.825027374872480124e+00
-7.187445467665026122e+00,-6.847367850785873955e+00
-7.202563388220316831e+00,-6.869428192445464987e+00
-7.223430816145182121e+00,-6.891023244879824539e+00
-7.243476908418401194e+00,-6.912901782502402170e+00
-7.264041847053563927e+00,-6.934284506968911188e+00
-7.283383876880067831e+00,-6.955621344130910266e+00
-7.304016488645149963e+00,-6.978266484881253007e+00
-7.322692391693689018e+00,-6.997191978826851511e+00
-7.341876068830993418e+00,-7.017805920535399089e+00
-7.360733283488794854e+00,-7.037739591664920802e+00
-7.378713223086129425e+00,-7.058164670248081585e+00
-7.397123264143615096e+00,-7.077664882735587248e+00
-7.415869019592299161e+00,-7.097068653635351332e+00
-7.432880292106810671e+00,-7.116395874639550811e+00
-7.450811294247994709e+00,-7.135783704095807423e+00
-7.468395165114351641e+00,-7.154736856380066179e+00
-7.486920393983051980e+00,-7.173285106756324581e+00
-7.504123376686570701e+00,-7.191495971763970374e+00
-7.518690682950090576e+00,-7.210066834656737811e+00
-7.536106208593354339e+00,-7.227636559845149300e+00
-7.552426088687429484e+00,-7.245765161158971068e+00
-7.568473555687316612e+00,-7.263042597143014589e+00
-7.585039287072850023e+00,-7.280932636348909526e+00
-7.600726194284321835e+00,-7.298074137848880483e+00
-7.616018061982813947e+00,-7.314873612064501707e+00
-7.631368386651472768e+00,-7.331757513246428992e+00
-7.645747933789529327e+00,-7.348447230826026910e+00
-7.660460711806926781e+00,-7.364854794241921354e+00
-7.668071853180079778e+00,-7.380219386116040781e+00
-7.729341928608056911e+00,-7.395925213550191835e+00
-7.704352302601266800e+00,-7.411799224998685709e+00
-7.720413188048592446e+00,-7.427486372634897194e+00
-7.732485551835589277e+00,-7.443017046244334800e+00
-7.745555775444812774e+00,-7.458229251754751488e+00
-7.758627676486259617e+00,-7.473378757195179745e+00
-7.772757025601132241e+00,-7.488285145321282421e+00
-7.784581340821219442e+00,-7.502117874975515299e+00
-7.798215775194195842e+00,-7.516469653159191466e+00
-7.810807272979523930e+00,-7.530354342234936382e+00
-7.823685017503414052e+00,-7.544124958037457418e+00
-7.835268227395821405e+00,-7.558231094385840620e+00
-7.847114521065447157e+00,-7.571373979522968867e+00
-7.858928491550848605e+00,-7.566392760400107775e+00
-7.870895011393585605e+00,-7.597733725521165660e+00
-7.882090908058106749e+00,-7.610426877959925562e+00
-7.892866421911860719e+00,-7.623967421593457416e+00
-7.901653427697574728e+00,-7.635894581228206413e+00
-7.914933736145201237e+00,-7.647987308463064515e+00
-7.925608768727274267e+00,-7.660221147414247866e+00
-7.936014371035970960e+00,-7.671942196260397751e+00
-7.945464679291172061e+00,-7.684253566164551685e+00
-7.956081932401949608e+00,-7.694917681445287094e+00
-7.965680448823814430e+00,-7.705703249826635570e+00
-7.975711899329791521e+00,-7.717660599397051513e+00
-7.984489214524595369e+00,-7.728855653846562035e+00
-7.993647984764057135e+00,-7.739377719299446845e+00
-8.002990026863349371e+00,-7.749873360381686282e+00
-8.011845693799592993e+00,-7.760399876791852947e+00
-8.020470688818397420e+00,-7.770670997892584531e+00
-8.028749280303996372e+00,-7.780836230118997499e+00
-8.036873018289233173e+00,-7.790602215069587722e+00
-8.045462206740378264e+00,-7.800146099653862741e+00
-8.053010387757920441e+00,-7.810482706236318684e+00
-8.060873379141558104e+00,-7.818873956869774489e+00
-8.068219767516271901e+00,-7.828156839383392906e+00
-8.075771424905148876e+00,-7.836977322646986543e+00
-8.082252776298238572e+00,-7.845730148641675505e+00
-8.089940121227849446e+00,-7.854330077326517667e+00
-8.096396904067786338e+00,-7.863156937289986104e+00
-8.105213830520581197e+00,-7.871162138236579509e+00
-8.109862785401977803e+00,-7.879199512755119095e+00
-8.116352682682091313e+00,-7.886901450896698584e+00
-8.122496439693104975e+00,-7.898248855594776074e+00
-8.128410501277285150e+00,-7.903842638406105792e+00
-8.133988069917156949e+00,-7.909787628251521596e+00
-8.139541736272237316e+00,-7.918374452561602439e+00
-8.145037121658850410e+00,-7.923711283139081907e+00
-8.150599645995532327e+00,-7.931009186752499218e+00
-8.155657684921198580e+00,-7.937440977037595324e+00
-8.160779883314155825e+00,-7.943926251411959072e+00
-8.165143022863666999e+00,-7.949870970328955622e+00
-8.169884739731324785e+00,-7.956510255171139079e+00
-8.174450347265386441e+00,-7.962503428356296098e+00
-8.179135573396926873e+00,-7.968878400854240596e+00
-8.182390042068917069e+00,-7.974799601333626420e+00
-8.186289079222076381e+00,-7.979458721762648921e+00
-8.190521388278295234e+00,-7.984998864477508285e+00
-8.194093115419610385e+00,-7.990355307590153444e+00
-8.197915100808291555e+00,-7.996480547961643204e+00
-8.200720075128840492e+00,-8.000570862924078597e+00
-8.203273855090317923e+00,-8.004624523950433002e+00
-8.206863644879796027e+00,-8.009152367118554494e+00
-8.209894625383467925e+00,-8.014077056299512947e+00
-8.212188935146109259e+00,-8.017949248018387820e+00
-8.214867730073690311e+00,-8.022364641844447419e+00
-8.217161118018109889e+00,-8.023211297148177934e+00
-8.219153443630817790e+00,-8.030555029997236360e+00
-8.221404267369932128e+00,-8.033941040746192641e+00
-8.223285925138823060e+00,-8.037700443945508866e+00
-8.224958572025661496e+00,-8.041108165101009675e+00
-8.226679516803701020e+00,-8.043889340386789044e+00
-8.228084029377459530e+00,-8.047115078964869994e+00
-8.229472688105289535e+00,-8.049759170558628441e+00
-8.230431663686891497e+00,-8.052856795061350326e+00
-8.231386171763061199e+00,-8.055804998886092250e+00
-8.232745830533630738e+00,-8.057924526042256730e+00
-8.233937399279868785e+00,-8.060369186017041443e+00
-8.233673187561704410e+00,-8.062707816038329867e+00
-8.233909126235484877e+00,-8.064637937962197967e+00
-8.234378690792393485e+00,-8.066803843257602580e+00
-8.234501140731259383e+00,-8.068214780428849764e+00
-8.234604563801498855e+00,-8.070139815589556065e+00
-8.234493790227842780e+00,-8.065255852641177725e+00
-8.234191111824062048e+00,-8.072937509811746182e+00
-8.233630546445771969e+00,-8.073594310522699047e+00
-8.233459037444690765e+00,-8.075357133251506170e+00
-8.232395779244892964e+00,-8.075901307307182364e+00
-8.230948985928410622e+00,-8.076719482623584412e+00
-8.230633476373027335e+00,-8.077435444688735089e+00
-8.228805934264826760e+00,-8.078171876050125988e+00
-8.228040747889661333e+00,-8.088381083771455593e+00
-8.227114201850582731e+00,-8.078180185778986555e+00
-8.225379376499210693e+00,-8.079403360433097703e+00
-8.224807536490622795e+00,-8.078805943236982756e+00
-8.221954787564685674e+00,-8.079981245630184716e+00
-8.220872262228317240e+00,-8.078614268603097059e+00
-8.218558201858826351e+00,-8.077677031830202026e+00
-8.215770931474834171e+00,-8.077816487787684352e+00
-8.214009874105018483e+00,-8.077527862454813246e+00
-8.211466781475900589e+00,-8.076750504545207932e+00
-8.208823756847626996e+00,-8.074888925149236840e+00
-8.206291794344892310e+00,-8.074293089207044360e+00
-8.204409738052190093e+00,-8.072942365598734682e+00
-8.200797533260873351e+00,-8.071753226754323052e+00
-8.197310318488705505e+00,-8.070419408940381345e+00
-8.195757555207864087e+00,-8.068798301916697113e+00
-8.191418546769012821e+00,-8.068002564905176754e+00
-8.188080635227585447e+00,-8.066031071977425526e+00
-8.184461048706838326e+00,-8.063832838036011808e+00
-8.180864245027647641e+00,-8.061962545636630395e+00
-8.177550549809369684e+00,-8.059791342058160168e+00
-8.170127293977328620e+00,-8.056878616781835589e+00
-8.169688268106549245e+00,-8.056234820891480908e+00
-8.165786002906919805e+00,-8.063760999358397186e+00
-8.161447102952898547e+00,-8.048584822396582794e+00
-8.152485231039547031e+00,-8.041571838651920601e+00
-8.152808313360417003e+00,-8.044152105019076515e+00
-8.148198619247340346e+00,-8.037105309626543459e+00
-8.143655488934305353e+00,-8.038498129566953310e+00
-8.139048939228759494e+00,-8.035693330842445192e+00
-8.134380294760301666e+00,-8.033111374902473401e+00
-8.129482932203217160e+00,-8.028808347615402852e+00
-8.124330136198693708e+00,-8.026153672283868445e+00
-8.119350313033224964e+00,-8.021983006069957511e+00
-8.114073255888202496e+00,-8.018258763388573129e+00
-8.108924803721825114e+00,-8.014250588558288868e+00
-8.103346474824306256e+00,-8.010553782829525460e+00
-8.097911800899092682e+00,-8.006261699571865620e+00
-8.092322953421740905e+00,-8.002317672407853522e+00
-8.084509721558164941e+00,-7.997914151213717737e+00
-8.078023507479855425e+00,-7.995064707158954675e+00
-8.075601711091801249e+00,-7.990508162615793886e+00
-8.068807962863443706e+00,-7.985078775646091920e+00
-8.062840910561382302e+00,-7.980392532703011632e+00
-8.056533025762474765e+00,-7.976333997389493113e+00
-8.050521160407003052e+00,-7.971042164366437532e+00
-8.044068653209048847e+00,-7.964913299944098135e+00
-8.037359952703203803e+00,-7.959732900868917937e+00
-8.030903394906799164e+00,-7.955020941242529453e+00
-8.024251845799255989e+00,-7.950697499029299564e+00
-8.031559561337564546e+00,-7.945100685075310309e+00
-8.011044967447151777e+00,-7.954953733519815273e+00
-8.002203149818431172e+00,-7.934305062060548863e+00
-7.996190020329130732e+00,-7.929246379033306091e+00
-7.987707262324720503e+00,-7.922972564672164708e+00
-7.982415883104419407e+00,-7.917001637731788222e+00
-7.975003351703979781e+00,-7.911177551983850975e+00
-7.967969254710182803e+00,-7.907334852631926481e+00
-7.960596439421760095e+00,-7.899532381202864606e+00
-7.952995246467267521e+00,-7.892069858781143310e+00
-7.944982522095057398e+00,-7.887187235431816212e+00
-7.937542463901891665e+00,-7.878270540043960324e+00
-7.930070067919335663e+00,-7.874157213734997995e+00
-7.922075886095118591e+00,-7.867864790846498479e+00
-7.914190973829082765e+00,-7.861140114967131609e+00
-7.905874159087649566e+00,-7.854375545998792063e+00
-7.898259516407854619e+00,-7.848420831124975905e+00
-7.890572796626485363e+00,-7.841735368812412510e+00
-7.881929171615496443e+00,-7.834818465855851066e+00
-7.873287896168037037e+00,-7.827051353395671818e+00
-7.865159867211698241e+00,-7.822073452625187606e+00
-7.856335110816054623e+00,-7.813341709628921272e+00
-7.849977259550435349e+00,-7.806328476588930698e+00
-7.839715948503233278e+00,-7.799020169115222778e+00
-7.830804504615023198e+00,-7.791465058627668583e+00
-7.821467496087561422e+00,-7.783958882870115836e+00
-7.814016641247786943e+00,-7.775975270072935430e+00
-7.804780888612350864e+00,-7.768414198030267670e+00
-7.795792385449115791e+00,-7.760737388548355931e+00
-7.786589524618586111e+00,-7.753208833178615755e+00
-7.777968101512290566e+00,-7.745396541923042832e+00
-7.768483429574970955e+00,-7.737747209934643600e+00
-7.759749058435722269e+00,-7.729263157382644245e+00
-7.750031941581619677e+00,-7.721715853461502910e+00
-7.741867495541050914e+00,-7.713183762468403870e+00
-7.731645973200279798e+00,-7.703930580535788941e+00
-7.722153795234540041e+00,-7.696307341682416592e+00
-7.712430411169171940e+00,-7.688116273522289212e+00
-7.702942954563920530e+00,-7.679544552450420447e+00
-7.693438356514881171e+00,-7.671299266854314070e+00
-7.681810504812364826e+00,-7.663280091181622566e+00
-7.673861307046279556e+00,-7.655020452796719610e+00
-7.664136213711699064e+00,-7.645289564150691497e+00
-7.654688848603979245e+00,-7.636952288035399938e+00
-7.644707461108675162e+00,-7.629160398363058704e+00
-7.635029969238717129e+00,-7.623877203945395031e+00
-7.624776904257330123e+00,-7.610411237489258518e+00
-7.614569963590859913e+00,-7.601546972282481995e+00
-7.604570900343720297e+00,-7.592891251913830963e+00
-7.594210191533064425e+00,-7.583709823814773543e+00
-7.584402615202110454e+00,-7.575405449799018420e+00
-7.575285149493473646e+00,-7.564713987957991215e+00
-7.563815666156348705e+00,-7.555330968165987038e+00
-7.545863681756796559e+00,-7.546371606471699245e+00
-7.543051631569245963e+00,-7.537156811336706674e+00
-7.532792150241045093e+00,-7.526643642744374141e+00
-7.521847085950181366e+00,-7.518555027962015025e+00
-7.511999598571228454e+00,-7.509222561489497849e+00
-7.501227603005053091e+00,-7.502230485410442462e+00
-7.490839232188182706e+00,-7.490025834602377586e+00
-7.479909229893086042e+00,-7.478801373633330307e+00
-7.469257451702247863e+00,-7.468927875754317824e+00
-7.458440846029074756e+00,-7.460197777532193264e+00
-7.447788884131471221e+00,-7.448487645190787987e+00
-7.437177391669218096e+00,-7.440482649744865284e+00
-7.426348658037174033e+00,-7.429316932661357953e+00
-7.415474445338586129e+00,-7.419446948654429441e+00
-7.405868119441527675e+00,-7.410405342670654427e+00
-7.393630693718532321e+00,-7.400769169595402985e+00
-7.382760582973691754e+00,-7.389793955123922231e+00
-7.371734635609692887e+00,-7.379332000621097620e+00
-7.360783001027735750e+00,-7.368966226531347807e+00
-7.349485318004979284e+00,-7.358497451218278584e+00
-7.338427417993026225e+00,-7.348287939192030827e+00
-7.327506213145678515e+00,-7.337796494762009125e+00
-7.316213382832002843e+00,-7.327769032487705836e+00
-7.305232198108369879e+00,-7.317079535365049736e+00
-7.294061253256756139e+00,-7.306398433109930757e+00
-7.282642452188786031e+00,-7.296662875471184861e+00
-7.271002905980570752e+00,-7.285870027414695471e+00
-7.260148008512039119e+00,-7.275364534730993427e+00
-7.248964422496510629e+00,-7.264051739366232496e+00
-7.237422545931700313e+00,-7.253993207892475148e+00
-7.226461345643325984e+00,-7.285506222415351729e+00
-7.215020669070345782e+00,-7.231768931029413316e+00
-7.203261688366359827e+00,-7.223038675008595533e+00
-7.192091067994468290e+00,-7.244720101948193047e+00
-7.185274457596060316e+00,-7.198908568542245590e+00
-7.169680882834535751e+00,-7.188575549271934761e+00
-7.156452881496889518e+00,-7.177497167016678503e+00
-7.146707300860187573e+00,-7.167203336938761105e+00
-7.135058064399193434e+00,-7.155775262364103995e+00
-7.123326570351560250e+00,-7.144605334286819875e+00
-7.111630186360740957e+00,-7.132129338333117019e+00
-7.100097428851460002e+00,-7.122706117548988303e+00
-7.088780455961509297e+00,-7.111393611298144180e+00
-7.077023049838202517e+00,-7.100375500526189931e+00
-7.065732402642146859e+00,-7.089092575453633138e+00
-7.053869118956486162e+00,-7.077750458979697790e+00
-7.042462938886254520e+00,-7.067065703543159216e+00
-7.030601083952027430e+00,-7.055589133070906627e+00
-7.018983335802857049e+00,-7.044216948899765462e+00
-7.007350328925804561e+00,-7.033138884627253340e+00
-6.996037870601551134e+00,-7.021226103486366554e+00
-6.984607920577087015e+00,-7.009469296697723451e+00
-6.972836852470812197e+00,-6.999952446214088297e+00
-6.960863992314286541e+00,-6.988583271306271882e+00
-6.949250071318690658e+00,-6.976242015462858603e+00
-6.937641127204611458e+00,-6.965057456842683514e+00
-6.926188350549515427e+00,-6.953832485314260126e+00
-6.914009489777114936e+00,-6.942482782522889195e+00
-6.902808615173753104e+00,-6.930845729383007914e+00
-6.891203918806765749e+00,-6.919289851930750856e+00
-6.879609735216807742e+00,-6.907861730395580047e+00
-6.867850890689729759e+00,-6.896803036273992937e+00
-6.856377817817964626e+00,-6.884203599147548758e+00
-6.844562750099408177e+00,-6.873000433039718082e+00
-6.832796847329652756e+00,-6.862028871772736238e+00
-6.821233227960239454e+00,-6.854380952117441694e+00
-6.809724771873527871e+00,-6.839146391678230685e+00
-6.798494141143637037e+00,-6.805779007036007577e+00
-6.786615499320831191e+00,-6.816871189065368597e+00
-6.775203575959384494e+00,-6.804263375830597482e+00
-6.763403477509932316e+00,-6.792511547538795824e+00
-6.751528185699308793e+00,-6.781286956070904814e+00
-6.739993133328100683e+00,-6.770159230898578073e+00
-6.728922694781039660e+00,-6.757959794213744154e+00
-6.716986850123901398e+00,-6.746734581738604852e+00
-6.704681878353240698e+00,-6.734957340284704941e+00
-6.693872231452393073e+00,-6.723770496045260892e+00
-6.682512856466390261e+00,-6.712371849556136638e+00
-6.670903900752048088e+00,-6.699103777780718083e+00
-6.659316515061405539e+00,-6.688728651845486262e+00
-6.648109178569042932e+00,-6.677335429238619113e+00
-6.636987581651162316e+00,-6.665864591822708185e+00
-6.625270030019127177e+00,-6.653744106355016896e+00
-6.613901200023938109e+00,-6.642323661092274456e+00
-6.602337083618549762e+00,-6.630568381734462058e+00
-6.591023897297784373e+00,-6.620485680568660491e+00
-6.579662568881930795e+00,-6.607594475649705146e+00
-6.568475212270978858e+00,-6.596647366061843876e+00
-6.557240200030188149e+00,-6.584733270685886986e+00
-6.546006161964370129e+00,-6.573108851910307138e+00
-6.534678800186992653e+00,-6.562629099276216849e+00
-6.523686735672150405e+00,-6.549309592301958638e+00
-6.512406211679000023e+00,-6.539175562647759676e+00
-6.501243507459976811e+00,-6.527414354772812288e+00
-6.490363512956273340e+00,-6.517895971753027595e+00
-6.478988912065950956e+00,-6.504343675366882849e+00
-6.468085404011841177e+00,-6.493575907798862623e+00
-6.456838382172232826e+00,-6.482408684003975630e+00
-6.446091066651536750e+00,-6.468369290054458709e+00
-6.434964783091380092e+00,-6.460170905733787272e+00
-6.424915698678809406e+00,-6.448293809059655324e+00
-6.413555341149095312e+00,-6.437187670250643201e+00
-6.400821650450660982e+00,-6.424352882343528748e+00
-6.391283672304757246e+00,-6.414278039604830006e+00
-6.380641719032448478e+00,-6.400053685487279154e+00
-6.370415318989624431e+00,-6.392229925161008630e+00
-6.359404326457115175e+00,-6.380480955616345540e+00
-6.348559461962821615e+00,-6.367464964460673116e+00
-6.338040030288566662e+00,-6.362473987510743001e+00
-6.327543977251064433e+00,-6.347376811544137354e+00
-6.316707846674205484e+00,-6.336026999916123614e+00
-6.303385642898604146e+00,-6.323953543822421253e+00
-6.296040280368476516e+00,-6.302473799642029029e+00
-6.284639592686818155e+00,-6.302820012439361186e+00
-6.275351733732834170e+00,-6.292220859121209209e+00
-6.264840970116793528e+00,-6.280608702450326319e+00
-6.254618412549807438e+00,-6.269932837047984542e+00
-6.244607768577111528e+00,-6.260291044428770491e+00
-6.234414201775412501e+00,-6.249278709137050747e+00
-6.224280092977608092e+00,-6.238664048971426901e+00
-6.214321996235850243e+00,-6.226958421272903443e+00
-6.204292150270639183e+00,-6.217182215319069449e+00
-6.193767397848566780e+00,-6.206248152800408313e+00
-6.181286913523543092e+00,-6.195927167362319743e+00
-6.174438505940508470e+00,-6.184649872958473793e+00
-6.157613415436205884e+00,-6.174458634383336531e+00
-6.154938095719529656e+00,-6.164171841512664507e+00
-6.145181271798271894e+00,-6.153990134937203926e+00
-6.131556305991123779e+00,-6.143993817829848325e+00
-6.126440624711359639e+00,-6.133150453033032967e+00
-6.116529139221039024e+00,-6.122780285273133671e+00
-6.106728575398382652e+00,-6.111084574527527735e+00
-6.097848138637598225e+00,-6.102254957901038779e+00
-6.088482877780158731e+00,-6.092127325520674930e+00
-6.079314871544511334e+00,-6.082343829777490996e+00
-6.069862088894885765e+00,-6.071873651516646930e+00
-6.060915567463506903e+00,-6.062065068046721628e+00
-6.039722212402489632e+00,-6.051973425813343965e+00
-6.043300669034277206e+00,-6.042228414924871061e+00
-6.033973713152679608e+00,-6.032349006046923812e+00
-6.023311408324631522e+00,-6.022701637367305239e+00
-6.016188426168768366e+00,-6.013321665917815473e+00
-6.007445157207960129e+00,-6.003893888032931336e+00
-5.998687821508373652e+00,-5.994191121735046757e+00
-5.990504670036636448e+00,-5.983359208712523802e+00
-5.981680575447609449e+00,-5.975062875019094832e+00
-5.973342521657592386e+00,-5.965467244112762302e+00
-5.964866060879434606e+00,-5.956505969023097258e+00
-5.956634395657236070e+00,-5.947365017405108034e+00
-5.948386013282343399e+00,-5.936689611093181718e+00
-5.939997346712047488e+00,-5.928887766738157872e+00
-5.931930074520977314e+00,-5.919063769820652965e+00
-5.923950906696116014e+00,-5.910859765584641323e+00
-5.915858307935494054e+00,-5.903009805931773712e+00
-5.907751287305159416e+00,-5.892540972547110734e+00
-5.900315448884155600e+00,-5.883101169172384459e+00
-5.892253772607964457e+00,-5.871578885539175729e+00
-5.884224963833591282e+00,-5.866956495942731387e+00
-5.876663366389945686e+00,-5.857560058764022415e+00
-5.869034716646337912e+00,-5.842049434226020743e+00
-5.861343300624227481e+00,-5.840678485298938405e+00
-5.854050815201429003e+00,-5.832116784896401285e+00
-5.846452611432228608e+00,-5.823889733293123427e+00
-5.839801066484049841e+00,-5.816083149349596582e+00
-5.831618325135957903e+00,-5.816022700845583593e+00
-5.823926289108537269e+00,-5.798943967558230383e+00
-5.817326233788539191e+00,-5.790591827838396100e+00
-5.810313805247972141e+00,-5.781623128490480212e+00
-5.803099082799004549e+00,-5.774322061075127799e+00
-5.796099476595141908e+00,-5.765895557785880143e+00
-5.789020957402433609e+00,-5.758194039036524714e+00
-5.782203293316748649e+00,-5.749679866227655367e+00
-5.774878989703307930e+00,-5.742758217828651368e+00
-5.768588121510994426e+00,-5.735021741799932293e+00
-5.761915779762958323e+00,-5.726624672148606265e+00
-5.755039971792259124e+00,-5.719716251669110463e+00
-5.748336048876115711e+00,-5.712209073177672458e+00
-5.741892479108061664e+00,-5.703888676805188851e+00
-5.735222702372403170e+00,-5.694777773138799404e+00
-5.728712441597512139e+00,-5.688993142897841082e+00
-5.722361596013209706e+00,-5.681378355789392209e+00
-5.715913190333843374e+00,-5.674337963291574027e+00
-5.709673151927141532e+00,-5.666802624086501261e+00
-5.703351681833507492e+00,-5.659447048172743244e+00
-5.697117833952336952e+00,-5.652551314288116302e+00
-5.690943168962303567e+00,-5.643905845312803038e+00
-5.685011265392238222e+00,-5.638078464719034955e+00
-5.679549218026312296e+00,-5.631206042396634359e+00
-5.672848463687170550e+00,-5.623956230887290353e+00
-5.666835999666552048e+00,-5.617918656275246114e+00
-5.661068009051929195e+00,-5.610343980931979502e+00
-5.655227917677886573e+00,-5.602388699847271170e+00
-5.649686964948975820e+00,-5.596215163117523872e+00
-5.644289929634005887e+00,-5.589183596583433555e+00
-5.637766457906958628e+00,-5.584609586598441311e+00
-5.632174621350348076e+00,-5.575999146399411188e+00
-5.626479259448587733e+00,-5.568580131919254939e+00
-5.621163336886628947e+00,-5.563387128053519426e+00
-5.615567804380114048e+00,-5.556371680053702633e+00
-5.610199624527916207e+00,-5.549738519375034151e+00
-5.604732900294212783e+00,-5.543330481306663060e+00
-5.599526395689241376e+00,-5.537453482925347892e+00
-5.593992111057992211e+00,-5.530623398094382637e+00
-5.589027474207213686e+00,-5.524171354105815723e+00
-5.583650830176853930e+00,-5.518655716148724188e+00
-5.578554743477997846e+00,-5.511697924134512760e+00
-5.573516226603923762e+00,-5.505227430197895622e+00
-5.568469923035086033e+00,-5.499090108397346910e+00
-5.563338176631332566e+00,-5.493434150110802605e+00
-5.558326864023109160e+00,-5.487218240289057469e+00
-5.553766270356749857e+00,-5.481552394334332945e+00
-5.548641049743388010e+00,-5.475419021811208431e+00
-5.543665768158981599e+00,-5.469607424238208893e+00
-5.539067346069190378e+00,-5.468958756319358017e+00
-5.533943582854568888e+00,-5.458454904384884010e+00
-5.529680497940556272e+00,-5.452010049148162452e+00
-5.524822179398975130e+00,-5.446457133834877951e+00
-5.520186545057564231e+00,-5.440116536125369606e+00
-5.515516752289172153e+00,-5.435011455601649999e+00
-5.511716981432229545e+00,-5.424744634349305983e+00
-5.505791081307657819e+00,-5.423793833290186051e+00
-5.502218170404223230e+00,-5.416966080210046997e+00
-5.497766429804624266e+00,-5.412528722897630651e+00
-5.493429909859989024e+00,-5.406589497593004445e+00
-5.489018672597040016e+00,-5.401782693600041263e+00
-5.484683453269758147e+00,-5.396673524972392499e+00
-5.480409880767692421e+00,-5.392194304510267600e+00
-5.476221401996842708e+00,-5.385393143853419495e+00
-5.471949476394033951e+00,-5.381278209615520502e+00
-5.467328378632004160e+00,-5.374501257790066155e+00
-5.463979164611069805e+00,-5.369884339377456683e+00
-5.459961025706046023e+00,-5.365254433285051583e+00
-5.455386245599483708e+00,-5.398420963665005345e+00
-5.452397994791898128e+00,-5.355247870049015368e+00
-5.447974443861315130e+00,-5.348730256232496316e+00
-5.443839843861272065e+00,-5.343877119563104294e+00
-5.440050749003538577e+00,-5.339496252522913267e+00
-5.436277912385886424e+00,-5.328157243167749080e+00
-5.432752954227204611e+00,-5.329155299966826576e+00
-5.428749513698575058e+00,-5.323631550879684760e+00
-5.424947022899407223e+00,-5.317848399467698606e+00
-5.421190932027186271e+00,-5.315110217330591524e+00
-5.417435492947811682e+00,-5.309768160157762651e+00
-5.413546826026320424e+00,-5.304129888979210783e+00
-5.410422494585017006e+00,-5.300089510224317735e+00
-5.407079205979115955e+00,-5.297865270806797255e+00
-5.403126074428829639e+00,-5.290599459366739588e+00
-5.399969468785814186e+00,-5.285823911063583402e+00
-5.396352312567252341e+00,-5.281705871397648799e+00
-5.393033076357322209e+00,-5.278237373329164761e+00
-5.389093828909176764e+00,-5.272299285785877920e+00
-5.391380593569273572e+00,-5.268005897622028755e+00
-5.382880181120210494e+00,-5.262413026244997738e+00
-5.379636667679998929e+00,-5.258381292015830155e+00
-5.377273959489869526e+00,-5.253874318290948864e+00
-5.373507658339143234e+00,-5.249947906453951596e+00
-5.370090167877577869e+00,-5.245496262520909170e+00
-5.366965930597608292e+00,-5.240511156714406482e+00
-5.363922734174756179e+00,-5.236639213747722010e+00
-5.360160082126300907e+00,-5.231966194840637741e+00
-5.357710612359444013e+00,-5.227774499406499409e+00
-5.354673446135867820e+00,-5.207666470536651104e+00
-5.351683478135959682e+00,-5.219654812835395674e+00
-5.348634530621288796e+00,-5.215384292228739227e+00
-5.345651691798764205e+00,-5.211314951943190721e+00
-5.342757519183071402e+00,-5.207328905691365861e+00
-5.339212571870473489e+00,-5.203672957620959494e+00
-5.336847259316652270e+00,-5.199192687315035144e+00
-5.333859409741974034e+00,-5.194868821089158928e+00
-5.330488406077005692e+00,-5.190673733752166008e+00
-5.328332055466952433e+00,-5.186546316915086940e+00
-5.325816347480787805e+00,-5.182213948046923591e+00
-5.323205354077790830e+00,-5.178627553689639562e+00
-5.320508145136585654e+00,-5.174527692925636302e+00
-5.317785431751531178e+00,-5.170442233677465360e+00
-5.315069928906824615e+00,-5.167538873732238969e+00
-5.312346168511465905e+00,-5.162482565805369461e+00
-5.309850217511932868e+00,-5.158268669441007148e+00
-5.307239554239297163e+00,-5.155199491311996951e+00
-5.306286408516040609e+00,-5.151413470054833077e+00
-5.303234035157908366e+00,-5.147688187335583088e+00
-5.301046875094460376e+00,-5.143610398292586261e+00
-5.297298668178598291e+00,-5.139799851916857065e+00
-5.294568955017234124e+00,-5.136028955786180461e+00
-5.292370622950045345e+00,-5.132273660848731822e+00
-5.289942356277108182e+00,-5.128320072494476634e+00
-5.285743837454383254e+00,-5.125088712345554853e+00
-5.285272804908039745e+00,-5.120843882386772350e+00
-5.282320606607363800e+00,-5.117546431991584654e+00
-5.280453197704804147e+00,-5.113742692113077304e+00
-5.277860819734253361e+00,-5.110464578672554659e+00
-5.275711333345777021e+00,-5.106708581416291359e+00
-5.273614323259211645e+00,-5.103485420138476059e+00
-5.271352592835861550e+00,-5.098741520556330009e+00
-5.269323666196584099e+00,-5.095779657493007875e+00
-5.266984712067598551e+00,-5.092085204177352331e+00
-5.264651238313607706e+00,-5.088638569943243262e+00
-5.262580484734044717e+00,-5.083275935392241429e+00
-5.260622470813476781e+00,-5.082558908987572011e+00
-5.258292460829849801e+00,-5.078271614385056587e+00
-5.256284014910607816e+00,-5.075220434551294346e+00
-5.254124679362029759e+00,-5.071584308592918866e+00
-5.250654799009642382e+00,-5.067976426161660441e+00
-5.249996403448513149e+00,-5.064463572307079886e+00
-5.248264849454812975e+00,-5.061415170891385706e+00
-5.246080187174888998e+00,-5.057576721949355480e+00
-5.244061856681888401e+00,-5.054188192685687753e+00
-5.242096167022141984e+00,-5.050790762681383939e+00
-5.240065280847596263e+00,-5.047059365855074198e+00
-5.237681025860053019e+00,-5.044129381813395874e+00
-5.236273533910789979e+00,-5.040967181984131962e+00
-5.233949367755319493e+00,-5.037498999255118015e+00
-5.232093279480897863e+00,-5.034274784219138432e+00
-5.230467328614254008e+00,-5.030511959286341650e+00
-5.228763968029710441e+00,-5.027332069406304171e+00
-5.226585664167835432e+00,-5.024063289944588284e+00
-5.224631903627923180e+00,-5.020982942449782271e+00
-5.222945250676314544e+00,-5.017212759271195921e+00
-5.220769650095204994e+00,-5.014435968775600827e+00
-5.219241549218510023e+00,-5.011179648542367637e+00
-5.217401186798986679e+00,-5.008000006744031118e+00
-5.216075727861689160e+00,-5.004786947153444743e+00
-5.213848911919391149e+00,-5.001134395395557597e+00
-5.211714372101694970e+00,-4.997953139767822073e+00
-5.210285260424953435e+00,-4.995104852926210981e+00
-5.208742217356810755e+00,-4.942565377585459885e+00
-5.206814653257975323e+00,-4.991954238281941514e+00
-5.205020717434069688e+00,-4.985360049959513873e+00
-5.203203863038422305e+00,-4.982071578411368051e+00
-5.201745916208754039e+00,-4.976471628904375777e+00
-5.199812993036806219e+00,-4.975826295707443059e+00
-5.198269633650404842e+00,-4.972179326140434341e+00
-5.196425502144051300e+00,-4.968862388706445365e+00
-5.194796350508418925e+00,-4.948943529820597043e+00
-5.193522378845258913e+00,-4.962947921232919057e+00
-5.191626701477361827e+00,-4.959766472712640706e+00
-5.189849375459458791e+00,-4.957215500223105309e+00
-5.188508542815061020e+00,-4.953186757271709872e+00
-5.187026344842373682e+00,-4.950524063625984184e+00
-5.184919915064979179e+00,-4.947308772416383782e+00
-5.183495799709881169e+00,-4.944139909648615827e+00
-5.182137058457610301e+00,-4.940877884239340823e+00
-5.180354136055587588e+00,-4.937523832807506174e+00
-5.178833329914153794e+00,-4.933265297578191877e+00
-5.177104066526744042e+00,-4.931305303160289810e+00
-5.173404919881161135e+00,-4.928314727894158587e+00
-5.173821126278849825e+00,-4.924060951564595001e+00
-5.171972570883577092e+00,-4.922329503320356459e+00
-5.170500771882089452e+00,-4.900384432707896920e+00
-5.169083060636785909e+00,-4.915655626413567347e+00
-5.167553512922246739e+00,-4.912766409635846543e+00
-5.165752592271601884e+00,-4.909798049208239590e+00
-5.164361504254724622e+00,-4.905928326895609537e+00
-5.162898574697196707e+00,-4.902764520605423115e+00
-5.161339533983761108e+00,-4.900127397184284916e+00
-5.159715869244988262e+00,-4.904528085836181717e+00
-5.159824866615065453e+00,-4.893557155757725319e+00
-5.156544724684364311e+00,-4.890818773227429972e+00
-5.154873871670674568e+00,-4.887597000505993883e+00
-5.153843323488299433e+00,-4.882783543124599390e+00
-5.151776926837849047e+00,-4.880141608570120582e+00
-5.150468308990820532e+00,-4.877698678519186259e+00
-5.148949635287467963e+00,-4.874090753998062020e+00
-5.147260660800045073e+00,-4.871570624769600677e+00
-5.145749033612730727e+00,-4.867992570043951694e+00
-5.142902002632371961e+00,-4.865082969329248996e+00
-5.142593173067776746e+00,-4.862374985991983145e+00
-5.141105729218771181e+00,-4.856728637052000863e+00
-5.139511541547131301e+00,-4.855605709207438281e+00
-5.137600449763993993e+00,-4.841028753152911257e+00
-5.136506325623964919e+00,-4.849390640851700240e+00
-5.134934862057082938e+00,-4.845806025077039614e+00
-5.133506764438545034e+00,-4.843458300241885617e+00
-5.131657917417719261e+00,-4.840430945484301972e+00
-5.130272881381927164e+00,-4.836888117655705699e+00
-5.128735081169604193e+00,-4.833810335939425329e+00
-5.127121809424348697e+00,-4.830379092954604658e+00
-5.125484426352128864e+00,-4.827223049484627992e+00
-5.123787489793806493e+00,-4.823970066810453261e+00
-5.122395821046433539e+00,-4.820916434886089341e+00
-5.120237753260541425e+00,-4.816211363941937940e+00
-5.119172974097583761e+00,-4.813201212486041491e+00
-5.117920674586747154e+00,-4.810664166477150339e+00
-5.115979652085757223e+00,-4.819190815377495163e+00
-5.114686292141398027e+00,-4.804662415897664296e+00
-5.113070177000389904e+00,-4.799880436290902885e+00
-5.110714937285123938e+00,-4.797995199932698185e+00
-5.109778144981043546e+00,-4.795210095623370528e+00
-5.108487295791824145e+00,-4.791394981252516061e+00
-5.106670547892832701e+00,-4.787321984958341936e+00
-5.105613237674173632e+00,-4.784847281652632844e+00
-5.103328630707416380e+00,-4.781291765499669388e+00
-5.101742500059625485e+00,-4.778761733151641877e+00
-5.100140915312652901e+00,-4.774858377107356056e+00
-5.098585311999102032e+00,-4.771820189648000365e+00
-5.097019043649471115e+00,-4.768385578042697581e+00
-5.095390937717660940e+00,-4.764457276976705735e+00
-5.093672158511783010e+00,-4.760552550047338904e+00
-5.092274786138862197e+00,-4.758195079646735159e+00
-5.090545466321540147e+00,-4.754468898239518460e+00
-5.088677995170965751e+00,-4.751172469873314874e+00
-5.087148397502090802e+00,-4.747675904801762492e+00
-5.085091943625897670e+00,-4.744639487643573794e+00
-5.083683114562053795e+00,-4.739399646797269661e+00
-5.082066608905775773e+00,-4.737750238520734847e+00
-5.080359322568971159e+00,-4.733833762370300846e+00
-5.078802217703537458e+00,-4.729160958695311834e+00
-5.082474724118148046e+00,-4.727250932196262134e+00
-5.075240350788511989e+00,-4.723859570706097522e+00
-5.073633287846665674e+00,-4.720906305479202203e+00
-5.071951810911587089e+00,-4.716770555189018665e+00
-5.070095042472065217e+00,-4.714001425681064283e+00
-5.068133892821264475e+00,-4.710334015436994370e+00
-5.066716850148830886e+00,-4.706696960058612156e+00
-5.064823457468405898e+00,-4.701938444587345778e+00
-5.063151474801158791e+00,-4.699211853449307696e+00
-5.061928438035199207e+00,-4.695570796455093898e+00
-5.060326145708688550e+00,-4.691889403336615416e+00
-5.057558743647880384e+00,-4.688362619610421334e+00
-5.056019017355551703e+00,-4.683684062959499350e+00
-5.053796511940184644e+00,-4.681473514258581936e+00
-5.053327019735927905e+00,-4.677800282428788314e+00
-5.050425973780652278e+00,-4.674670004934148970e+00
-5.048579373961185723e+00,-4.669753961479879756e+00
-5.046870271527820861e+00,-4.666133282338528865e+00
-5.045361664830301685e+00,-4.662169362683679097e+00
-5.043000241405248829e+00,-4.659748987301231438e+00
-5.041313941464739656e+00,-4.655289621728019078e+00
-5.039229959138010528e+00,-4.651491212030040678e+00
-5.037625437405666595e+00,-4.647843700092757935e+00
-5.035401128655217384e+00,-4.639075065398830411e+00
-5.033447826605364384e+00,-4.640559890867741011e+00
-5.031370348672666637e+00,-4.637473605597663528e+00
-5.029889046110657347e+00,-4.632599496242666426e+00
-5.027420896771126024e+00,-4.629058425216224570e+00
-5.025632114298765885e+00,-4.625919310773491055e+00
-5.023611476849319857e+00,-4.621672236245207621e+00
-5.022036196282288145e+00,-4.617638621812370836e+00
-5.019718088993958993e+00,-4.614256813871469909e+00
-5.017566554495342501e+00,-4.609382077913920739e+00
-5.015556211516527974e+00,-4.602704452783207500e+00
-5.013739710529902638e+00,-4.601281155414137736e+00
-5.011167003872547099e+00,-4.597598180441617721e+00
-5.009358075919320363e+00,-4.594305983497113388e+00
-5.007269271752556428e+00,-4.589638070089028687e+00
-5.005301821215239144e+00,-4.585853915949901882e+00
-5.003382012098592568e+00,-4.582182675917424675e+00
-5.001026863375787279e+00,-4.574061979115484178e+00
-4.998713174246188551e+00,-4.577980433508311187e+00
-4.996845000189377828e+00,-4.569355364351141979e+00
-4.991915704318765634e+00,-4.565559788253743534e+00
-4.992315948983798712e+00,-4.562280357415440690e+00
-4.989553775279441439e+00,-4.556930726119683861e+00
-4.987798666085017096e+00,-4.552912178881089567e+00
-4.985659280669826110e+00,-4.549229662097031834e+00
-4.983505198969905514e+00,-4.545004845732713683e+00
-4.981265275125286607e+00,-4.540287218181823903e+00
-4.978845126958200140e+00,-4.536258800578277572e+00
-4.976324558403391052e+00,-4.536040053136944472e+00
-4.974283500313536166e+00,-4.527410292365749989e+00
-4.972114266419253248e+00,-4.523215472119150427e+00
-4.969403787952209939e+00,-4.519982637681933646e+00
-4.966849489680949858e+00,-4.515030267773554762e+00
-4.964753552234379086e+00,-4.510444844200457659e+00
-4.962122055274733157e+00,-4.506490114261802127e+00
-4.959892738994930106e+00,-4.501396328161471949e+00
-4.957630541882525499e+00,-4.497380324070671342e+00
-4.945181742385273971e+00,-4.492725198929915287e+00
-4.952126536390046851e+00,-4.488704554097856736e+00
-4.949965858650720918e+00,-4.483679601572873707e+00
-4.947750731523314904e+00,-4.479521239582082259e+00
-4.944239561931486726e+00,-4.475085114789143503e+00
-4.942160818478316564e+00,-4.470569505307916636e+00
-4.940193504196186858e+00,-4.465211555393412191e+00
-4.938974253180187013e+00,-4.460718913723112244e+00
-4.932032081932899104e+00,-4.456454902121961936e+00
-4.931672735942892238e+00,-4.449510341903198274e+00
-4.929171220289704891e+00,-4.446713270181110289e+00
-4.926873949773164618e+00,-4.442589604644939349e+00
-4.924397799519383057e+00,-4.437329821254997420e+00
-4.921157781547179866e+00,-4.433402860329172412e+00
-4.918788083724030535e+00,-4.428417752183015033e+00
-4.915750316429452482e+00,-4.423099675115785168e+00
-4.913443630387973826e+00,-4.418681685150178673e+00
-4.910877983241023870e+00,-4.415582795955958595e+00
-4.907727607713469276e+00,-4.408770096319331699e+00
-4.904776354444337017e+00,-4.404011627594874412e+00
-4.901819823216870375e+00,-4.401280552877318897e+00
-4.899313734072622495e+00,-4.395097452357882517e+00
-4.896121242584004385e+00,-4.389047733602412293e+00
-4.893206414825936434e+00,-4.384510115588411416e+00
-4.890582025871506922e+00,-4.380728875777026410e+00
-4.888971793747668215e+00,-4.374162967651308520e+00
-4.884909858026857954e+00,-4.371310325102638394e+00
-4.881512768970113214e+00,-4.363334433683010438e+00
-4.878785540632152085e+00,-4.357765442382087961e+00
-4.875425887020853111e+00,-4.356315527553145550e+00
-4.873607401665577044e+00,-4.347850865494342187e+00
-4.869779225763895880e+00,-4.342732146154692607e+00
-4.841107431669435357e+00,-4.337797275078082215e+00
-4.863387058855909828e+00,-4.333208949800936516e+00
-4.859995793286445043e+00,-4.327028819436574913e+00
-4.856004069098840858e+00,-4.321986712849974488e+00
-4.853989357758795364e+00,-4.317340574664416231e+00
-4.850682307593852549e+00,-4.312417296546334988e+00
-4.847377567997496861e+00,-4.305653379027049255e+00
-4.844134462185603063e+00,-4.300646734675423133e+00
-4.841915362536528100e+00,-4.294133423562610297e+00
-4.839105409856092166e+00,-4.289696566032746183e+00
-4.836944829071290641e+00,-4.283015681491734838e+00
-4.830972471866244788e+00,-4.277523125401075710e+00
-4.827325637916184853e+00,-4.274510857450202650e+00
-4.824123690162992695e+00,-4.267255101996203059e+00
-4.820904039426938681e+00,-4.263006084277030538e+00
-4.817258884760932780e+00,-4.256568458021175339e+00
-4.819932567867718731e+00,-4.250727865667082384e+00
-4.811125310336088035e+00,-4.244945911105053149e+00
-4.807021790705859665e+00,-4.235939817908406013e+00
-4.803456087348092929e+00,-4.233160232167644921e+00
-4.799982824596601638e+00,-4.228674311986376111e+00
-4.796110018973189781e+00,-4.221451120197585283e+00
-4.792663737058287410e+00,-4.216389495016290567e+00
-4.789104578329276052e+00,-4.209704386151845057e+00
-4.785416228919397774e+00,-4.204135752603160192e+00
-4.781606639494043520e+00,-4.198699235243956274e+00
-4.777717282051328951e+00,-4.195271653607545836e+00
-4.774158156212549464e+00,-4.186096485519216870e+00
-4.770499489377216129e+00,-4.181156289205938847e+00
-4.766001584107817379e+00,-4.174008324421282445e+00
-4.762338031331723620e+00,-4.167929024657538228e+00
-4.759609900631743606e+00,-4.161883975043291883e+00
-4.755798886727464314e+00,-4.156344245936835158e+00
-4.751415350608582777e+00,-4.150252346691505778e+00
-4.744381377537305156e+00,-4.143120363230393899e+00
-4.743446902647745489e+00,-4.136490579438010684e+00
-4.766943722953085327e+00,-4.131388558483152451e+00
-4.735403129236459563e+00,-4.124668521105700592e+00
-4.731202821832132699e+00,-4.117972184469291363e+00
-4.727115049160045324e+00,-4.112244946370533505e+00
-4.723241048618163518e+00,-4.105446647732476251e+00
-4.719415622928657683e+00,-4.100071480664693624e+00
-4.715756278532746926e+00,-4.092878865096596819e+00
-4.711175613650344651e+00,-4.085730322595216180e+00
-4.706529960411974578e+00,-4.079785656625438683e+00
-4.702151062831262607e+00,-4.073460778831589302e+00
-4.698591996700584694e+00,-4.077224669051445538e+00
-4.693735683858651697e+00,-4.063018288236435183e+00
-4.689027114070256630e+00,-4.052916937450538271e+00
-4.685373829195278006e+00,-4.047541649264619679e+00
-4.680502952294494534e+00,-4.040028373145044149e+00
-4.676472420235984195e+00,-4.033197053063492632e+00
-4.672273317778848245e+00,-4.025734404438124692e+00
-4.666683038334284994e+00,-4.020086599067062672e+00
-4.662754004611596059e+00,-4.012736185110044040e+00
-4.658390244086002774e+00,-4.007011683957808934e+00
-4.652266888159700464e+00,-3.998858009796241397e+00
-4.648861665697380019e+00,-3.986819165897863115e+00
-4.644415109652470619e+00,-3.984610113854810010e+00
-4.640005189405971286e+00,-3.978719542120692676e+00
-4.635514482713073647e+00,-3.970904403029281937e+00
-4.631323527823576036e+00,-3.962789172962486450e+00
-4.625656645168942482e+00,-3.962373340837009650e+00
-4.621242340859318176e+00,-3.949048908778643785e+00
-4.616665547295414562e+00,-3.941947643684970970e+00
-4.610917912412747732e+00,-3.931351346549453840e+00
-4.606074514408421194e+00,-3.926602306184696634e+00
-4.602048353448807916e+00,-3.918483550920666580e+00
-4.596466998643009561e+00,-3.912990836419802498e+00
-4.591754848539556733e+00,-3.909561573978822313e+00
-4.586811624276407429e+00,-3.897543285707443239e+00
-4.582123573622774337e+00,-3.893455714803290224e+00
-4.576756807896100732e+00,-3.882852153093023340e+00
-4.571561467806247947e+00,-3.871361446853702759e+00
-4.566557658273554310e+00,-3.867352161501654173e+00
-4.561340991995182392e+00,-3.860547384950282268e+00
-4.555621573064405183e+00,-3.852059145462088718e+00
-4.551474124577072011e+00,-3.844073734125315056e+00
-4.545903016630222560e+00,-3.835912218975446208e+00
-4.540338901410617467e+00,-3.829650025926884194e+00
-4.534544467284397307e+00,-3.820515419064378193e+00
-4.530370165242326053e+00,-3.813893458450193563e+00
-4.527716155043708390e+00,-3.805070674501919825e+00
-4.519229824401371332e+00,-3.797014207727531954e+00
-4.532637657783484819e+00,-3.790571952696771163e+00
-4.465210257377530745e+00,-3.781560572113839225e+00
-4.502891282710900889e+00,-3.773485632554939517e+00
-4.497054444789307048e+00,-3.763903780879440220e+00
-4.496559493965920140e+00,-3.757532801221392660e+00
-4.485492361023118768e+00,-3.749492609119783548e+00
-4.481016989159879671e+00,-3.742110475743609221e+00
-4.473985108604711769e+00,-3.733422246615303752e+00
-4.468921046623901105e+00,-3.725147665609191971e+00
-4.462864210935282294e+00,-3.715133985259837957e+00
-4.457338057270098908e+00,-3.708256530565154474e+00
-4.451218416410458012e+00,-3.699568791046971228e+00
-4.444892940998558473e+00,-3.689943783032969105e+00
-4.439443361208907035e+00,-3.681109203646088623e+00
-4.435014104809066104e+00,-3.675537910662241003e+00
-4.427713508686660582e+00,-3.674103606636336394e+00
-4.421418270284382501e+00,-3.658457585665235712e+00
-4.417836807213227246e+00,-3.648593683628695405e+00
-4.410195990172431912e+00,-3.645732593723959525e+00
-4.403873931814440645e+00,-3.631486318079899078e+00
-4.397853493877955877e+00,-3.622349451404289766e+00
-4.391569345663492996e+00,-3.614369350730401553e+00
-4.384266270080887651e+00,-3.603467376182091453e+00
-4.374411230272992057e+00,-3.595858726945222017e+00
-4.372812529174395557e+00,-3.564805213331894151e+00
-4.366416307105406069e+00,-3.581418155263155434e+00
-4.361470873666688952e+00,-3.568860215301858929e+00
-4.353708770985427634e+00,-3.560313946375392113e+00
-4.347843040093168909e+00,-3.552420080070938901e+00
-4.340430807683523184e+00,-3.544186772650538941e+00
-4.334964789491176695e+00,-3.532844033470169620e+00
-4.327881650649973544e+00,-3.525789273030198512e+00
-4.322088149094791554e+00,-3.512402041842886291e+00
-4.315674887906552293e+00,-3.504316015052445721e+00
-4.308144553544009270e+00,-3.496053200241094672e+00
-4.301405997642274492e+00,-3.497012958533164184e+00
-4.294438802001153022e+00,-3.478284546895554552e+00
-4.287429470389134245e+00,-3.465057562632711807e+00
-4.281008378562653149e+00,-3.457931724564005105e+00
-4.275481089774396004e+00,-3.449512201796023803e+00
-4.267125424891556662e+00,-3.440743009013915277e+00
-4.260519986845752172e+00,-3.430555607556117437e+00
-4.253372506113331397e+00,-3.421784110200480011e+00
-4.246155215775223368e+00,-3.411740749614307511e+00
-4.239321632408249663e+00,-3.402202730162591227e+00
-4.232376676817236394e+00,-3.397510197714272984e+00
-4.225177880467575697e+00,-3.381649565065568463e+00
-4.218656144086788906e+00,-3.277163031184395336e+00
-4.211191965424799122e+00,-3.362468018265261982e+00
-4.202707280629289777e+00,-3.351563355508261566e+00
-4.196027892290061345e+00,-3.344850196531268693e+00
-4.189531294645075121e+00,-3.331094211130941840e+00
-4.182076199172158226e+00,-3.323083838929342448e+00
-4.174588923872957658e+00,-3.311184022093962120e+00
-4.166618203533693610e+00,-3.302011659736002525e+00
-4.158911010537966746e+00,-3.291422139819481174e+00
-4.151144317506157755e+00,-3.284548522103472479e+00
-4.144854988960528175e+00,-3.269016682367047455e+00
-4.135621564682371520e+00,-3.266149495866672581e+00
-4.128794095768895112e+00,-3.251273644487169268e+00
-4.120959886736351052e+00,-3.239858306254994158e+00
-4.114212417972129998e+00,-3.227431237763382033e+00
-4.106138203791044994e+00,-3.214298949777720793e+00
-4.098355614496599131e+00,-3.208547510879223186e+00
-4.088990833536218616e+00,-3.199261759363010160e+00
-4.081619142132144162e+00,-3.187249831974374725e+00
-4.074208024494534008e+00,-3.206175824578357592e+00
-4.065829168645194613e+00,-3.166124978876131646e+00
-4.058040290368330361e+00,-3.153474722932017915e+00
-4.051014455573238138e+00,-3.144551638404279537e+00
-4.042461719563486433e+00,-3.134307713180541910e+00
-4.031490704237768341e+00,-3.122117070287651064e+00
-4.026599167590625861e+00,-3.112093269139156515e+00
-4.017591700049190528e+00,-3.102057616190711631e+00
-4.007978772315813565e+00,-3.093665916123566451e+00
-4.001419650709364895e+00,-3.088540794638501730e+00
-3.991005419872776017e+00,-3.068553065034294036e+00
-3.988533864332706180e+00,-3.058040880616234247e+00
-3.975532627228528071e+00,-3.045955969264915630e+00
-3.975423539726701261e+00,-3.033000287160414477e+00
-3.959238539762330422e+00,-3.023042885289247472e+00
-3.950609575978022647e+00,-3.009857377749009189e+00
-3.943870933878246277e+00,-2.999274525286455884e+00
-3.933911444271295466e+00,-2.986508562670010747e+00
-3.925492541635481114e+00,-2.976390370305619815e+00
-4.927303947699537723e+00,-2.965268761988369306e+00
-3.908386696106765257e+00,-2.950996301601097827e+00
-3.898323002063328602e+00,-2.942620585833195967e+00
-3.886956878643514912e+00,-2.930589482187121231e+00
-3.880324455839009090e+00,-2.920124647502037263e+00
-3.871383918293580972e+00,-2.905431799022663242e+00
-3.857146439715535280e+00,-2.893503800714554153e+00
-3.852799939856587752e+00,-2.883775810007747520e+00
-3.846735539611762622e+00,-2.872988617232892228e+00
-3.835884393130355452e+00,-2.859171775396831983e+00
-3.825184810526769841e+00,-2.848229921651737495e+00
-3.816771410005784571e+00,-2.836496077814746553e+00
-3.810979453594512734e+00,-2.824385229599430058e+00
-3.797487293987940049e+00,-2.811341268018461292e+00
-3.788600760404124301e+00,-2.782513139881213515e+00
-3.777909326397358214e+00,-2.784424357584086351e+00
-3.774348506276798965e+00,-2.779669721120961778e+00
-3.768174650258478753e+00,-2.770589935306301488e+00
-3.749485741060569310e+00,-2.747454189808369307e+00
-3.740676506578091143e+00,-2.735356865586745290e+00
-3.727971337051610767e+00,-2.726065770422480661e+00
-3.721483315954359661e+00,-2.711657730721892534e+00
-3.717485940506584541e+00,-2.698391826090838830e+00
-3.701431067660898133e+00,-2.686866483192064337e+00
-3.692020314518451141e+00,-2.675596606673369848e+00
-3.683796684917034270e+00,-2.663035304701666828e+00
-3.672238594726866534e+00,-2.649986496545549297e+00
-3.665328971694045812e+00,-2.635848858035727549e+00
-3.652608951970130136e+00,-2.623483624932607228e+00
-3.642462633386671200e+00,-2.609031111461727281e+00
-3.634383697642079802e+00,-2.597602830527562912e+00
-3.618987859883058267e+00,-2.581675546721598380e+00
-3.608206573699066499e+00,-2.569988630362247228e+00
-3.601830092843841591e+00,-2.560890099084617511e+00
-3.592086247761197004e+00,-2.540724499653728596e+00
-3.580688767617281609e+00,-2.530437238852569770e+00
-3.568673847262517462e+00,-2.516988400576725127e+00
-3.559188263732218971e+00,-2.503963488366496293e+00
-3.549452147307270877e+00,-2.489205831082440756e+00
-3.537888490144163178e+00,-2.480711712369627175e+00
-3.526116518346603002e+00,-2.463744389698936388e+00
-3.516893002321796136e+00,-2.451922560526492045e+00
-3.504833599193033056e+00,-2.437488397532570517e+00
-3.495741499148412146e+00,-2.421968698215815952e+00
-3.485563079639113493e+00,-2.414209329927115455e+00
-3.472964175660546715e+00,-2.397488927925492064e+00
-3.461923926640252613e+00,-2.374045907190594384e+00
-3.449914116705091516e+00,-2.435978214301363298e+00
-3.441511955187698035e+00,-2.354765383967516001e+00
-3.425638336920063587e+00,-2.338581201839810664e+00
-3.416603370386837923e+00,-2.325662986588429071e+00
-3.406607304021241678e+00,-2.311045451410785656e+00
-3.394627736078133839e+00,-2.307855582107336545e+00
-3.384728647785262279e+00,-2.284233453872048791e+00
-3.371056906710750756e+00,-2.263220979581666903e+00
-3.360838776070716793e+00,-2.257277649601263203e+00
-3.348551761203836463e+00,-2.238935851793264487e+00
-3.336442835848312694e+00,-2.230288179576274121e+00
-3.326022902297228523e+00,-2.211444201932445619e+00
-3.314359160581680452e+00,-2.199912280200605252e+00
-3.296366505284720638e+00,-2.183577770635444448e+00
-3.293927299139630449e+00,-2.155511470536275453e+00
-3.281673127522839906e+00,-2.148073936979236098e+00
-3.270211496366843829e+00,-2.133670482514897326e+00
-3.254603751212812313e+00,-2.125352541550036722e+00
-3.242878303687845687e+00,-2.108909949634322878e+00
-3.231644015289739436e+00,-2.125134918775960280e+00
-3.219143347884322992e+00,-2.078962638362344517e+00
-3.206445325989333739e+00,-2.061836537328585628e+00
-3.194436129294387250e+00,-2.031359836268648245e+00
-3.183331874320720623e+00,-2.032861824814981233e+00
-3.169874067040873378e+00,-2.022104677882981871e+00
-3.157224582211515251e+00,-2.001765579690261809e+00
-3.135866850450309773e+00,-1.986987864653745106e+00
-3.114381731063695646e+00,-1.956863614306916688e+00
