-6.968978370974631353e+00,-6.968978370974631353e+00
-6.993788872026098780e+00,-6.993788872026098780e+00
-7.012584824953155049e+00,-7.012584824953155049e+00
-7.031234587192707330e+00,-7.031234587192707330e+00
-7.049737314014278056e+00,-7.049737314014278056e+00
-7.068090540963878787e+00,-7.068090540963878787e+00
-7.086294465081114602e+00,-7.086294465081114602e+00
-7.104347597546697202e+00,-7.104347597546697202e+00
-7.122248816327212850e+00,-7.122248816327212850e+00
-7.139997860745488367e+00,-7.139997860745488367e+00
-7.157592836601464725e+00,-7.157592836601464725e+00
-7.175033688647410202e+00,-7.175033688647410202e+00
-7.192319736567761801e+00,-7.192319736567761801e+00
-7.209449879394655980e+00,-7.209449879394655980e+00
-7.226424083695689227e+00,-7.226424083695689227e+00
-7.243241513223665606e+00,-7.243241513223665606e+00
-7.259901327489876266e+00,-7.259901327489876266e+00
-7.276403538584655273e+00,-7.276403538584655273e+00
-7.292747767642040913e+00,-7.292747767642040913e+00
-7.308932884377060013e+00,-7.308932884377060013e+00
-7.324959689043734734e+00,-7.324959689043734734e+00
-7.340827254780506017e+00,-7.340827254780506017e+00
-7.356534608010868226e+00,-7.356534608010868226e+00
-7.372083176237314461e+00,-7.372083176237314461e+00
-7.387471434787098445e+00,-7.387471434787098445e+00
-7.402699624509117449e+00,-7.402699624509117449e+00
-7.417767514222354919e+00,-7.417767514222354919e+00
-7.432675230419095946e+00,-7.432675230419095946e+00
-7.447422994355025416e+00,-7.447422994355025416e+00
-7.462009954868937811e+00,-7.462009954868937811e+00
-7.476436803579286305e+00,-7.476436803579286305e+00
-7.490703323732762264e+00,-7.490703323732762264e+00
-7.504809370101328980e+00,-7.504809370101328980e+00
-7.518755221043360137e+00,-7.518755221043360137e+00
-7.532540851567330442e+00,-7.532540851567330442e+00
-7.546166567452687879e+00,-7.546166567452687879e+00
-7.559632380849673261e+00,-7.559632380849673261e+00
-7.572938597967627139e+00,-7.572938597967627139e+00
-7.586085201927147637e+00,-7.586085201927147637e+00
-7.599072251190992944e+00,-7.599072251190992944e+00
-7.611900922032781125e+00,-7.611900922032781125e+00
-7.624569878380531129e+00,-7.624569878380531129e+00
-7.637081199956741173e+00,-7.637081199956741173e+00
-7.649433646406394338e+00,-7.649433646406394338e+00
-7.661628805611850446e+00,-7.661628805611850446e+00
-7.673666007323812543e+00,-7.673666007323812543e+00
-7.685545975618235381e+00,-7.685545975618235381e+00
-7.697269082634167425e+00,-7.697269082634167425e+00
-7.708835760397225734e+00,-7.708835760397225734e+00
-7.720246437324399302e+00,-7.720246437324399302e+00
-7.731501185130748688e+00,-7.731501185130748688e+00
-7.742600932615282261e+00,-7.742600932615282261e+00
-7.753545481830583341e+00,-7.753545481830583341e+00
-7.764335666319089668e+00,-7.764335666319089668e+00
-7.774972088569761297e+00,-7.774972088569761297e+00
-7.785454854710661898e+00,-7.785454854710661898e+00
-7.795784547184693380e+00,-7.795784547184693380e+00
-7.805961926123384131e+00,-7.805961926123384131e+00
-7.815986914147525333e+00,-7.815986914147525333e+00
-7.825860029777015114e+00,-7.825860029777015114e+00
-7.835582308524908335e+00,-7.835582308524908335e+00
-7.845153804822410315e+00,-7.845153804822410315e+00
-7.854574775446311108e+00,-7.854574775446311108e+00
-7.863846582106770455e+00,-7.863846582106770455e+00
-7.872968869935887071e+00,-7.872968869935887071e+00
-7.881942122938108142e+00,-7.881942122938108142e+00
-7.890767345007100531e+00,-7.890767345007100531e+00
-7.899445103505604138e+00,-7.899445103505604138e+00
-7.907975580171156871e+00,-7.907975580171156871e+00
-7.916359481854004621e+00,-7.916359481854004621e+00
-7.924596938760937626e+00,-7.924596938760937626e+00
-7.932688968533367024e+00,-7.932688968533367024e+00
-7.940636551505602547e+00,-7.940636551505602547e+00
-7.948439362272159414e+00,-7.948439362272159414e+00
-7.956098030271596677e+00,-7.956098030271596677e+00
-7.963613571269232416e+00,-7.963613571269232416e+00
-7.970985995903625998e+00,-7.970985995903625998e+00
-7.978216761648661226e+00,-7.978216761648661226e+00
-7.985305344301505848e+00,-7.985305344301505848e+00
-7.992253173037323855e+00,-7.992253173037323855e+00
-7.999060173757969849e+00,-7.999060173757969849e+00
-8.005728012176421160e+00,-8.005728012176421160e+00
-8.012255883704801462e+00,-8.012255883704801462e+00
-8.018645611903529868e+00,-8.018645611903529868e+00
-8.024897118072306768e+00,-8.024897118072306768e+00
-8.031011245591392012e+00,-8.031011245591392012e+00
-8.036988173529472590e+00,-8.036988173529472590e+00
-8.042828951513767421e+00,-8.042828951513767421e+00
-8.048533757266973510e+00,-8.048533757266973510e+00
-8.054104260969943141e+00,-8.054104260969943141e+00
-8.059539912960227426e+00,-8.059539912960227426e+00
-8.064842046686944599e+00,-8.064842046686944599e+00
-8.070010805141146548e+00,-8.070010805141146548e+00
-8.075046984337173939e+00,-8.075046984337173939e+00
-8.079951322364186339e+00,-8.079951322364186339e+00
-8.084724103695290154e+00,-8.084724103695290154e+00
-8.089366495296712145e+00,-8.089366495296712145e+00
-8.093878706760172292e+00,-8.093878706760172292e+00
-8.098261852326036347e+00,-8.098261852326036347e+00
-8.102515882301995376e+00,-8.102515882301995376e+00
-8.106641775016216300e+00,-8.106641775016216300e+00
-8.110640335734879969e+00,-8.110640335734879969e+00
-8.114512544741584676e+00,-8.114512544741584676e+00
-8.118257676343173301e+00,-8.118257676343173301e+00
-8.121877304278983800e+00,-8.121877304278983800e+00
-8.125372266611860184e+00,-8.125372266611860184e+00
-8.128742883035602773e+00,-8.128742883035602773e+00
-8.131990341625126462e+00,-8.131990341625126462e+00
-8.135114277149542161e+00,-8.135114277149542161e+00
-8.138115704361085889e+00,-8.138115704361085889e+00
-8.140995768484890149e+00,-8.140995768484890149e+00
-8.143754809886043944e+00,-8.143754809886043944e+00
-8.146393105257775602e+00,-8.146393105257775602e+00
-8.148911298483584531e+00,-8.148911298483584531e+00
-8.151310829751441389e+00,-8.151310829751441389e+00
-8.153592052542226298e+00,-8.153592052542226298e+00
-8.155754540574660538e+00,-8.155754540574660538e+00
-8.157800707927872708e+00,-8.157800707927872708e+00
-8.159729711146884057e+00,-8.159729711146884057e+00
-8.161542881521405945e+00,-8.161542881521405945e+00
-8.163240914281898242e+00,-8.163240914281898242e+00
-8.164823552398530637e+00,-8.164823552398530637e+00
-8.166292482167389011e+00,-8.166292482167389011e+00
-8.167648404385669636e+00,-8.167648404385669636e+00
-8.168890749339269064e+00,-8.168890749339269064e+00
-8.170021698572057289e+00,-8.170021698572057289e+00
-8.171040511230748038e+00,-8.171040511230748038e+00
-8.171948666693895191e+00,-8.171948666693895191e+00
-8.172746233843080077e+00,-8.172746233843080077e+00
-8.173434434470824073e+00,-8.173434434470824073e+00
-8.174013506207844060e+00,-8.174013506207844060e+00
-8.174483614196519810e+00,-8.174483614196519810e+00
-8.174846349621439856e+00,-8.174846349621439856e+00
-8.175101806189747577e+00,-8.175101806189747577e+00
-8.175250504056366552e+00,-8.175250504056366552e+00
-8.175293435900750083e+00,-8.175293435900750083e+00
-8.175230562095363140e+00,-8.175230562095363140e+00
-8.175063864723174589e+00,-8.175063864723174589e+00
-8.174791997651892572e+00,-8.174791997651892572e+00
-8.174416599844475328e+00,-8.174416599844475328e+00
-8.173938844135030024e+00,-8.173938844135030024e+00
-8.173358086001863754e+00,-8.173358086001863754e+00
-8.172676371344858026e+00,-8.172676371344858026e+00
-8.171892338056085947e+00,-8.171892338056085947e+00
-8.171008290513173122e+00,-8.171008290513173122e+00
-8.170024334241938746e+00,-8.170024334241938746e+00
-8.168940436464144028e+00,-8.168940436464144028e+00
-8.167757992723739591e+00,-8.167757992723739591e+00
-8.166476999510093648e+00,-8.166476999510093648e+00
-8.165098513931789981e+00,-8.165098513931789981e+00
-8.163622878358674839e+00,-8.163622878358674839e+00
-8.162050558512346399e+00,-8.162050558512346399e+00
-8.160382398268691162e+00,-8.160382398268691162e+00
-8.158618619648786208e+00,-8.158618619648786208e+00
-8.156759959012136463e+00,-8.156759959012136463e+00
-8.154807045230738183e+00,-8.154807045230738183e+00
-8.152759749202102668e+00,-8.152759749202102668e+00
-8.150620046573486377e+00,-8.150620046573486377e+00
-8.148386952918000858e+00,-8.148386952918000858e+00
-8.146061824617289560e+00,-8.146061824617289560e+00
-8.143645458143897287e+00,-8.143645458143897287e+00
-8.141137597989766661e+00,-8.141137597989766661e+00
-8.138539324445476453e+00,-8.138539324445476453e+00
-8.135850732798923346e+00,-8.135850732798923346e+00
-8.133073388149114180e+00,-8.133073388149114180e+00
-8.130206482280724956e+00,-8.130206482280724956e+00
-8.127250977340221283e+00,-8.127250977340221283e+00
-8.124207926885132380e+00,-8.124207926885132380e+00
-8.121076793580877862e+00,-8.121076793580877862e+00
-8.117859155882243272e+00,-8.117859155882243272e+00
-8.114555187586301344e+00,-8.114555187586301344e+00
-8.111164967705395412e+00,-8.111164967705395412e+00
-8.107689317828569386e+00,-8.107689317828569386e+00
-8.104129492540673496e+00,-8.104129492540673496e+00
-8.100484125508410571e+00,-8.100484125508410571e+00
-8.096755492227776685e+00,-8.096755492227776685e+00
-8.092942994369741072e+00,-8.092942994369741072e+00
-8.089047373144289566e+00,-8.089047373144289566e+00
-8.085069144305299105e+00,-8.085069144305299105e+00
-8.081009564550624802e+00,-8.081009564550624802e+00
-8.076867781678696900e+00,-8.076867781678696900e+00
-8.072644739871435604e+00,-8.072644739871435604e+00
-8.068341010728900642e+00,-8.068341010728900642e+00
-8.063957490895512947e+00,-8.063957490895512947e+00
-8.059493921003552330e+00,-8.059493921003552330e+00
-8.054951034676289368e+00,-8.054951034676289368e+00
-8.050329280017441747e+00,-8.050329280017441747e+00
-8.045629325530217812e+00,-8.045629325530217812e+00
-8.040851211338285509e+00,-8.040851211338285509e+00
-8.035995836017107763e+00,-8.035995836017107763e+00
-8.031063014379435927e+00,-8.031063014379435927e+00
-8.026053554547852187e+00,-8.026053554547852187e+00
-8.020967917612400910e+00,-8.020967917612400910e+00
-8.015806274361382933e+00,-8.015806274361382933e+00
-8.010569327310118837e+00,-8.010569327310118837e+00
-8.005257407147755799e+00,-8.005257407147755799e+00
-7.999870791093835365e+00,-7.999870791093835365e+00
-7.994410058390853280e+00,-7.994410058390853280e+00
-7.988875735362678476e+00,-7.988875735362678476e+00
-7.983267617793081250e+00,-7.983267617793081250e+00
-7.977586810419540875e+00,-7.977586810419540875e+00
-7.971833747028027162e+00,-7.971833747028027162e+00
-7.966008218220292036e+00,-7.966008218220292036e+00
-7.960110995110513343e+00,-7.960110995110513343e+00
-7.954142623987389804e+00,-7.954142623987389804e+00
-7.948103228059287595e+00,-7.948103228059287595e+00
-7.941992839766482071e+00,-7.941992839766482071e+00
-7.935812836231979084e+00,-7.935812836231979084e+00
-7.929562354598454377e+00,-7.929562354598454377e+00
-7.923243235311285382e+00,-7.923243235311285382e+00
-7.916854566485918454e+00,-7.916854566485918454e+00
-7.910397369381034771e+00,-7.910397369381034771e+00
-7.903871712913545622e+00,-7.903871712913545622e+00
-7.897278549494803457e+00,-7.897278549494803457e+00
-7.890617570872341169e+00,-7.890617570872341169e+00
-7.883888962899185948e+00,-7.883888962899185948e+00
-7.877094351065037081e+00,-7.877094351065037081e+00
-7.870232679540715814e+00,-7.870232679540715814e+00
-7.863305255517499148e+00,-7.863305255517499148e+00
-7.856311938552781982e+00,-7.856311938552781982e+00
-7.849253537176595685e+00,-7.849253537176595685e+00
-7.842130118604332623e+00,-7.842130118604332623e+00
-7.834941427591647134e+00,-7.834941427591647134e+00
-7.827688802053791584e+00,-7.827688802053791584e+00
-7.820372683265809144e+00,-7.820372683265809144e+00
-7.812992813624980215e+00,-7.812992813624980215e+00
-7.805549824382746138e+00,-7.805549824382746138e+00
-7.798043830276715660e+00,-7.798043830276715660e+00
-7.790475174559279736e+00,-7.790475174559279736e+00
-7.782844667701443342e+00,-7.782844667701443342e+00
-7.775152518624216746e+00,-7.775152518624216746e+00
-7.767398334103281954e+00,-7.767398334103281954e+00
-7.759583969139106863e+00,-7.759583969139106863e+00
-7.751708334099499886e+00,-7.751708334099499886e+00
-7.743772673364803794e+00,-7.743772673364803794e+00
-7.735776634738559032e+00,-7.735776634738559032e+00
-7.727721056940882072e+00,-7.727721056940882072e+00
-7.719606249632640527e+00,-7.719606249632640527e+00
-7.711432868213984548e+00,-7.711432868213984548e+00
-7.703200535050335418e+00,-7.703200535050335418e+00
-7.694910497048684128e+00,-7.694910497048684128e+00
-7.686562235947093313e+00,-7.686562235947093313e+00
-7.678156310314041555e+00,-7.678156310314041555e+00
-7.669693245625369471e+00,-7.669693245625369471e+00
-7.661173895619360685e+00,-7.661173895619360685e+00
-7.652597927315309079e+00,-7.652597927315309079e+00
-7.643966021098992591e+00,-7.643966021098992591e+00
-7.635279115257165294e+00,-7.635279115257165294e+00
-7.626535874299520401e+00,-7.626535874299520401e+00
-7.617737858921548089e+00,-7.617737858921548089e+00
-7.608885977919707777e+00,-7.608885977919707777e+00
-7.599979779056358353e+00,-7.599979779056358353e+00
-7.591020035331435878e+00,-7.591020035331435878e+00
-7.582006551470429123e+00,-7.582006551470429123e+00
-7.572940134173914650e+00,-7.572940134173914650e+00
-7.563821306227511698e+00,-7.563821306227511698e+00
-7.554650476737068132e+00,-7.554650476737068132e+00
-7.545427523351854404e+00,-7.545427523351854404e+00
-7.536153068684417811e+00,-7.536153068684417811e+00
-7.526827916017012399e+00,-7.526827916017012399e+00
-7.517451810220383557e+00,-7.517451810220383557e+00
-7.508026271599050006e+00,-7.508026271599050006e+00
-7.498550410729652782e+00,-7.498550410729652782e+00
-7.489025779146652795e+00,-7.489025779146652795e+00
-7.479451950070232336e+00,-7.479451950070232336e+00
-7.469829656843259613e+00,-7.469829656843259613e+00
-7.460158847466304977e+00,-7.460158847466304977e+00
-7.450440652330214242e+00,-7.450440652330214242e+00
-7.440676008392125951e+00,-7.440676008392125951e+00
-7.430863959203001023e+00,-7.430863959203001023e+00
-7.421005899004659234e+00,-7.421005899004659234e+00
-7.411101940743876959e+00,-7.411101940743876959e+00
-7.401152755536484662e+00,-7.401152755536484662e+00
-7.391158482154754239e+00,-7.391158482154754239e+00
-7.381119888464637846e+00,-7.381119888464637846e+00
-7.371037348113963716e+00,-7.371037348113963716e+00
-7.360911334451443189e+00,-7.360911334451443189e+00
-7.350742731711856770e+00,-7.350742731711856770e+00
-7.340531102438246691e+00,-7.340531102438246691e+00
-7.330277782965667122e+00,-7.330277782965667122e+00
-7.319983091897118932e+00,-7.319983091897118932e+00
-7.309647111977452205e+00,-7.309647111977452205e+00
-7.299270813647704692e+00,-7.299270813647704692e+00
-7.288854481883681125e+00,-7.288854481883681125e+00
-7.278399091600810777e+00,-7.278399091600810777e+00
-7.267904729408805053e+00,-7.267904729408805053e+00
-7.257371986629577165e+00,-7.257371986629577165e+00
-7.246801331265773527e+00,-7.246801331265773527e+00
-7.236193619425455914e+00,-7.236193619425455914e+00
-7.225549166571044069e+00,-7.225549166571044069e+00
-7.214868348940036924e+00,-7.214868348940036924e+00
-7.204152677477424938e+00,-7.204152677477424938e+00
-7.193401974501004936e+00,-7.193401974501004936e+00
-7.182615996388622470e+00,-7.182615996388622470e+00
-7.171797053077336948e+00,-7.171797053077336948e+00
-7.160944946601164318e+00,-7.160944946601164318e+00
-7.150060145576944137e+00,-7.150060145576944137e+00
-7.139143614194273901e+00,-7.139143614194273901e+00
-7.128195191558787336e+00,-7.128195191558787336e+00
-7.117216708183146778e+00,-7.117216708183146778e+00
-7.106207967022467820e+00,-7.106207967022467820e+00
-7.095170098833957439e+00,-7.095170098833957439e+00
-7.084103021420594892e+00,-7.084103021420594892e+00
-7.073008206797011255e+00,-7.073008206797011255e+00
-7.061885429729482411e+00,-7.061885429729482411e+00
-7.050736664422277755e+00,-7.050736664422277755e+00
-7.039561334068452858e+00,-7.039561334068452858e+00
-7.028360818879327176e+00,-7.028360818879327176e+00
-7.017135810842805022e+00,-7.017135810842805022e+00
-7.005886411191146301e+00,-7.005886411191146301e+00
-6.994613761226590398e+00,-6.994613761226590398e+00
-6.983319093714855263e+00,-6.983319093714855263e+00
-6.972002040954663471e+00,-6.972002040954663471e+00
-6.960664116345094854e+00,-6.960664116345094854e+00
-6.949305974136020581e+00,-6.949305974136020581e+00
-6.937928027842151124e+00,-6.937928027842151124e+00
-6.926531341873347181e+00,-6.926531341873347181e+00
-6.915116614671753759e+00,-6.915116614671753759e+00
-6.903684400249141540e+00,-6.903684400249141540e+00
-6.892235834689209639e+00,-6.892235834689209639e+00
-6.880771496137043641e+00,-6.880771496137043641e+00
-6.869292438459178918e+00,-6.869292438459178918e+00
-6.857798878123894326e+00,-6.857798878123894326e+00
-6.846291838160951215e+00,-6.846291838160951215e+00
-6.834772675356608040e+00,-6.834772675356608040e+00
-6.823241530179360304e+00,-6.823241530179360304e+00
-6.811699972731685371e+00,-6.811699972731685371e+00
-6.800147760472363245e+00,-6.800147760472363245e+00
-6.788586675961330030e+00,-6.788586675961330030e+00
-6.777017124967135153e+00,-6.777017124967135153e+00
-6.765440053490272554e+00,-6.765440053490272554e+00
-6.753856419454232096e+00,-6.753856419454232096e+00
-6.742267264168557261e+00,-6.742267264168557261e+00
-6.730672967136515084e+00,-6.730672967136515084e+00
-6.719074699070409551e+00,-6.719074699070409551e+00
-6.707473070917208346e+00,-6.707473070917208346e+00
-6.695869988068290368e+00,-6.695869988068290368e+00
-6.684264909030322777e+00,-6.684264909030322777e+00
-6.672659648943405131e+00,-6.672659648943405131e+00
-6.661054746511616109e+00,-6.661054746511616109e+00
-6.649451609110509587e+00,-6.649451609110509587e+00
-6.637850848523179970e+00,-6.637850848523179970e+00
-6.626253212202612097e+00,-6.626253212202612097e+00
-6.614659525020753605e+00,-6.614659525020753605e+00
-6.603071121119910458e+00,-6.603071121119910458e+00
-6.591489258963084019e+00,-6.591489258963084019e+00
-6.579913878741551869e+00,-6.579913878741551869e+00
-6.568347074622638004e+00,-6.568347074622638004e+00
-6.556789070626332538e+00,-6.556789070626332538e+00
-6.545241219935676646e+00,-6.545241219935676646e+00
-6.533703971917218745e+00,-6.533703971917218745e+00
-6.522179093493186919e+00,-6.522179093493186919e+00
-6.510666664024869377e+00,-6.510666664024869377e+00
-6.499168445147354589e+00,-6.499168445147354589e+00
-6.487685238333758875e+00,-6.487685238333758875e+00
-6.476217761568648257e+00,-6.476217761568648257e+00
-6.464766960948455932e+00,-6.464766960948455932e+00
-6.453334503535623767e+00,-6.453334503535623767e+00
-6.441920835935721179e+00,-6.441920835935721179e+00
-6.430527152951231784e+00,-6.430527152951231784e+00
-6.419154341117230267e+00,-6.419154341117230267e+00
-6.407803686977384672e+00,-6.407803686977384672e+00
-6.396475842025725278e+00,-6.396475842025725278e+00
-6.385172381863689850e+00,-6.385172381863689850e+00
-6.373893452667529047e+00,-6.373893452667529047e+00
-6.362641118406057394e+00,-6.362641118406057394e+00
-6.351415823323704579e+00,-6.351415823323704579e+00
-6.340218838310586413e+00,-6.340218838310586413e+00
-6.329050735921538440e+00,-6.329050735921538440e+00
-6.317913259684319272e+00,-6.317913259684319272e+00
-6.306807048243326719e+00,-6.306807048243326719e+00
-6.295732863648244582e+00,-6.295732863648244582e+00
-6.284692714603322017e+00,-6.284692714603322017e+00
-6.273686474083244313e+00,-6.273686474083244313e+00
-6.262716444011824812e+00,-6.262716444011824812e+00
-6.251782574128150749e+00,-6.251782574128150749e+00
-6.240886374660432168e+00,-6.240886374660432168e+00
-6.230029117844890330e+00,-6.230029117844890330e+00
-6.219211927877646318e+00,-6.219211927877646318e+00
-6.208435245513554079e+00,-6.208435245513554079e+00
-6.197700304129902804e+00,-6.197700304129902804e+00
-6.187008535639685114e+00,-6.187008535639685114e+00
-6.176360800610332547e+00,-6.176360800610332547e+00
-6.165758713281912051e+00,-6.165758713281912051e+00
-6.155202274207890234e+00,-6.155202274207890234e+00
-6.144693294416269325e+00,-6.144693294416269325e+00
-6.134232531269328881e+00,-6.134232531269328881e+00
-6.123821283494628176e+00,-6.123821283494628176e+00
-6.113460291225620402e+00,-6.113460291225620402e+00
-6.103151159934796510e+00,-6.103151159934796510e+00
-6.092894423946164650e+00,-6.092894423946164650e+00
-6.082691638249077215e+00,-6.082691638249077215e+00
-6.072543526710904693e+00,-6.072543526710904693e+00
-6.062451154163933431e+00,-6.062451154163933431e+00
-6.052415758027182235e+00,-6.052415758027182235e+00
-6.042437963423441971e+00,-6.042437963423441971e+00
-6.032519489692907300e+00,-6.032519489692907300e+00
-6.022660997762969259e+00,-6.022660997762969259e+00
-6.012863539106443334e+00,-6.012863539106443334e+00
-6.003128566736884331e+00,-6.003128566736884331e+00
-5.993457651481220338e+00,-5.993457651481220338e+00
-5.983854235889920048e+00,-5.983854235889920048e+00
-5.974319349587374539e+00,-5.974319349587374539e+00
-5.964852715593272237e+00,-5.964852715593272237e+00
-5.955454093466627796e+00,-5.955454093466627796e+00
-5.946123126449582408e+00,-5.946123126449582408e+00
-5.936859265178932255e+00,-5.936859265178932255e+00
-5.927662468928681427e+00,-5.927662468928681427e+00
-5.918531803357007348e+00,-5.918531803357007348e+00
-5.909467507146002774e+00,-5.909467507146002774e+00
-5.900469253930997304e+00,-5.900469253930997304e+00
-5.891536020127746909e+00,-5.891536020127746909e+00
-5.882667982537611806e+00,-5.882667982537611806e+00
-5.873864796323529980e+00,-5.873864796323529980e+00
-5.865125858137121284e+00,-5.865125858137121284e+00
-5.856450731923153796e+00,-5.856450731923153796e+00
-5.847839519513943429e+00,-5.847839519513943429e+00
-5.839291428459198130e+00,-5.839291428459198130e+00
-5.830806116603351796e+00,-5.830806116603351796e+00
-5.822383310021606917e+00,-5.822383310021606917e+00
-5.814022884767364729e+00,-5.814022884767364729e+00
-5.805724361862723448e+00,-5.805724361862723448e+00
-5.797486973773049890e+00,-5.797486973773049890e+00
-5.789310640509483186e+00,-5.789310640509483186e+00
-5.781195191525194232e+00,-5.781195191525194232e+00
-5.773140260088626796e+00,-5.773140260088626796e+00
-5.765145067760622410e+00,-5.765145067760622410e+00
-5.757209991661805581e+00,-5.757209991661805581e+00
-5.749333787253330108e+00,-5.749333787253330108e+00
-5.741516382594081591e+00,-5.741516382594081591e+00
-5.733757537563074713e+00,-5.733757537563074713e+00
-5.726057257478309737e+00,-5.726057257478309737e+00
-5.718414253431944871e+00,-5.718414253431944871e+00
-5.710829213769508250e+00,-5.710829213769508250e+00
-5.703301238840941423e+00,-5.703301238840941423e+00
-5.695829842345622396e+00,-5.695829842345622396e+00
-5.688414635948774389e+00,-5.688414635948774389e+00
-5.681055663389468435e+00,-5.681055663389468435e+00
-5.673752272584692058e+00,-5.673752272584692058e+00
-5.666504392078826946e+00,-5.666504392078826946e+00
-5.659311105238144179e+00,-5.659311105238144179e+00
-5.652172408851077634e+00,-5.652172408851077634e+00
-5.645088033295447616e+00,-5.645088033295447616e+00
-5.638057583438424558e+00,-5.638057583438424558e+00
-5.631080345781470875e+00,-5.631080345781470875e+00
-5.624156214547855193e+00,-5.624156214547855193e+00
-5.617285003526792941e+00,-5.617285003526792941e+00
-5.610465945322776982e+00,-5.610465945322776982e+00
-5.603699214057374256e+00,-5.603699214057374256e+00
-5.596984007478816636e+00,-5.596984007478816636e+00
-5.590319994047535879e+00,-5.590319994047535879e+00
-5.583706739925277773e+00,-5.583706739925277773e+00
-5.577143994317319553e+00,-5.577143994317319553e+00
-5.570631843764543234e+00,-5.570631843764543234e+00
-5.564169215870922613e+00,-5.564169215870922613e+00
-5.557756093820390930e+00,-5.557756093820390930e+00
-5.551392041694142243e+00,-5.551392041694142243e+00
-5.545076591296194124e+00,-5.545076591296194124e+00
-5.538809667708145312e+00,-5.538809667708145312e+00
-5.532590813526722329e+00,-5.532590813526722329e+00
-5.526419233695002653e+00,-5.526419233695002653e+00
-5.520295128584587374e+00,-5.520295128584587374e+00
-5.514217658506174402e+00,-5.514217658506174402e+00
-5.508187112931662632e+00,-5.508187112931662632e+00
-5.502202464524440728e+00,-5.502202464524440728e+00
-5.496263410949276285e+00,-5.496263410949276285e+00
-5.490370023603169614e+00,-5.490370023603169614e+00
-5.484521597190464171e+00,-5.484521597190464171e+00
-5.478717903545111234e+00,-5.478717903545111234e+00
-5.472958217822337268e+00,-5.472958217822337268e+00
-5.467242880984949593e+00,-5.467242880984949593e+00
-5.461570906817019733e+00,-5.461570906817019733e+00
-5.455941999180623725e+00,-5.455941999180623725e+00
-5.450356263412784230e+00,-5.450356263412784230e+00
-5.444812613177422378e+00,-5.444812613177422378e+00
-5.439311268539462674e+00,-5.439311268539462674e+00
-5.433851666884836895e+00,-5.433851666884836895e+00
-5.428433174919204518e+00,-5.428433174919204518e+00
-5.423055741937522711e+00,-5.423055741937522711e+00
-5.417718958300278942e+00,-5.417718958300278942e+00
-5.412422509289646300e+00,-5.412422509289646300e+00
-5.407165754026194371e+00,-5.407165754026194371e+00
-5.401948470004218628e+00,-5.401948470004218628e+00
-5.396770605993284065e+00,-5.396770605993284065e+00
-5.391631196451124097e+00,-5.391631196451124097e+00
-5.386530284373334254e+00,-5.386530284373334254e+00
-5.381467452838729848e+00,-5.381467452838729848e+00
-5.376442121730332424e+00,-5.376442121730332424e+00
-5.371453935825665660e+00,-5.371453935825665660e+00
-5.366502870515705403e+00,-5.366502870515705403e+00
-5.361588218931411909e+00,-5.361588218931411909e+00
-5.356709610690825407e+00,-5.356709610690825407e+00
-5.351867016277692457e+00,-5.351867016277692457e+00
-5.347059786491551669e+00,-5.347059786491551669e+00
-5.342287436696775416e+00,-5.342287436696775416e+00
-5.337549875881631323e+00,-5.337549875881631323e+00
-5.332846445134192592e+00,-5.332846445134192592e+00
-5.328176913992067831e+00,-5.328176913992067831e+00
-5.323540847662886932e+00,-5.323540847662886932e+00
-5.318938145359456193e+00,-5.318938145359456193e+00
-5.314367957504400053e+00,-5.314367957504400053e+00
-5.309830165945429670e+00,-5.309830165945429670e+00
-5.305324747075951031e+00,-5.305324747075951031e+00
-5.300850707822806207e+00,-5.300850707822806207e+00
-5.296407978340631040e+00,-5.296407978340631040e+00
-5.291995972945101379e+00,-5.291995972945101379e+00
-5.287614870020192370e+00,-5.287614870020192370e+00
-5.283263699532943392e+00,-5.283263699532943392e+00
-5.278942278534988652e+00,-5.278942278534988652e+00
-5.274650330369762052e+00,-5.274650330369762052e+00
-5.270387271537362750e+00,-5.270387271537362750e+00
-5.266152915013728730e+00,-5.266152915013728730e+00
-5.261946635551406182e+00,-5.261946635551406182e+00
-5.257768506122398655e+00,-5.257768506122398655e+00
-5.253617801014395461e+00,-5.253617801014395461e+00
-5.249494029201392742e+00,-5.249494029201392742e+00
-5.245397152368645344e+00,-5.245397152368645344e+00
-5.241326693448119300e+00,-5.241326693448119300e+00
-5.237281962843822747e+00,-5.237281962843822747e+00
-5.233263035154456233e+00,-5.233263035154456233e+00
-5.229269216670598297e+00,-5.229269216670598297e+00
-5.225300226887454436e+00,-5.225300226887454436e+00
-5.221355622121711448e+00,-5.221355622121711448e+00
-5.217435170625796204e+00,-5.217435170625796204e+00
-5.213538506550371210e+00,-5.213538506550371210e+00
-5.209665271612438531e+00,-5.209665271612438531e+00
-5.205814734296662749e+00,-5.205814734296662749e+00
-5.201986743691113801e+00,-5.201986743691113801e+00
-5.198180828156564459e+00,-5.198180828156564459e+00
-5.194396946207622712e+00,-5.194396946207622712e+00
-5.190634358860076958e+00,-5.190634358860076958e+00
-5.186892714466384113e+00,-5.186892714466384113e+00
-5.183171666948910072e+00,-5.183171666948910072e+00
-5.179471127213228776e+00,-5.179471127213228776e+00
-5.175790047064480426e+00,-5.175790047064480426e+00
-5.172128673338447058e+00,-5.172128673338447058e+00
-5.168486296673598268e+00,-5.168486296673598268e+00
-5.164862610470960291e+00,-5.164862610470960291e+00
-5.161257443176351600e+00,-5.161257443176351600e+00
-5.157669998467087069e+00,-5.157669998467087069e+00
-5.154100195199183609e+00,-5.154100195199183609e+00
-5.150547593637886834e+00,-5.150547593637886834e+00
-5.147011590186694185e+00,-5.147011590186694185e+00
-5.143492221785580298e+00,-5.143492221785580298e+00
-5.139988459290862899e+00,-5.139988459290862899e+00
-5.136500710616335397e+00,-5.136500710616335397e+00
-5.133028014271816097e+00,-5.133028014271816097e+00
-5.129570200718169382e+00,-5.129570200718169382e+00
-5.126126720048640450e+00,-5.126126720048640450e+00
-5.122697415310439872e+00,-5.122697415310439872e+00
-5.119281628597938116e+00,-5.119281628597938116e+00
-5.115879371632213513e+00,-5.115879371632213513e+00
-5.112489832771930587e+00,-5.112489832771930587e+00
-5.109112896419536476e+00,-5.109112896419536476e+00
-5.105747890122254162e+00,-5.105747890122254162e+00
-5.102394695374578681e+00,-5.102394695374578681e+00
-5.099052740976950382e+00,-5.099052740976950382e+00
-5.095721901135187082e+00,-5.095721901135187082e+00
-5.092401802848152137e+00,-5.092401802848152137e+00
-5.089091284993113362e+00,-5.089091284993113362e+00
-5.085790834721732878e+00,-5.085790834721732878e+00
-5.082499841008283781e+00,-5.082499841008283781e+00
-5.079217529407727305e+00,-5.079217529407727305e+00
-5.075944072896976245e+00,-5.075944072896976245e+00
-5.072678719509505996e+00,-5.072678719509505996e+00
-5.069420980798029497e+00,-5.069420980798029497e+00
-5.066170974986238029e+00,-5.066170974986238029e+00
-5.062927665824251022e+00,-5.062927665824251022e+00
-5.059691064186560006e+00,-5.059691064186560006e+00
-5.056460796171013961e+00,-5.056460796171013961e+00
-5.053236412845582670e+00,-5.053236412845582670e+00
-5.050017123105547512e+00,-5.050017123105547512e+00
-5.046803170063685506e+00,-5.046803170063685506e+00
-5.043593530295275684e+00,-5.043593530295275684e+00
-5.040388368692027221e+00,-5.040388368692027221e+00
-5.037187019915778663e+00,-5.037187019915778663e+00
-5.033989133373721003e+00,-5.033989133373721003e+00
-5.030794282171859422e+00,-5.030794282171859422e+00
-5.027601971594283015e+00,-5.027601971594283015e+00
-5.024411863575954484e+00,-5.024411863575954484e+00
-5.021223881020541846e+00,-5.021223881020541846e+00
-5.018037248613355317e+00,-5.018037248613355317e+00
-5.014851389852059249e+00,-5.014851389852059249e+00
-5.011666754120188472e+00,-5.011666754120188472e+00
-5.008481806857123075e+00,-5.008481806857123075e+00
-5.005297153138696054e+00,-5.005297153138696054e+00
-5.002111486499506654e+00,-5.002111486499506654e+00
-4.998925202843041760e+00,-4.998925202843041760e+00
-4.995737568838397813e+00,-4.995737568838397813e+00
-4.992547978319795021e+00,-4.992547978319795021e+00
-4.989356499181366367e+00,-4.989356499181366367e+00
-4.986162275449322223e+00,-4.986162275449322223e+00
-4.982965106613168160e+00,-4.982965106613168160e+00
-4.979764701254717707e+00,-4.979764701254717707e+00
-4.976560484790788941e+00,-4.976560484790788941e+00
-4.973352086024495300e+00,-4.973352086024495300e+00
-4.970139235040422321e+00,-4.970139235040422321e+00
-4.966921301064812333e+00,-4.966921301064812333e+00
-4.963697962909088268e+00,-4.963697962909088268e+00
-4.960468913143724734e+00,-4.960468913143724734e+00
-4.957233330257102111e+00,-4.957233330257102111e+00
-4.953990413076066801e+00,-4.953990413076066801e+00
-4.950739328866330169e+00,-4.950739328866330169e+00
-4.947479853710603059e+00,-4.947479853710603059e+00
-4.944211817691464006e+00,-4.944211817691464006e+00
-4.940934758922492342e+00,-4.940934758922492342e+00
-4.937648118988466450e+00,-4.937648118988466450e+00
-4.934352110034708083e+00,-4.934352110034708083e+00
-4.931045992629181640e+00,-4.931045992629181640e+00
-4.927729346000533361e+00,-4.927729346000533361e+00
-4.924402258021324030e+00,-4.924402258021324030e+00
-4.921064113584689537e+00,-4.921064113584689537e+00
-4.917714512419182782e+00,-4.917714512419182782e+00
-4.914353384689529314e+00,-4.914353384689529314e+00
-4.910980140152822138e+00,-4.910980140152822138e+00
-4.907594645627025187e+00,-4.907594645627025187e+00
-4.904196386037034117e+00,-4.904196386037034117e+00
-4.900785107908165905e+00,-4.900785107908165905e+00
-4.897360643899745902e+00,-4.897360643899745902e+00
-4.893922247259634872e+00,-4.893922247259634872e+00
-4.890470161842432439e+00,-4.890470161842432439e+00
-4.887003374558231528e+00,-4.887003374558231528e+00
-4.883522100120977427e+00,-4.883522100120977427e+00
-4.880025879606061601e+00,-4.880025879606061601e+00
-4.876514328852022295e+00,-4.876514328852022295e+00
-4.872987101895560613e+00,-4.872987101895560613e+00
-4.869443921542874421e+00,-4.869443921542874421e+00
-4.865884218506238312e+00,-4.865884218506238312e+00
-4.862308094925817059e+00,-4.862308094925817059e+00
-4.858714717295159247e+00,-4.858714717295159247e+00
-4.855104083662237890e+00,-4.855104083662237890e+00
-4.851475826655101464e+00,-4.851475826655101464e+00
-4.847829558474951561e+00,-4.847829558474951561e+00
-4.844164841983423564e+00,-4.844164841983423564e+00
-4.840481657035653029e+00,-4.840481657035653029e+00
-4.836779602375074205e+00,-4.836779602375074205e+00
-4.833057754001350403e+00,-4.833057754001350403e+00
-4.829316380707626699e+00,-4.829316380707626699e+00
-4.825555243838022257e+00,-4.825555243838022257e+00
-4.821773304499959778e+00,-4.821773304499959778e+00
-4.817971084379288449e+00,-4.817971084379288449e+00
-4.814147855139083276e+00,-4.814147855139083276e+00
-4.810303435353269208e+00,-4.810303435353269208e+00
-4.806436846396832330e+00,-4.806436846396832330e+00
-4.802548676991039045e+00,-4.802548676991039045e+00
-4.798638049234266845e+00,-4.798638049234266845e+00
-4.794704766427759779e+00,-4.794704766427759779e+00
-4.790748250805471287e+00,-4.790748250805471287e+00
-4.786768787519226187e+00,-4.786768787519226187e+00
-4.782765499489053163e+00,-4.782765499489053163e+00
-4.778738168453133817e+00,-4.778738168453133817e+00
-4.774686472067375398e+00,-4.774686472067375398e+00
-4.770610277914701491e+00,-4.770610277914701491e+00
-4.766509045833107194e+00,-4.766509045833107194e+00
-4.762382436328066682e+00,-4.762382436328066682e+00
-4.758230191305323764e+00,-4.758230191305323764e+00
-4.754052062849364546e+00,-4.754052062849364546e+00
-4.749847542897976282e+00,-4.749847542897976282e+00
-4.745616491450739716e+00,-4.745616491450739716e+00
-4.741358303816650022e+00,-4.741358303816650022e+00
-4.737072995491470984e+00,-4.737072995491470984e+00
-4.732759907071310224e+00,-4.732759907071310224e+00
-4.728419043714541026e+00,-4.728419043714541026e+00
-4.724049795421403353e+00,-4.724049795421403353e+00
-4.719651979295568012e+00,-4.719651979295568012e+00
-4.715225125546285589e+00,-4.715225125546285589e+00
-4.710769114393468016e+00,-4.710769114393468016e+00
-4.706283498149224087e+00,-4.706283498149224087e+00
-4.701767953693985369e+00,-4.701767953693985369e+00
-4.697222215732557160e+00,-4.697222215732557160e+00
-4.692645671186109091e+00,-4.692645671186109091e+00
-4.688038666923442399e+00,-4.688038666923442399e+00
-4.683400186374288232e+00,-4.683400186374288232e+00
-4.678730397911621708e+00,-4.678730397911621708e+00
-4.674028540243356566e+00,-4.674028540243356566e+00
-4.669294662391834549e+00,-4.669294662391834549e+00
-4.664528085865170759e+00,-4.664528085865170759e+00
-4.659728875875220666e+00,-4.659728875875220666e+00
-4.654896616875168647e+00,-4.654896616875168647e+00
-4.650030723315758507e+00,-4.650030723315758507e+00
-4.645131012957960159e+00,-4.645131012957960159e+00
-4.640197205404224867e+00,-4.640197205404224867e+00
-4.635229187726159772e+00,-4.635229187726159772e+00
-4.630226524400292476e+00,-4.630226524400292476e+00
-4.625188602697973828e+00,-4.625188602697973828e+00
-4.620115409344859536e+00,-4.620115409344859536e+00
-4.615006585035128950e+00,-4.615006585035128950e+00
-4.609861446959004461e+00,-4.609861446959004461e+00
-4.604680588237714645e+00,-4.604680588237714645e+00
-4.599462784381507241e+00,-4.599462784381507241e+00
-4.594208079081051110e+00,-4.594208079081051110e+00
-4.588916391523652827e+00,-4.588916391523652827e+00
-4.583586913194374723e+00,-4.583586913194374723e+00
-4.578219720501615519e+00,-4.578219720501615519e+00
-4.572814285471856088e+00,-4.572814285471856088e+00
-4.567370373412636297e+00,-4.567370373412636297e+00
-4.561887945888543960e+00,-4.561887945888543960e+00
-4.556366492943970670e+00,-4.556366492943970670e+00
-4.550805736638526611e+00,-4.550805736638526611e+00
-4.545205119495391521e+00,-4.545205119495391521e+00
-4.539564503439108556e+00,-4.539564503439108556e+00
-4.533883712021138379e+00,-4.533883712021138379e+00
-4.528162414701677463e+00,-4.528162414701677463e+00
-4.522400168039202306e+00,-4.522400168039202306e+00
-4.516596951937482451e+00,-4.516596951937482451e+00
-4.510752284190354011e+00,-4.510752284190354011e+00
-4.504865568479760718e+00,-4.504865568479760718e+00
-4.498937411695965061e+00,-4.498937411695965061e+00
-4.492966735855223881e+00,-4.492966735855223881e+00
-4.486953283826849770e+00,-4.486953283826849770e+00
-4.480897116679386727e+00,-4.480897116679386727e+00
-4.474797728537386554e+00,-4.474797728537386554e+00
-4.468655018280997204e+00,-4.468655018280997204e+00
-4.462468499933212485e+00,-4.462468499933212485e+00
-4.456238083695222230e+00,-4.456238083695222230e+00
-4.449963321763449109e+00,-4.449963321763449109e+00
-4.443644109761456740e+00,-4.443644109761456740e+00
-4.437280140702151598e+00,-4.437280140702151598e+00
-4.430870803003079672e+00,-4.430870803003079672e+00
-4.424416193725438262e+00,-4.424416193725438262e+00
-4.417916164913000543e+00,-4.417916164913000543e+00
-4.411370013194697570e+00,-4.411370013194697570e+00
-4.404777878943561653e+00,-4.404777878943561653e+00
-4.398139154874310286e+00,-4.398139154874310286e+00
-4.391453704131749625e+00,-4.391453704131749625e+00
-4.384721559247964251e+00,-4.384721559247964251e+00
-4.377941999686934871e+00,-4.377941999686934871e+00
-4.371115051052595568e+00,-4.371115051052595568e+00
-4.364240482609014649e+00,-4.364240482609014649e+00
-4.357317826351264856e+00,-4.357317826351264856e+00
-4.350347049830907586e+00,-4.350347049830907586e+00
-4.343327652867132294e+00,-4.343327652867132294e+00
-4.336259798687046363e+00,-4.336259798687046363e+00
-4.329142853425311799e+00,-4.329142853425311799e+00
-4.321976768161102989e+00,-4.321976768161102989e+00
-4.314761403253271510e+00,-4.314761403253271510e+00
-4.307496307670371394e+00,-4.307496307670371394e+00
-4.300181231602977938e+00,-4.300181231602977938e+00
-4.292816273684723072e+00,-4.292816273684723072e+00
-4.285400742026419962e+00,-4.285400742026419962e+00
-4.277934930897756338e+00,-4.277934930897756338e+00
-4.270418056950335384e+00,-4.270418056950335384e+00
-4.262850306583118254e+00,-4.262850306583118254e+00
-4.255231192684227892e+00,-4.255231192684227892e+00
-4.247560931537783802e+00,-4.247560931537783802e+00
-4.239838840196041403e+00,-4.239838840196041403e+00
-4.232064984882321745e+00,-4.232064984882321745e+00
-4.224239173084148646e+00,-4.224239173084148646e+00
-4.216361002586249462e+00,-4.216361002586249462e+00
-4.208430479403457269e+00,-4.208430479403457269e+00
-4.200447196393773730e+00,-4.200447196393773730e+00
-4.192411186924812405e+00,-4.192411186924812405e+00
-4.184322090272931227e+00,-4.184322090272931227e+00
-4.176179728022537674e+00,-4.176179728022537674e+00
-4.167983867680176147e+00,-4.167983867680176147e+00
-4.159734875980718449e+00,-4.159734875980718449e+00
-4.151431875517023862e+00,-4.151431875517023862e+00
-4.143075115842129286e+00,-4.143075115842129286e+00
-4.134664019283972536e+00,-4.134664019283972536e+00
-4.126198963768035632e+00,-4.126198963768035632e+00
-4.117679180756174340e+00,-4.117679180756174340e+00
-4.109105069382565922e+00,-4.109105069382565922e+00
-4.100476351427796651e+00,-4.100476351427796651e+00
-4.091792422034399301e+00,-4.091792422034399301e+00
-4.083053708881658750e+00,-4.083053708881658750e+00
-4.074259685381335316e+00,-4.074259685381335316e+00
-4.065410456254876514e+00,-4.065410456254876514e+00
-4.056505861369624988e+00,-4.056505861369624988e+00
-4.047545490986846239e+00,-4.047545490986846239e+00
-4.038529558412399467e+00,-4.038529558412399467e+00
-4.029457828031849154e+00,-4.029457828031849154e+00
-4.020329987310289788e+00,-4.020329987310289788e+00
-4.011146351296394741e+00,-4.011146351296394741e+00
-4.001906280283011874e+00,-4.001906280283011874e+00
-3.992610032199563008e+00,-3.992610032199563008e+00
-3.983257411711860652e+00,-3.983257411711860652e+00
-3.973848513474533828e+00,-3.973848513474533828e+00
-3.964382839947056425e+00,-3.964382839947056425e+00
-3.954860508815770448e+00,-3.954860508815770448e+00
-3.945281330137741183e+00,-3.945281330137741183e+00
-3.935645430708435200e+00,-3.935645430708435200e+00
-3.925952789179940616e+00,-3.925952789179940616e+00
-3.916203110017411060e+00,-3.916203110017411060e+00
-3.906396295474794389e+00,-3.906396295474794389e+00
-3.896532489807552846e+00,-3.896532489807552846e+00
-3.886611479639087374e+00,-3.886611479639087374e+00
-3.876633158661599410e+00,-3.876633158661599410e+00
-3.866597593766597729e+00,-3.866597593766597729e+00
-3.856505046058980479e+00,-3.856505046058980479e+00
-3.846354707639806136e+00,-3.846354707639806136e+00
-3.836147335063253117e+00,-3.836147335063253117e+00
-3.825882309846862395e+00,-3.825882309846862395e+00
-3.815560066336654454e+00,-3.815560066336654454e+00
-3.805180128107783499e+00,-3.805180128107783499e+00
-3.794743077554319388e+00,-3.794743077554319388e+00
-3.784248454256285310e+00,-3.784248454256285310e+00
-3.773696143217966092e+00,-3.773696143217966092e+00
-3.763086665357954885e+00,-3.763086665357954885e+00
-3.752419840010576824e+00,-3.752419840010576824e+00
-3.741695267368014388e+00,-3.741695267368014388e+00
-3.730913467197935152e+00,-3.730913467197935152e+00
-3.720074177024672579e+00,-3.720074177024672579e+00
-3.709177772154301334e+00,-3.709177772154301334e+00
-3.698223666818011512e+00,-3.698223666818011512e+00
-3.687212774020572237e+00,-3.687212774020572237e+00
-3.676144341612900046e+00,-3.676144341612900046e+00
-3.665018927492043499e+00,-3.665018927492043499e+00
-3.653836421331742024e+00,-3.653836421331742024e+00
-3.642596848443419244e+00,-3.642596848443419244e+00
-3.631300302998589302e+00,-3.631300302998589302e+00
-3.619946798333554927e+00,-3.619946798333554927e+00
-3.608536619974521020e+00,-3.608536619974521020e+00
-3.597069725267064477e+00,-3.597069725267064477e+00
-3.585546097420399647e+00,-3.585546097420399647e+00
-3.573966078397764257e+00,-3.573966078397764257e+00
-3.562329754473001042e+00,-3.562329754473001042e+00
-3.550637105792607162e+00,-3.550637105792607162e+00
-3.538888263974550252e+00,-3.538888263974550252e+00
-3.527083506114234268e+00,-3.527083506114234268e+00
-3.515222710675546036e+00,-3.515222710675546036e+00
-3.503306332150165403e+00,-3.503306332150165403e+00
-3.491334137055527087e+00,-3.491334137055527087e+00
-3.479306617552794023e+00,-3.479306617552794023e+00
-3.467224036546240118e+00,-3.467224036546240118e+00
-3.455086130991989801e+00,-3.455086130991989801e+00
-3.442893201832583294e+00,-3.442893201832583294e+00
-3.430645962360821866e+00,-3.430645962360821866e+00
-3.418343788868246413e+00,-3.418343788868246413e+00
-3.405987481007436646e+00,-3.405987481007436646e+00
-3.393576890223647169e+00,-3.393576890223647169e+00
-3.381112375707612916e+00,-3.381112375707612916e+00
-3.368593909153011712e+00,-3.368593909153011712e+00
-3.356022419191922346e+00,-3.356022419191922346e+00
-3.343397284533842662e+00,-3.343397284533842662e+00
-3.330719114438362105e+00,-3.330719114438362105e+00
-3.317988316689648443e+00,-3.317988316689648443e+00
-3.305205030745788530e+00,-3.305205030745788530e+00
-3.292369291260210939e+00,-3.292369291260210939e+00
-3.279481593015041607e+00,-3.279481593015041607e+00
-3.266542099536127175e+00,-3.266542099536127175e+00
-3.253551381131441822e+00,-3.253551381131441822e+00
-3.240509267283363748e+00,-3.240509267283363748e+00
-3.227416389030219879e+00,-3.227416389030219879e+00
-3.214272758173262190e+00,-3.214272758173262190e+00
-3.201079029964122746e+00,-3.201079029964122746e+00
-3.187835325322192492e+00,-3.187835325322192492e+00
-3.174542086897278459e+00,-3.174542086897278459e+00
-3.161199402626754917e+00,-3.161199402626754917e+00
-3.147807899314773561e+00,-3.147807899314773561e+00
-3.134367838730335976e+00,-3.134367838730335976e+00
-3.120879351673352176e+00,-3.120879351673352176e+00
-3.107343296764769391e+00,-3.107343296764769391e+00
-3.093759235635255234e+00,-3.093759235635255234e+00
-3.080128635883018884e+00,-3.080128635883018884e+00
-3.066450797697514385e+00,-3.066450797697514385e+00
-3.052726748139047874e+00,-3.052726748139047874e+00
-3.038956950215462527e+00,-3.038956950215462527e+00
-3.025141306135631147e+00,-3.025141306135631147e+00
-3.011280675798712725e+00,-3.011280675798712725e+00
-2.997375214645010999e+00,-2.997375214645010999e+00
-2.983425808738704887e+00,-2.983425808738704887e+00
-2.969432082151506780e+00,-2.969432082151506780e+00
-2.955395352385192353e+00,-2.955395352385192353e+00
-2.941315600454421197e+00,-2.941315600454421197e+00
-2.927193149333735533e+00,-2.927193149333735533e+00
-2.913028976105406898e+00,-2.913028976105406898e+00
-2.898823080739907354e+00,-2.898823080739907354e+00
-2.884576357087027532e+00,-2.884576357087027532e+00
-2.870289058888679357e+00,-2.870289058888679357e+00
-2.855961582057605863e+00,-2.855961582057605863e+00
-2.841594435172583477e+00,-2.841594435172583477e+00
-2.827188347006482694e+00,-2.827188347006482694e+00
-2.812743632342671329e+00,-2.812743632342671329e+00
-2.798261216730934198e+00,-2.798261216730934198e+00
-2.783741125238199388e+00,-2.783741125238199388e+00
-2.769184077231053642e+00,-2.769184077231053642e+00
-2.754590949980277870e+00,-2.754590949980277870e+00
-2.739961874712212087e+00,-2.739961874712212087e+00
-2.725297567916088681e+00,-2.725297567916088681e+00
-2.710598731619351831e+00,-2.710598731619351831e+00
-2.695865880376811408e+00,-2.695865880376811408e+00
-2.681099277087267918e+00,-2.681099277087267918e+00
-2.666299896464666919e+00,-2.666299896464666919e+00
-2.651468115288581728e+00,-2.651468115288581728e+00
-2.636604963257281220e+00,-2.636604963257281220e+00
-2.621710624378998489e+00,-2.621710624378998489e+00
-2.606785833119125595e+00,-2.606785833119125595e+00
-2.591831373816798401e+00,-2.591831373816798401e+00
-2.576847703106326826e+00,-2.576847703106326826e+00
-2.561835602504194842e+00,-2.561835602504194842e+00
-2.546795527364794864e+00,-2.546795527364794864e+00
-2.531728508304465386e+00,-2.531728508304465386e+00
-2.516634702450623706e+00,-2.516634702450623706e+00
-2.501515302645600514e+00,-2.501515302645600514e+00
-2.486370616921211862e+00,-2.486370616921211862e+00
-2.471201480795468974e+00,-2.471201480795468974e+00
-2.456008362028615277e+00,-2.456008362028615277e+00
-2.440792528002228234e+00,-2.440792528002228234e+00
-2.425554283968256453e+00,-2.425554283968256453e+00
-2.410294469788943683e+00,-2.410294469788943683e+00
-2.395013551416085296e+00,-2.395013551416085296e+00
-2.379712450956831926e+00,-2.379712450956831926e+00
-2.364392189635527775e+00,-2.364392189635527775e+00
-2.349052832629028753e+00,-2.349052832629028753e+00
-2.333695702782389247e+00,-2.333695702782389247e+00
-2.318321508112240803e+00,-2.318321508112240803e+00
-2.302930673396248018e+00,-2.302930673396248018e+00
-2.287524326289424259e+00,-2.287524326289424259e+00
-2.272103075828255658e+00,-2.272103075828255658e+00
-2.256667631892820047e+00,-2.256667631892820047e+00
-2.241218784630123029e+00,-2.241218784630123029e+00
-2.225757593359865005e+00,-2.225757593359865005e+00
-2.210284390657507814e+00,-2.210284390657507814e+00
-2.194800241410087338e+00,-2.194800241410087338e+00
-2.179305958723534609e+00,-2.179305958723534609e+00
-2.163802761740603486e+00,-2.163802761740603486e+00
-2.148290533341629782e+00,-2.148290533341629782e+00
-2.132770881889071823e+00,-2.132770881889071823e+00
-2.117244341045015243e+00,-2.117244341045015243e+00
-2.101711621435427890e+00,-2.101711621435427890e+00
-2.086173869828185978e+00,-2.086173869828185978e+00
-2.070631639067825436e+00,-2.070631639067825436e+00
-2.055085942272099064e+00,-2.055085942272099064e+00
-2.039537614733466508e+00,-2.039537614733466508e+00
-2.023987410247249041e+00,-2.023987410247249041e+00
-2.008436387094352238e+00,-2.008436387094352238e+00
-1.992885184041395252e+00,-1.992885184041395252e+00
-1.977334658703403747e+00,-1.977334658703403747e+00
-1.961785863653518591e+00,-1.961785863653518591e+00
-1.946239401827635884e+00,-1.946239401827635884e+00
-1.930696937319271500e+00,-1.930696937319271500e+00
-1.915158176446161375e+00,-1.915158176446161375e+00
-1.899624935803927439e+00,-1.899624935803927439e+00
-1.884097387609637408e+00,-1.884097387609637408e+00
-1.868577155350465313e+00,-1.868577155350465313e+00
-1.853064743946631232e+00,-1.853064743946631232e+00
-1.837560683666342065e+00,-1.837560683666342065e+00
-1.822066629420967088e+00,-1.822066629420967088e+00
-1.806583150714590857e+00,-1.806583150714590857e+00
-1.791110961355561138e+00,-1.791110961355561138e+00
-1.775651147103366023e+00,-1.775651147103366023e+00
-1.760204719694901776e+00,-1.760204719694901776e+00
-1.744772259235157774e+00,-1.744772259235157774e+00
-1.729354829367759416e+00,-1.729354829367759416e+00
-1.713953342148012426e+00,-1.713953342148012426e+00
-1.698569330604021710e+00,-1.698569330604021710e+00
-1.683202618156800501e+00,-1.683202618156800501e+00
-1.667854844977991524e+00,-1.667854844977991524e+00
-1.652526605583573449e+00,-1.652526605583573449e+00
-1.637218854076461394e+00,-1.637218854076461394e+00
-1.621933010465531400e+00,-1.621933010465531400e+00
-1.606669233051107426e+00,-1.606669233051107426e+00
-1.591428985754693715e+00,-1.591428985754693715e+00
-1.576213030914500823e+00,-1.576213030914500823e+00
-1.561021991498488193e+00,-1.561021991498488193e+00
-1.545857331514455923e+00,-1.545857331514455923e+00
-1.530719653129124946e+00,-1.530719653129124946e+00
-1.515609651753728748e+00,-1.515609651753728748e+00
-1.500529081714532253e+00,-1.500529081714532253e+00
-1.485477988542027283e+00,-1.485477988542027283e+00
-1.470457490409547319e+00,-1.470457490409547319e+00
-1.455468818463918401e+00,-1.455468818463918401e+00
-1.440512730792027796e+00,-1.440512730792027796e+00
-1.425590187768289940e+00,-1.425590187768289940e+00
-1.410701823343557537e+00,-1.410701823343557537e+00
-1.395848785404176340e+00,-1.395848785404176340e+00
-1.381031767724730575e+00,-1.381031767724730575e+00
-1.366252226455610286e+00,-1.366252226455610286e+00
-1.351510608117030721e+00,-1.351510608117030721e+00
-1.336808000753641368e+00,-1.336808000753641368e+00
-1.322144905600695308e+00,-1.322144905600695308e+00
-1.307522777258986579e+00,-1.307522777258986579e+00
-1.292942037720289372e+00,-1.292942037720289372e+00
-1.278404175039751900e+00,-1.278404175039751900e+00
-1.263909395875488118e+00,-1.263909395875488118e+00
-1.249459114950969063e+00,-1.249459114950969063e+00
-1.235054011632461757e+00,-1.235054011632461757e+00
-1.220695087865629525e+00,-1.220695087865629525e+00
-1.206382659505565558e+00,-1.206382659505565558e+00
-1.192118356830702997e+00,-1.192118356830702997e+00
-1.177902692677292862e+00,-1.177902692677292862e+00
-1.163736660268950951e+00,-1.163736660268950951e+00
-1.149621044233402278e+00,-1.149621044233402278e+00
-1.135556513076599217e+00,-1.135556513076599217e+00
-1.121543866157362901e+00,-1.121543866157362901e+00
-1.107584857331808337e+00,-1.107584857331808337e+00
-1.093679173207022126e+00,-1.093679173207022126e+00
-1.079828389978470859e+00,-1.079828389978470859e+00
-1.066033078074265728e+00,-1.066033078074265728e+00
-1.052293844280075996e+00,-1.052293844280075996e+00
-1.038611946802141750e+00,-1.038611946802141750e+00
-1.024987988111469850e+00,-1.024987988111469850e+00
-1.011422794737679709e+00,-1.011422794737679709e+00
-9.979170749994742406e-01,-9.979170749994742406e-01
-9.844718547527941954e-01,-9.844718547527941954e-01
-9.710876774482853913e-01,-9.710876774482853913e-01
-9.577655787596833781e-01,-9.577655787596833781e-01
-9.445058417300280507e-01,-9.445058417300280507e-01
-9.313098413020294286e-01,-9.313098413020294286e-01
-9.126976669004005505e-01,-9.126976669004005505e-01
