-3.157181839457459560e+00,-1.602359115834045555e+00
-3.135085130844093015e+00,-1.580262407220679011e+00
-3.109443710266358352e+00,-1.554323686803767535e+00
-3.083928403981931687e+00,-1.528511103750040290e+00
-3.058538780561199211e+00,-1.502824236315092099e+00
-3.033274409334926425e+00,-1.477262663604432147e+00
-3.008134860407444933e+00,-1.451825965586577061e+00
-2.983119704668711236e+00,-1.426513723104899212e+00
-2.958228513807966920e+00,-1.401325517891171435e+00
-2.933460860326499997e+00,-1.376260932578108998e+00
-2.908816317550832586e+00,-1.351319550712344553e+00
-2.884294459646343789e+00,-1.326500956767836525e+00
-2.859894861629934226e+00,-1.301804736158218789e+00
-2.835617099384262652e+00,-1.277230475250802355e+00
-2.811460749671073067e+00,-1.252777761379576971e+00
-2.787425390144813164e+00,-1.228446182858478286e+00
-2.763510599366886034e+00,-1.204235328995322485e+00
-2.739715956818832510e+00,-1.180144790104537433e+00
-2.716041042917050952e+00,-1.156174157521531187e+00
-2.692485439026728322e+00,-1.132323023616161217e+00
-2.669048727475925809e+00,-1.108590981806350184e+00
-2.645730491570277287e+00,-1.084977626572320331e+00
-2.622530315606799611e+00,-1.061482553469833112e+00
-2.599447784889132862e+00,-1.038105359144935180e+00
-2.576482485741706796e+00,-1.014845641347515981e+00
-2.553634005524565431e+00,-9.917029989455350414e-01
-2.530901932648590424e+00,-9.686770319396387219e-01
-2.508285856589512974e+00,-9.457673414764411479e-01
-2.485785367903755372e+00,-9.229735298637331553e-01
-2.463400058243195190e+00,-9.002952005845010763e-01
-2.441129520370220796e+00,-8.777319583112079826e-01
-2.418973348173439675e+00,-8.552834089207583812e-01
-2.396931136682204588e+00,-8.329491595081341959e-01
-2.375002482082798849e+00,-8.107288184017884536e-01
-2.353186981733640160e+00,-7.886219951779414039e-01
-2.331484234180705606e+00,-7.666283006750769236e-01
-2.309893839173645880e+00,-7.447473470091348080e-01
-2.288415397680683583e+00,-7.229787475873667990e-01
-2.267048511905191965e+00,-7.013221171239496510e-01
-2.245792785301164329e+00,-6.797770716543725111e-01
-2.224647822589086665e+00,-6.583432285502142101e-01
-2.203613229772303228e+00,-6.370202065344090503e-01
-2.182688614152225703e+00,-6.158076256952365046e-01
-2.161873584345312516e+00,-5.947051075021652089e-01
-2.141167750298689221e+00,-5.737122748201979316e-01
-2.120570723306324012e+00,-5.528287519247763182e-01
-2.100082116025729029e+00,-5.320541645172010004e-01
-2.079701542493392452e+00,-5.113881397386603744e-01
-2.059428618141849299e+00,-4.908303061859631278e-01
-2.039262959815685505e+00,-4.703802939260974814e-01
-2.019204185787850214e+00,-4.500377345110735394e-01
-1.999251915776413258e+00,-4.298022609931992921e-01
-1.979405770960356525e+00,-4.096735079392910261e-01
-1.959665373996627435e+00,-3.896511114461804759e-01
-1.940030349036300228e+00,-3.697347091552349863e-01
-1.920500321741091865e+00,-3.499239402672158494e-01
-1.901074919300068666e+00,-3.302184455572920729e-01
-1.881753770445510066e+00,-3.106178673891213382e-01
-1.862536505470120618e+00,-2.911218497303258435e-01
-1.843422756243100258e+00,-2.717300381667056008e-01
-1.824412156226639992e+00,-2.524420799168733964e-01
-1.805504340492787074e+00,-2.332576238472292562e-01
-1.786698945739081834e+00,-2.141763204856039771e-01
-1.767995610305705290e+00,-1.951978220364520844e-01
-1.749393974191567169e+00,-1.763217823948910468e-01
-1.730893679070700353e+00,-1.575478571610190448e-01
-1.712494368308803638e+00,-1.388757036543524226e-01
-1.694195686978839044e+00,-1.203049809272179749e-01
-1.675997281878118583e+00,-1.018353497796918861e-01
-1.657898801543911338e+00,-8.346647277292085221e-02
-1.639899896269756185e+00,-6.519801424316207239e-02
-1.622000218121784743e+00,-4.702964031578704684e-02
-1.604199420953856370e+00,-2.896101891799418571e-02
-1.586497160424443775e+00,-1.099181979333474501e-02
-1.568893094011981182e+00,6.878285485425905676e-03
-1.551386881030457632e+00,2.464962350322330575e-02
-1.533978182645647559e+00,4.232251898897732012e-02
-1.516666661889837675e+00,5.989729480349348378e-02
-1.499451983677943412e+00,7.737427192593837599e-02
-1.482333814822530682e+00,9.475376944150604164e-02
-1.465311824049021938e+00,1.120361045289194335e-01
-1.448385682011136710e+00,1.292215924477287947e-01
-1.431555061305082033e+00,1.463105465269526340e-01
-1.414819636485021404e+00,1.633032781524117460e-01
-1.398179084077785239e+00,1.802000967548889054e-01
-1.381633082596703366e+00,1.970013097992544537e-01
-1.365181312556666748e+00,2.137072227723192386e-01
-1.348823456487979966e+00,2.303181391719988369e-01
-1.332559198950330037e+00,2.468343604963816329e-01
-1.316388226547088758e+00,2.632561862324782620e-01
-1.300310227938058949e+00,2.795839138466336138e-01
-1.284324893853790561e+00,2.958178387733191306e-01
-1.268431917108478801e+00,3.119582544054393392e-01
-1.252630992612848049e+00,3.280054520846825694e-01
-1.236921817387464761e+00,3.439597210914453473e-01
-1.221304090574561796e+00,3.598213486363435187e-01
-1.205777513451068872e+00,3.755906198504825877e-01
-1.190341789440563902e+00,3.912678177768811327e-01
-1.174996624124850397e+00,4.068532233623092242e-01
-1.159741725256078881e+00,4.223471154485769485e-01
-1.144576802767514945e+00,4.377497707652602266e-01
-1.129501568785028054e+00,4.530614639216908879e-01
-1.114515737637690407e+00,4.682824673998955411e-01
-1.099619025868305622e+00,4.834130515476239287e-01
-1.084811152243920107e+00,4.984534845714108098e-01
-1.070091837765012821e+00,5.134040325310353925e-01
-1.055460805675753733e+00,5.282649593328727633e-01
-1.040917781472923798e+00,5.430365267246596295e-01
-1.026462492914904656e+00,5.577189942901944475e-01
-1.012094670030551757e+00,5.723126194441681136e-01
-9.978140451267003552e-01,5.868176574284336144e-01
-9.836203527968154781e-01,6.012343613070814108e-01
-9.695133299281621930e-01,6.155629819630672461e-01
-9.554927157089341261e-01,6.298037680948876949e-01
-9.415582516352969389e-01,6.439569662133409755e-01
-9.277096815171301802e-01,6.580228206396532276e-01
-9.139467514847183782e-01,6.720015735026024783e-01
-9.002692099938964798e-01,6.858934647372616489e-01
-8.866768078312543544e-01,6.996987320836676183e-01
-8.731692981191143677e-01,7.134176110857227693e-01
-8.597464363192890424e-01,7.270503350913597451e-01
-8.464079802374400163e-01,7.405971352520671624e-01
-8.331536900262379586e-01,7.540582405236551100e-01
-8.199833281882671354e-01,7.674338776672708917e-01
-8.068966595788265028e-01,7.807242712505071403e-01
-7.938934514072877313e-01,7.939296436499945209e-01
-7.809734732392257239e-01,8.070502150531698726e-01
-7.681364969971189449e-01,8.200862034615151730e-01
-7.553822969608743332e-01,8.330378246939477149e-01
-7.427106497681743580e-01,8.459052923903798149e-01
-7.301213344132360117e-01,8.586888180168930074e-01
-7.176141322466016437e-01,8.713886108698163380e-01
-7.051888269730248737e-01,8.840048780817506557e-01
-6.928452046495536809e-01,8.965378246273539853e-01
-6.805830536830517197e-01,9.089876533296754602e-01
-6.684021648264462101e-01,9.213545648677754496e-01
-6.563023311755895595e-01,9.336387577836645635e-01
-6.442833481644425486e-01,9.458404284909474047e-01
-6.323450135603689848e-01,9.579597712833022305e-01
-6.204871274587704377e-01,9.699969783436026560e-01
-6.087094922764599847e-01,9.819522397542953529e-01
-5.970119127454907026e-01,9.938257435072566093e-01
-5.853941959055601885e-01,1.005617675515072529e+00
-5.738561510961839307e-01,1.017328219622502417e+00
-5.623975899482263063e-01,1.028957557618549679e+00
-5.510183263743666515e-01,1.040505869249578996e+00
-5.397181765597969250e-01,1.051973332232125635e+00
-5.284969589513368593e-01,1.063360122267284602e+00
-5.173544942465559959e-01,1.074666413055022307e+00
-5.062906053822535668e-01,1.085892376309084639e+00
-4.953051175214235879e-01,1.097038181773399845e+00
-4.843978580406937962e-01,1.108103997237919192e+00
-4.735686565167036566e-01,1.119089988555476811e+00
-4.628173447111596506e-01,1.129996319659938298e+00
-4.521437565561698957e-01,1.140823152583983369e+00
-4.415477281384070363e-01,1.151570647478007636e+00
-4.310290976825850162e-01,1.162238962629659422e+00
-4.205877055345277338e-01,1.172828254483701427e+00
-4.102233941428001796e-01,1.183338677663265948e+00
-3.999360080409044560e-01,1.193770384990443079e+00
-3.897253938276088459e-01,1.204123527508691449e+00
-3.795914001468885246e-01,1.214398254505558050e+00
-3.695338776677992154e-01,1.224594713535365642e+00
-3.595526790624898883e-01,1.234713050443719373e+00
-3.496476589846646554e-01,1.244753409391443633e+00
-3.398186740465112265e-01,1.254715932879996831e+00
-3.300655827951546328e-01,1.264600761777263882e+00
-3.203882456888207386e-01,1.274408035343540302e+00
-3.107865250713894856e-01,1.284137891259059527e+00
-3.012602851470826959e-01,1.293790465651267763e+00
-2.918093919539075376e-01,1.303365893123264341e+00
-2.824337133365832919e-01,1.312864306782652202e+00
-2.731331189190038256e-01,1.322285838270748304e+00
-2.639074800751133321e-01,1.331630617793300608e+00
-2.547566699000578527e-01,1.340898774150797390e+00
-2.456805631801828316e-01,1.350090434769837033e+00
-2.366790363621540383e-01,1.359205725735268988e+00
-2.277519675216299611e-01,1.368244771822666017e+00
-2.188992363309931743e-01,1.377207696531627557e+00
-2.101207240267162213e-01,1.386094622119331321e+00
-2.014163133755271229e-01,1.394905669635172263e+00
-1.927858886402837868e-01,1.403640958955571172e+00
-1.842293355450543846e-01,1.412300608819454295e+00
-1.757465412391945314e-01,1.420884736864622022e+00
-1.673373942609893694e-01,1.429393459664422661e+00
-1.590017845007976049e-01,1.437826892764793030e+00
-1.507396031631037525e-01,1.446185150722274049e+00
-1.425507427280120476e-01,1.454468347142447993e+00
-1.344350969121037576e-01,1.462676594718888001e+00
-1.263925606286533387e-01,1.470810005272606968e+00
-1.184230299471971115e-01,1.478868689792026458e+00
-1.105264020522149782e-01,1.486852758473697689e+00
-1.027025752015517934e-01,1.494762320763141972e+00
-9.495144868354843393e-02,1.502597485396850896e+00
-8.727292277426235145e-02,1.510358360444050030e+00
-7.966689869374787847e-02,1.518045053349263318e+00
-7.213327856132589755e-02,1.525657670975757441e+00
-6.467196535099695165e-02,1.533196319648683748e+00
-5.728286284542882800e-02,1.540661105199520264e+00
-4.996587559008847101e-02,1.548052133010208387e+00
-4.272090884627743890e-02,1.555369508058254135e+00
-3.554786854358904513e-02,1.562613334962259515e+00
-2.844666123229133703e-02,1.569783718027373931e+00
-2.141719403438546721e-02,1.576880761291937327e+00
-1.445937459482049547e-02,1.583904568573807792e+00
-7.573111031736523557e-03,1.590855243517519613e+00
-7.583118862659610215e-04,1.597732889641736653e+00
5.985113928011598361e-03,1.604537610386898683e+00
1.265725717647014914e-02,1.611269509163583802e+00
1.925820835497982220e-02,1.617928689400857323e+00
2.578805774215298108e-02,1.624515254595181313e+00
3.224689545195902340e-02,1.631029308359542851e+00
3.863481148676328747e-02,1.637470954472861173e+00
4.495189579111680267e-02,1.643840296929999889e+00
5.119823830549408150e-02,1.650137439991576249e+00
5.737392902080662438e-02,1.656362488234406349e+00
6.347905803322495544e-02,1.662515546602111316e+00
6.951371559926866617e-02,1.668596720455845617e+00
7.547799219157136363e-02,1.674606115625562719e+00
8.137197855462896534e-02,1.680543838461114881e+00
8.719576576117227251e-02,1.686409995883841884e+00
9.294944526876158797e-02,1.692204695438239259e+00
9.863310897662480592e-02,1.697928045343730430e+00
1.042468492830505022e-01,1.703580154546861181e+00
1.097907591427058627e-01,1.709161132773277192e+00
1.152649321245078351e-01,1.714671090580126345e+00
1.206694624696114104e-01,1.720110139408442151e+00
1.260044451495820894e-01,1.725478391635581588e+00
1.312699759250202103e-01,1.730775960627988885e+00
1.364661514040430568e-01,1.736002960793685990e+00
1.415930691012226017e-01,1.741159507635097192e+00
1.466508274965772074e-01,1.746245717801805819e+00
1.516395260946321599e-01,1.751261709143257184e+00
1.565592654838277031e-01,1.756207600761693799e+00
1.614101473958081678e-01,1.761083513064856554e+00
1.661922747649160481e-01,1.765889567818776706e+00
1.709057517877332621e-01,1.770625888200506370e+00
1.755506839826598275e-01,1.775292598850779946e+00
1.801271782496368656e-01,1.779889825926715741e+00
1.846353429297009630e-01,1.784417697154245808e+00
1.890752878646896340e-01,1.788876341880602627e+00
1.934471244568573001e-01,1.793265891126618161e+00
1.977509657284350908e-01,1.797586477638875024e+00
2.019869263812673621e-01,1.801838235941850996e+00
2.061551228561829818e-01,1.806021302389704708e+00
2.102556733923777177e-01,1.810135815218001376e+00
2.142886980866770541e-01,1.814181914595231593e+00
2.182543189526395810e-01,1.818159742674102519e+00
2.221526599795518031e-01,1.822069443642649444e+00
2.259838471911734814e-01,1.825911163775027823e+00
2.297480087043832775e-01,1.829685051482146330e+00
2.334452747875417344e-01,1.833391257361957516e+00
2.370757779186432046e-01,1.837029934249482022e+00
2.406396528432821480e-01,1.840601237266595858e+00
2.441370366322545005e-01,1.844105323871408686e+00
2.475680687389334445e-01,1.847542353907369872e+00
2.509328910563337622e-01,1.850912489652030146e+00
2.542316479738286894e-01,1.854215895865416464e+00
2.574644864335637884e-01,1.857452739838079125e+00
2.606315559864829101e-01,1.860623191438721902e+00
2.637330088479723500e-01,1.863727423161432029e+00
2.667689999531164258e-01,1.866765610172505196e+00
2.697396870115320588e-01,1.869737930356835998e+00
2.726452305618011218e-01,1.872644564363901365e+00
2.754857940253887527e-01,1.875485695653225093e+00
2.782615437601281272e-01,1.878261510539413592e+00
2.809726491132424897e-01,1.880972198236731341e+00
2.836192824738005269e-01,1.883617950903125893e+00
2.862016193246994522e-01,1.886198963683792362e+00
2.887198382940879826e-01,1.888715434754200784e+00
2.911741212062186612e-01,1.891167565362577019e+00
2.935646531317596120e-01,1.893555559871874516e+00
2.958916224374892323e-01,1.895879625801162094e+00
2.981552208353708266e-01,1.898139973866431074e+00
3.003556434310534762e-01,1.900336818020874619e+00
3.024930887716725803e-01,1.902470375494513810e+00
3.045677588930303936e-01,1.904540866833258406e+00
3.065798593661189231e-01,1.906548515937366295e+00
3.085295993428845973e-01,1.908493550099210401e+00
3.104171916013699351e-01,1.910376200040487804e+00
3.122428525901156937e-01,1.912196699948760958e+00
3.140068024717956874e-01,1.913955287513312120e+00
3.157092651661454474e-01,1.915652203960367173e+00
3.173504683920952418e-01,1.917287694087614680e+00
3.189306437091802282e-01,1.918862006298087897e+00
3.204500265580932372e-01,1.920375392633288936e+00
3.219088563005018666e-01,1.921828108805671009e+00
3.233073762580223609e-01,1.923220414230383701e+00
3.246458337502901026e-01,1.924552572056224209e+00
3.259244801323897822e-01,1.925824849196055455e+00
3.271435708312065982e-01,1.927037516356264524e+00
3.283033653810359387e-01,1.928190848065600038e+00
3.294041274583499046e-01,1.929285122703288335e+00
3.304461249155252744e-01,1.930320622526241037e+00
3.314296298138463825e-01,1.931297633695668869e+00
3.323549184554930869e-01,1.932216446302816193e+00
3.332222714146375608e-01,1.933077354393945235e+00
3.340319735676463564e-01,1.933880655994566711e+00
3.347843141222481278e-01,1.934626653132785812e+00
3.354795866458674669e-01,1.935315651861960973e+00
3.361180890929278409e-01,1.935947962282489998e+00
3.367001238312236078e-01,1.936523898562817925e+00
3.372259976673368520e-01,1.937043778959653295e+00
3.376960218709442185e-01,1.937507925837236300e+00
3.381105121983248862e-01,1.937916665685974538e+00
3.384697889147597616e-01,1.938270329140138637e+00
3.387741768159132083e-01,1.938569250994715443e+00
3.390240052482944577e-01,1.938813770221512245e+00
3.392196081285614451e-01,1.939004229984282457e+00
3.393613239619725497e-01,1.939140977653179165e+00
3.394494958596797618e-01,1.939224364818232571e+00
3.394844715550384695e-01,1.939254747302027848e+00
3.394666034189202097e-01,1.939232485171572984e+00
3.393962484738233254e-01,1.939157942749153651e+00
3.392737684071875370e-01,1.939031488622581900e+00
3.390995295834521306e-01,1.938853495654380366e+00
3.388739030551338183e-01,1.938624340990183326e+00
3.385972645729016794e-01,1.938344406066325076e+00
3.382699945944357967e-01,1.938014076616413783e+00
3.378924782924338510e-01,1.937633742677248305e+00
3.374651055613989703e-01,1.937203798593718718e+00
3.369882710234192724e-01,1.936724643022895043e+00
3.364623740328961388e-01,1.936196678937269544e+00
3.358878186801321775e-01,1.935620313627058886e+00
3.352650137939902075e-01,1.934995958701780649e+00
3.345943729433253910e-01,1.934324030090806001e+00
3.338763144374673475e-01,1.933604948043164962e+00
3.331112613256299038e-01,1.932839137126485030e+00
3.322996413951131434e-01,1.932027026224925281e+00
3.314418871686655166e-01,1.931169048536473198e+00
3.305384359006168227e-01,1.930265641569217872e+00
3.295897295720014442e-01,1.929317247136816293e+00
3.285962148846941489e-01,1.928324311353173615e+00
3.275583432542920059e-01,1.927287284626075570e+00
3.264765708022003832e-01,1.926206621650223605e+00
3.253513583464910375e-01,1.925082781399244380e+00
3.241831713917909807e-01,1.923916227116930999e+00
3.229724801181472760e-01,1.922707426307656675e+00
3.217197593687064483e-01,1.921456850725804522e+00
3.204254886366136867e-01,1.920164976364610476e+00
3.190901520506627120e-01,1.918832283443953957e+00
3.177142383600848330e-01,1.917459256397480161e+00
3.162982409182135135e-01,1.916046383858791113e+00
3.148426576651230935e-01,1.914594158646800048e+00
3.133479911094568249e-01,1.913103077750462955e+00
3.118147483090230043e-01,1.911573642312466292e+00
3.102434408505599372e-01,1.910006357612265226e+00
3.086345848284648419e-01,1.908401733048270099e+00
3.069887008224903013e-01,1.906760282119178029e+00
3.053063138746288097e-01,1.905082522404670131e+00
3.035879534649214007e-01,1.903368975545208341e+00
3.018341534863570597e-01,1.901620167221093283e+00
3.000454522188299444e-01,1.899836627130749855e+00
2.982223923021074530e-01,1.898018888968190376e+00
2.963655207080420073e-01,1.896167490399881972e+00
2.944753887117057545e-01,1.894282973040700924e+00
2.925525518617234644e-01,1.892365882429239532e+00
2.905975699496667897e-01,1.890416768002327830e+00
2.886110069785605692e-01,1.888436183068819219e+00
2.865934311306169713e-01,1.886424684782750605e+00
2.845454147340045203e-01,1.884382834115679417e+00
2.824675342288438529e-01,1.882311195828389572e+00
2.803603701323100772e-01,1.880210338441838269e+00
2.782245070029996104e-01,1.878080834207500605e+00
2.760605334043978454e-01,1.875923259076944349e+00
2.738690418676085203e-01,1.873738192670790115e+00
2.716506288533263591e-01,1.871526218247036466e+00
2.694058947129502890e-01,1.869287922668643187e+00
2.671354436490283035e-01,1.867023896370557878e+00
2.648398836749190632e-01,1.864734733326068428e+00
2.625198265737122005e-01,1.862421031012520656e+00
2.601758878564979227e-01,1.860083390376483514e+00
2.578086867198787768e-01,1.857722415798254145e+00
2.554188460028017360e-01,1.855338715055774745e+00
2.530069921427484658e-01,1.852932899287996538e+00
2.505737551311917333e-01,1.850505582957591821e+00
2.481197684685907401e-01,1.848057383813284771e+00
2.456456691185756602e-01,1.845588922851447489e+00
2.431520974615455355e-01,1.843100824277175809e+00
2.406396972477953256e-01,1.840593715464965641e+00
2.381091155498997747e-01,1.838068226918703640e+00
2.355610027147194696e-01,1.835524992231337471e+00
2.329960123147166717e-01,1.832964648043910350e+00
2.304148010987312478e-01,1.830387834004101544e+00
2.278180289423590299e-01,1.827795192724414042e+00
2.252063587977375381e-01,1.825187369739809551e+00
2.225804566429232523e-01,1.822565013464967132e+00
2.199409914307105529e-01,1.819928775151015810e+00
2.172886350370554220e-01,1.817279308841898144e+00
2.146240622091343253e-01,1.814617271330386972e+00
2.119479505128525343e-01,1.811943322113573451e+00
2.092609802800412533e-01,1.809258123348051361e+00
2.065638345553055810e-01,1.806562339804763440e+00
2.038571990424029590e-01,1.803856638823382319e+00
2.011417620503754833e-01,1.801141690266442108e+00
1.984182144393218383e-01,1.798418166473106483e+00
1.956872495658475986e-01,1.795686742212605935e+00
1.929495632282262063e-01,1.792948094637373480e+00
1.902058536112940512e-01,1.790202903235892817e+00
1.874569717784222433e-01,1.787452000452748102e+00
1.847095973283117143e-01,1.784702053077247497e+00
1.819776206859331502e-01,1.781966951748783945e+00
1.792692994803537498e-01,1.779254956920923281e+00
1.765852454686467343e-01,1.776566677430023278e+00
1.739255623444646570e-01,1.773902213518155246e+00
1.712903537866425907e-01,1.771261665381029360e+00
1.686797234579913152e-01,1.768645133166622418e+00
1.660937750041033834e-01,1.766052716973811831e+00
1.635326120521052307e-01,1.763484516850954753e+00
1.609963382095305207e-01,1.760940632794585348e+00
1.584850570631188837e-01,1.758421164748036558e+00
1.559988721776510712e-01,1.755926212600092517e+00
1.535378870948259644e-01,1.753455876183683593e+00
1.511022053320763003e-01,1.751010255274516370e+00
1.486919303815260607e-01,1.748589449589841749e+00
1.463071657088114153e-01,1.746193558787084932e+00
1.439480147519924813e-01,1.743822682462564444e+00
1.416145809205108241e-01,1.741476920150253793e+00
1.393069675940314944e-01,1.739156371320423666e+00
1.370252781214651439e-01,1.736861135378463539e+00
1.347696158198645744e-01,1.734591311663574276e+00
1.325400839733779090e-01,1.732346999447515801e+00
1.303367858322416195e-01,1.730128297933390069e+00
1.281598246117051643e-01,1.727935306254354320e+00
1.260093034911293763e-01,1.725768123472506632e+00
1.238853256128531477e-01,1.723626848577534121e+00
1.217879940812653938e-01,1.721511580485566739e+00
1.197174119618615862e-01,1.719422418038011990e+00
1.176736822801541793e-01,1.717359460000239313e+00
1.156569080208654787e-01,1.715322805060548017e+00
1.136671921268384011e-01,1.713312551828845898e+00
1.117046374981682799e-01,1.711328798835550336e+00
1.097693469912472963e-01,1.709371644530396583e+00
1.078614234177982523e-01,1.707441187281233397e+00
1.059809695440927513e-01,1.705537525373001850e+00
1.041280880898622918e-01,1.703660757006402182e+00
1.023028817275359881e-01,1.701810980296885489e+00
1.005054530813070945e-01,1.699988293273473339e+00
9.873590472617266300e-02,1.698192793877542295e+00
9.699433918728228576e-02,1.696424579961923529e+00
9.528085893880278157e-02,1.694683749289506158e+00
9.359556640323019039e-02,1.692970399532292003e+00
9.193856395056276831e-02,1.691284628270305790e+00
9.030995389727936029e-02,1.689626532990306851e+00
8.870983850575142604e-02,1.687996211084935805e+00
8.713831998324050865e-02,1.686393759851438690e+00
8.559550048116126852e-02,1.684819276490657325e+00
8.408148209427623865e-02,1.683272858105948178e+00
8.259636685979332427e-02,1.681754601701997753e+00
8.114025675678937510e-02,1.680264604183968613e+00
7.971325370521498144e-02,1.678802962356213957e+00
7.831545956521224205e-02,1.677369772921310620e+00
7.694697613637624389e-02,1.675965132479028785e+00
7.560790515687154656e-02,1.674589137525153149e+00
7.429834830286130565e-02,1.673241884450618056e+00
7.301840718760255200e-02,1.671923469540299134e+00
7.176818336079304750e-02,1.670633988972061390e+00
7.054777830783032222e-02,1.669373538815709157e+00
6.935729344897167969e-02,1.668142215031837905e+00
6.819683013888189205e-02,1.666940113471072848e+00
6.706648966565453840e-02,1.665767329872770652e+00
6.596637325022103315e-02,1.664623959864114155e+00
6.489658204573989231e-02,1.663510098959180228e+00
6.385721713669434418e-02,1.662425842557710087e+00
6.284837953843558367e-02,1.661371285944328813e+00
6.187017019637930382e-02,1.660346524287409808e+00
6.092268998538719060e-02,1.659351652638122898e+00
6.000603970909801355e-02,1.658386765929428686e+00
5.912032009919920839e-02,1.657451958975009187e+00
5.826563181500610256e-02,1.656547326468506220e+00
5.744207544251422881e-02,1.655672962982224217e+00
5.664975149398199239e-02,1.654828962966365058e+00
5.588876040733492534e-02,1.654015420748080167e+00
5.515920254528761113e-02,1.653232430530233277e+00
5.446117819506524071e-02,1.652480086390764713e+00
5.379478756757005709e-02,1.651758482281494356e+00
5.316013079687220699e-02,1.651067712027245449e+00
5.255730793961066460e-02,1.650407869324878041e+00
5.198641897434197467e-02,1.649779047742259808e+00
5.144756380113491012e-02,1.649181340717490452e+00
5.094084224079498124e-02,1.648614841557741517e+00
5.046635403447474744e-02,1.648079643438485675e+00
5.002419884299436070e-02,1.647575839402428910e+00
4.961447624629555797e-02,1.647103522358573935e+00
4.923728574313623874e-02,1.646662785081524971e+00
4.889272675013178748e-02,1.646253720210123284e+00
4.858089860157721596e-02,1.645876420246875638e+00
4.830190054886673856e-02,1.645530977556967533e+00
4.805583175976790855e-02,1.645217484367124561e+00
4.784279131827384735e-02,1.644936032765059952e+00
4.766287822371462202e-02,1.644686714698162966e+00
4.751619139057305929e-02,1.644469621972900031e+00
4.740282964787700948e-02,1.644284846253782906e+00
4.732289173858650333e-02,1.644132479062325736e+00
4.727647631951414908e-02,1.644012611776542787e+00
4.726368196040242609e-02,1.643925335629580875e+00
4.728460714371474083e-02,1.643870741709078764e+00
4.733935026425351023e-02,1.643848920956343385e+00
4.742800962843207735e-02,1.643859964165170329e+00
4.755068345424628973e-02,1.643903961981373341e+00
4.770746987047058685e-02,1.643981004901519327e+00
4.789846691641930221e-02,1.644091183272234913e+00
4.812377254157396145e-02,1.644234587289373550e+00
4.838348460501307180e-02,1.644411306996975020e+00
4.867770087526723799e-02,1.644621432286656582e+00
4.900651902962738227e-02,1.644865052896441027e+00
4.937003665407080355e-02,1.645142258410209779e+00
4.976835124267420252e-02,1.645453138256631753e+00
5.020156019723698293e-02,1.645797781708296936e+00
5.066976082722329799e-02,1.646176277881177707e+00
5.117305034898467220e-02,1.646588715733344532e+00
5.171152588569927211e-02,1.647035184064413960e+00
5.228528446709201916e-02,1.647515771514767025e+00
5.289442302881797175e-02,1.648030566564417487e+00
5.353903841250162721e-02,1.648579657532548204e+00
5.421922736510376151e-02,1.649163132576353163e+00
5.493508653885381676e-02,1.649781079690456842e+00
5.568671249094925280e-02,1.650433586706086420e+00
5.647420168302286214e-02,1.651120741290004190e+00
5.729765048131008065e-02,1.651842630944152734e+00
5.815715515597030816e-02,1.652599343004426347e+00
5.905281188102007306e-02,1.653390964640066185e+00
5.998471673418637184e-02,1.654217582852969937e+00
6.095296569632790984e-02,1.655079284476550727e+00
6.195765465175595565e-02,1.655976156175516634e+00
6.299887938752934957e-02,1.656908284444591040e+00
6.407673559336990454e-02,1.657875755607865820e+00
6.519131886171247725e-02,1.658878655818287307e+00
6.634272468708624082e-02,1.659917071056449256e+00
6.753104846644464310e-02,1.660991087130359700e+00
6.875638549862883586e-02,1.662100789674305634e+00
7.001883098428929308e-02,1.663246264148189324e+00
7.131848002580187806e-02,1.664427595836851292e+00
7.265542762708387947e-02,1.665644869849284282e+00
7.402976869354427336e-02,1.666898171117983107e+00
7.544159803189565139e-02,1.668187584398142853e+00
7.689101035020085018e-02,1.669513194267098211e+00
7.837810025746549947e-02,1.670875085123285197e+00
7.990296226383231115e-02,1.672273341185820161e+00
8.146569078035192923e-02,1.673708046493635360e+00
8.306638011912403918e-02,1.675179284904993571e+00
8.470512449335054761e-02,1.676687140096903006e+00
8.638201801660216894e-02,1.678231695563717318e+00
8.809715470355006239e-02,1.679813034617240852e+00
8.985062846971092476e-02,1.681431240385811376e+00
9.164253313129899770e-02,1.683086395813485847e+00
9.347296240562985581e-02,1.684778583659791051e+00
9.534200991068841891e-02,1.686507886498606279e+00
9.724976916533700777e-02,1.688274386717697695e+00
9.919633358937918199e-02,1.690078166518103497e+00
1.011817965038532829e-01,1.691919307913745785e+00
1.032062511310013475e-01,1.693797892730703136e+00
1.052697905938877465e-01,1.695714002606115489e+00
1.073725079170307906e-01,1.697667718988127739e+00
1.095144960265251877e-01,1.699659123135305094e+00
1.116958477500278324e-01,1.701688296115896781e+00
1.139166558169090182e-01,1.703755318807267383e+00
1.161770128583313744e-01,1.705860271895246250e+00
1.184770114075717196e-01,1.708003235873721826e+00
1.208167439001319732e-01,1.710184291044012372e+00
1.231963026741351719e-01,1.712403517514524243e+00
1.256157799704129552e-01,1.714660995200086635e+00
1.280752679325694032e-01,1.716956803821251265e+00
1.305748586075130557e-01,1.719291022904076316e+00
1.331146439454896635e-01,1.721663731779380591e+00
1.356947158007600907e-01,1.724075009582664908e+00
1.383151659316258497e-01,1.726524935253348492e+00
1.409760860005579985e-01,1.729013587534103724e+00
1.436775675749223380e-01,1.731541044970807519e+00
1.464197021269980636e-01,1.734107385911748178e+00
1.492025810347427095e-01,1.736712688507603630e+00
1.520262955820659290e-01,1.739357030710902974e+00
1.548909369588540308e-01,1.742040490275216902e+00
1.577965962618130824e-01,1.744763144755199447e+00
1.607433644947042772e-01,1.747525071505985128e+00
1.637313325689966348e-01,1.750326347683016204e+00
1.667605913044767352e-01,1.753167050241818625e+00
1.698312314291861025e-01,1.756047255937067675e+00
1.729433435802971708e-01,1.758967041322626823e+00
1.760970183046928206e-01,1.761926482751269507e+00
1.792923460596973495e-01,1.764925656374552121e+00
1.825294172134882542e-01,1.767964638142347056e+00
1.858083220453223827e-01,1.771043503802173458e+00
1.891291507466278388e-01,1.774162328899424157e+00
1.924919934216197115e-01,1.777321188777090111e+00
1.958969400878354250e-01,1.780520158575390477e+00
1.993440806771302753e-01,1.783759313231879862e+00
2.028335050358589520e-01,1.787038727480692701e+00
2.063653029258631921e-01,1.790358475852625197e+00
2.099395640252543771e-01,1.793718632674995428e+00
2.135563779294952225e-01,1.797119272071808549e+00
2.172158341519695446e-01,1.800560467963376654e+00
2.209180221242400544e-01,1.804042294065606233e+00
2.246630311979093131e-01,1.807564823890956740e+00
2.284509506448219041e-01,1.811128130747650777e+00
2.322818696582771292e-01,1.814732287739938332e+00
2.361558773539982337e-01,1.818377367768096997e+00
2.400730627707448051e-01,1.822063443528048943e+00
2.440335148715427893e-01,1.825790587511618712e+00
2.480374052363916171e-01,1.829558958857094186e+00
2.520861430786563995e-01,1.833370017055189427e+00
2.561819927288661036e-01,1.837226123056437510e+00
2.603259959209247576e-01,1.841128356200716354e+00
2.645182430815469221e-01,1.845076796654900653e+00
2.687588001808897120e-01,1.849071498814784276e+00
2.730477332272686075e-01,1.853112517039537499e+00
2.773851082680922620e-01,1.857199905652266558e+00
2.817709913898449603e-01,1.861333718939566451e+00
2.862054487194959362e-01,1.865514011152573870e+00
2.906885464251969253e-01,1.869740836507268078e+00
2.952203507174018249e-01,1.874014249185216086e+00
2.998009278495278318e-01,1.878334303333830446e+00
3.044303441182156789e-01,1.882701053066201169e+00
3.091086658652155705e-01,1.887114552462643147e+00
3.138359594775608219e-01,1.891574855570430147e+00
3.186122913887824426e-01,1.896082016404629700e+00
3.234377280802701593e-01,1.900636088949086977e+00
3.283123360812203462e-01,1.905237127155915866e+00
3.332361819700413452e-01,1.909885184946525705e+00
3.382093323757131564e-01,1.914580316212599609e+00
3.432318539786336498e-01,1.919322574816525462e+00
3.483038135113815104e-01,1.924112014591738307e+00
3.534252777595884298e-01,1.928948689343175316e+00
3.585963135634449017e-01,1.933832652848398004e+00
3.638169878185328887e-01,1.938763958858001457e+00
3.690873674772280344e-01,1.943742661096623303e+00
3.744075195494622754e-01,1.948768813263272559e+00
3.797775111035764928e-01,1.953842469031753959e+00
3.851974092678296380e-01,1.958963682051781063e+00
3.906672812315731269e-01,1.964132505949737650e+00
3.961871942466990149e-01,1.969348994329723546e+00
4.017572156282757101e-01,1.974613200773738475e+00
4.073774127556760716e-01,1.979925178842383948e+00
4.130478530743780796e-01,1.985284982076280125e+00
4.187686040968022771e-01,1.990692663996454614e+00
4.245397334037347425e-01,1.996148278105351226e+00
4.303613086458061288e-01,2.001651877887900000e+00
4.362333975442551637e-01,2.007203516811819632e+00
4.421560678925678944e-01,2.012803248328850714e+00
4.481293875577351260e-01,2.018451125875583507e+00
4.541534244818227206e-01,2.024147202874609697e+00
4.602282466835763142e-01,2.029891532735716098e+00
4.663539222588450883e-01,2.035684168855818044e+00
4.725305193826441208e-01,2.041525164620627386e+00
4.787581063107788637e-01,2.047414573405863081e+00
4.850367513810530662e-01,2.053352448578009692e+00
4.913665230149988350e-01,2.059338843495630123e+00
4.977474897188328695e-01,2.065373811509854995e+00
5.041797200852681238e-01,2.071457405965780652e+00
5.106632827950061682e-01,2.077589680203521194e+00
5.171982466187826644e-01,2.083770687559853840e+00
5.237846804186636618e-01,2.090000481369060026e+00
5.304226531488908103e-01,2.096279114963286005e+00
5.371122338584939371e-01,2.102606641674781951e+00
5.438534916926947016e-01,2.108983114836856743e+00
5.506464958943355636e-01,2.115408587784851413e+00
5.574913158060963436e-01,2.121883113857955472e+00
5.643880208715862379e-01,2.128406746399821081e+00
5.713366806370739903e-01,2.134979538759850470e+00
5.783373647537600748e-01,2.141601544295070880e+00
5.853901429794853284e-01,2.148272816371397553e+00
5.924950851804650087e-01,2.154993408364926921e+00
5.996522613327074369e-01,2.161763373662890508e+00
6.068617415242010260e-01,2.168582765665421519e+00
6.141235959568317471e-01,2.175451637787044312e+00
6.214378949484675729e-01,2.182370043458333964e+00
6.288047089347266194e-01,2.189338036127232989e+00
6.362241084705432259e-01,2.196355669260155352e+00
6.436961642325109700e-01,2.203422996343920914e+00
6.512209470207350748e-01,2.210540070887156539e+00
6.587985277613678248e-01,2.217706946422439707e+00
6.664289775082586909e-01,2.224923676507480685e+00
6.741123674444697844e-01,2.232190314726162583e+00
6.818487688853438478e-01,2.239506914691248518e+00
6.896382532801264009e-01,2.246873530045531808e+00
6.974808922139961176e-01,2.254290214463424036e+00
7.053767574111520222e-01,2.261757021653684419e+00
7.133259207357779408e-01,2.269274005359855018e+00
7.213284541945114148e-01,2.276841219362316870e+00
7.293844299392229225e-01,2.284458717480683632e+00
7.374939202696395579e-01,2.292126553576024683e+00
7.456569976347974249e-01,2.299844781551822592e+00
7.538737346351556123e-01,2.307613455355644660e+00
7.621442040259865935e-01,2.315432628982187602e+00
7.704684787190630990e-01,2.323302356474491681e+00
7.788466317854474408e-01,2.331222691926332580e+00
7.872787364577799041e-01,2.339193689484081240e+00
7.957648661326376383e-01,2.347215403348632989e+00
8.043050943729935787e-01,2.355287887777445910e+00
8.128994949107308798e-01,2.363411197086640048e+00
8.215481416499534895e-01,2.371585385653958600e+00
8.302511086689987607e-01,2.379810507920319118e+00
8.390084702224048785e-01,2.388086618391318083e+00
8.478203007444045092e-01,2.396413771640389268e+00
8.566866748514788688e-01,2.404792022310941135e+00
8.656076673451139625e-01,2.413221425118715402e+00
8.745833532145017575e-01,2.421702034854089192e+00
8.836138076387840545e-01,2.430233906383867826e+00
8.926991059903056636e-01,2.438817094654189610e+00
9.018393238374134979e-01,2.447451654692925693e+00
9.110345369475988386e-01,2.456137641612457401e+00
9.202848212901713065e-01,2.464875110611949083e+00
9.295902530383981510e-01,2.473664116979027661e+00
9.389509085734719651e-01,2.482504716093462349e+00
9.483668644873206599e-01,2.491396963429583167e+00
9.578381975851745223e-01,2.500340914558429439e+00
9.673649848893939307e-01,2.509336625151278977e+00
9.769473036415617928e-01,2.518384150981283653e+00
9.865852313058243173e-01,2.527483547926464347e+00
9.962788455725946068e-01,2.536634871973106442e+00
1.006028224361580126e+00,2.545838179218415931e+00
1.015833445824750658e+00,2.555093525873115112e+00
1.025694588349141068e+00,2.564400968263850444e+00
1.035611730560906940e+00,2.573760562836981514e+00
1.045584951328215162e+00,2.583172366161085698e+00
1.055614329764743342e+00,2.592636434930143174e+00
1.065699945233362200e+00,2.602152825966911109e+00
1.075841877348474807e+00,2.611721596224836794e+00
1.086040205980191686e+00,2.621342802791978066e+00
1.096295011257734320e+00,2.631016502894082620e+00
1.106606373573483015e+00,2.640742753898377870e+00
1.116974373585501112e+00,2.650521613315685698e+00
1.127399092221405663e+00,2.660353138804019579e+00
1.137880610682666882e+00,2.670237388172655102e+00
1.148419010446814603e+00,2.680174419383901885e+00
1.159014373272908127e+00,2.690164290558464621e+00
1.169666781203732242e+00,2.700207059977208779e+00
1.180376316570465933e+00,2.710302786085646787e+00
1.191143061996271069e+00,2.720451527497237176e+00
1.201967100398831922e+00,2.730653342995531752e+00
1.212848514996808902e+00,2.740908291540639752e+00
1.223787389311574270e+00,2.751216432270494394e+00
1.234783807171633940e+00,2.761577824505081047e+00
1.245837852717350813e+00,2.771992527751003799e+00
1.256949610403279793e+00,2.782460601703418135e+00
1.268119165004452320e+00,2.792982106252332120e+00
1.279346601618404966e+00,2.803557101484202008e+00
1.290632005670357518e+00,2.814185647687017955e+00
1.301975462917451143e+00,2.824867805354354111e+00
1.313377059451456219e+00,2.835603635187727178e+00
1.324836881705618197e+00,2.846393198103538857e+00
1.336355016456169054e+00,2.857236555234120345e+00
1.347931550828214142e+00,2.868133767933620959e+00
1.359566572300125564e+00,2.879084897782252739e+00
1.371260168706297744e+00,2.890090006588719618e+00
1.383012428243729941e+00,2.901149156396898299e+00
1.394823439474644378e+00,2.912262409488122650e+00
1.406693291332251849e+00,2.923429828386971963e+00
1.418622073124698568e+00,2.934651475865040382e+00
1.430609874538514958e+00,2.945927414944155665e+00
1.442656785645723971e+00,2.957257708903682669e+00
1.454762896906319547e+00,2.968642421282671862e+00
1.466928299173454242e+00,2.980081615885030288e+00
1.479153083698764082e+00,2.991575356784861306e+00
1.491437342136007205e+00,3.003123708329918706e+00
1.503781166547116577e+00,3.014726735147765346e+00
1.516184649405656337e+00,3.026384502149044309e+00
1.528647883602854307e+00,3.038097074533625985e+00
1.541170962451813731e+00,3.049864517794736329e+00
1.553753979691919529e+00,3.061686897723298273e+00
1.566397029495709248e+00,3.073564280415053140e+00
1.579100206471408585e+00,3.085496732272821063e+00
1.591863605669506132e+00,3.097484320013304426e+00
1.604687322588017828e+00,3.109527110672425820e+00
1.617571453176003260e+00,3.121625171608715554e+00
1.630516093840547853e+00,3.133778570510593831e+00
1.643521341450435047e+00,3.145987375399948327e+00
1.656587293342790090e+00,3.158251654639059325e+00
1.669714047327387263e+00,3.170571476934905597e+00
1.682901701691025931e+00,3.182946911343552898e+00
1.696150355205466642e+00,3.195378027278569455e+00
1.709460107130476247e+00,3.207864894513931198e+00
1.722831057220123974e+00,3.220407583190609380e+00
1.736263305728506623e+00,3.233006163822518708e+00
1.749756953414019822e+00,3.245660707300841885e+00
1.763312101546511634e+00,3.258371284901607545e+00
1.776928851911448337e+00,3.271137968289919762e+00
1.790607306816391686e+00,3.283960829526794356e+00
1.804347569096456771e+00,3.296839941074870772e+00
1.818149742118485568e+00,3.309775375802666453e+00
1.832013929789675588e+00,3.322767206993898270e+00
1.845940236560892789e+00,3.335815508350789216e+00
1.859928767432848629e+00,3.348920354000637367e+00
1.873979627963225036e+00,3.362081818503468433e+00
1.888092924270418527e+00,3.375299976855868245e+00
1.902268763040713573e+00,3.388574904498719675e+00
1.916507251534527834e+00,3.401906677323901285e+00
1.930808497591913087e+00,3.415295371680153735e+00
1.945172609637571881e+00,3.428741064378407977e+00
1.959599696687817749e+00,3.442243832699339201e+00
1.974089868356583510e+00,3.455803754399851435e+00
1.988643234861504627e+00,3.469420907719666047e+00
2.003259907030286335e+00,3.483095371388247763e+00
2.017939996305702088e+00,3.496827224630187025e+00
2.032683614752594181e+00,3.510616547172874746e+00
2.047490875063552096e+00,3.524463419252695573e+00
2.062361890566372757e+00,3.538367921623261303e+00
2.077296775229997117e+00,3.552330135561938107e+00
2.092295643668631300e+00,3.566350142874293638e+00
2.107358611150186078e+00,3.580428025903515277e+00
2.122485793602578497e+00,3.594563867537397428e+00
2.137677307619632483e+00,3.608757751214885623e+00
2.152933270467766391e+00,3.623009760933545209e+00
2.168253800091488159e+00,3.637319981255680901e+00
2.183639015120768079e+00,3.651688497316621707e+00
2.199089034877070858e+00,3.666115394831499508e+00
2.214603979380495247e+00,3.680600760103313718e+00
2.230183969356746232e+00,3.695144680030823636e+00
2.245829126241231322e+00,3.709747242113160759e+00
2.261539572187484026e+00,3.724408534459425546e+00
2.277315430074369651e+00,3.739128645796927053e+00
2.293156823511686149e+00,3.753907665477577815e+00
2.309063876847339714e+00,3.768745683486137033e+00
2.325036715173221857e+00,3.783642790446972271e+00
2.341075464332309508e+00,3.798599077632259124e+00
2.357180250925658527e+00,3.813614636970084071e+00
2.373351202319336828e+00,3.828689561052494916e+00
2.389588446651488063e+00,3.843823943143736876e+00
2.405892112837150876e+00,3.859017877185912937e+00
2.422262330576406164e+00,3.874271457808512231e+00
2.438699230362227688e+00,3.889584780337637326e+00
2.455202943485777389e+00,3.904957940802289862e+00
2.471773602044053497e+00,3.920391035943407765e+00
2.488411338946066920e+00,3.935884163221230025e+00
2.505116287920271745e+00,3.951437420824135849e+00
2.521888583520764726e+00,3.967050907676086702e+00
2.538728361135564882e+00,3.982724723446521509e+00
2.555635756993398289e+00,3.998458968558534998e+00
2.572610908168154076e+00,4.014253744194377305e+00
2.589653952588025998e+00,4.030109152306434517e+00
2.606765029042521498e+00,4.046025295625768514e+00
2.623944277189191432e+00,4.062002277670353045e+00
2.641191837560263878e+00,4.078040202753233423e+00
2.658507851568772118e+00,4.094139175990123114e+00
2.675892461517117127e+00,4.110299303309881580e+00
2.693345810602991275e+00,4.126520691461938561e+00
2.710868042927118804e+00,4.142803448025881963e+00
2.728459303500401667e+00,4.159147681420381382e+00
2.746119738248697040e+00,4.175553500909366278e+00
2.763849494022343478e+00,4.192021016613813877e+00
2.781648718601888781e+00,4.208550339519117500e+00
2.799517560705844232e+00,4.225141581484863629e+00
2.817456169997300641e+00,4.241794855253320229e+00
2.835464697090007036e+00,4.258510274457318445e+00
2.853543293556435323e+00,4.275287953630515503e+00
2.871692111933522362e+00,4.292128008214961099e+00
2.889911305731676094e+00,4.309030554572547800e+00
2.908201029440846241e+00,4.325995709993049942e+00
2.926561438535437709e+00,4.343023592700821389e+00
2.944992689482632819e+00,4.360114321865563802e+00
2.963494939750455082e+00,4.377268017612840900e+00
2.982068347813835452e+00,4.394484801032268351e+00
3.000713073160425459e+00,4.411764794185442540e+00
3.019429276298257747e+00,4.429108120116104885e+00
3.038217118762356783e+00,4.446514902859102669e+00
3.057076763121483687e+00,4.463985267449556815e+00
3.076008372985247874e+00,4.481519339932510171e+00
3.095012113011025967e+00,4.499117247372395489e+00
3.114088148909577747e+00,4.516779117860994397e+00
3.133236647451715484e+00,4.534505080526701093e+00
3.152457776475916518e+00,4.552295265544952230e+00
3.171751704895040547e+00,4.570149804147649597e+00
3.191118602702377238e+00,4.588068828631824303e+00
3.210558640977229317e+00,4.606052472367798245e+00
3.230071991892477179e+00,4.624100869809761427e+00
3.249658828720739301e+00,4.642214156504723022e+00
3.269319325841191670e+00,4.660392469102306201e+00
3.289053658745964448e+00,4.678635945364083781e+00
3.308862004045046490e+00,4.696944724171188135e+00
3.328744539473326824e+00,4.715318945534519024e+00
3.348701443897372343e+00,4.733758750604707188e+00
3.368732897321353725e+00,4.752264281681107150e+00
3.388839080892893207e+00,4.770835682220744722e+00
3.409020176908927446e+00,4.789473096847345346e+00
3.429276368821543741e+00,4.808176671360383736e+00
3.449607841243916617e+00,4.826946552744312058e+00
3.470014779957369733e+00,4.845782889179207409e+00
3.490497371916232439e+00,4.864685830048821380e+00
3.511055805252442319e+00,4.883655525948364939e+00
3.531690269282544925e+00,4.902692128695268714e+00
3.552400954513380782e+00,4.921795791338410275e+00
3.573188052646982804e+00,4.940966668166450582e+00
3.594051756586314816e+00,4.960204914717246893e+00
3.614992260440083705e+00,4.979510687786207868e+00
3.636009759528132435e+00,4.998884145435419590e+00
3.657104450386944983e+00,5.018325447002967898e+00
3.678276530774981623e+00,5.037834753112128361e+00
3.699526199677583449e+00,5.057412225680090856e+00
3.720853657310366991e+00,5.077058027924914008e+00
3.742259105125044449e+00,5.096772324375496765e+00
3.763742745815325641e+00,5.116555280881736500e+00
3.785304783320268207e+00,5.136407064621621110e+00
3.806945422828871273e+00,5.156327844109925174e+00
3.828664870784363572e+00,5.176317789206589026e+00
3.850463334888297950e+00,5.196377071124940628e+00
3.872341024105256047e+00,5.216505862440732777e+00
3.894298148667344250e+00,5.236704337101000029e+00
3.916334920077921389e+00,5.256972670432050521e+00
3.938451551113819171e+00,5.277311039145667237e+00
3.960648255830188091e+00,5.297719621348613295e+00
3.982925249564940096e+00,5.318198596551727775e+00
4.005282748941689341e+00,5.338748145677243429e+00
4.027720971872697397e+00,5.359368451066180761e+00
4.050240137561714526e+00,5.380059696485695042e+00
4.072840466507560819e+00,5.400822067137408311e+00
4.095522180506637966e+00,5.421655749664507695e+00
4.118285502657116126e+00,5.442560932160988685e+00
4.141130657361010492e+00,5.463537804178381307e+00
4.164057870324778143e+00,5.484586556730689288e+00
4.187067368562936487e+00,5.505707382303183017e+00
4.210159380401061746e+00,5.526900474860503287e+00
4.233334135477760718e+00,5.548166029853568659e+00
4.256591864745671749e+00,5.569504244225355727e+00
4.279932800473014609e+00,5.590915316417447656e+00
4.303357176245839355e+00,5.612399446377531298e+00
4.326865226968503286e+00,5.633956835564780441e+00
4.350457188866518443e+00,5.655587686958276628e+00
4.374133299487482418e+00,5.677292205063137587e+00
4.397893797699559570e+00,5.699070595913627635e+00
4.421738923693526502e+00,5.720923067080857294e+00
4.445668918984244655e+00,5.742849827679830099e+00
4.469684026410907229e+00,5.764851088375064769e+00
4.493784490135922738e+00,5.786927061384561810e+00
4.517970555645010045e+00,5.809077960485399039e+00
4.542242469747725053e+00,5.831304001019961269e+00
4.566600480576390453e+00,5.853605399900237316e+00
4.591044837586444771e+00,5.875982375614016817e+00
4.615575791555508900e+00,5.898435148229548730e+00
4.640193594580294345e+00,5.920963939397549503e+00
4.664898500076845700e+00,5.943568972357538449e+00
4.689690762779708422e+00,5.966250471942900369e+00
4.714570638739878916e+00,5.989008664584504871e+00
4.739538385322846992e+00,6.011843778314529096e+00
4.764594261205272296e+00,6.034756042768624873e+00
4.789738526373815475e+00,6.057745689190941363e+00
4.814971442122572221e+00,6.080812950437450404e+00
4.840293271050382096e+00,6.103958060979224776e+00
4.865704277058069849e+00,6.127181256905700479e+00
4.891204725343766491e+00,6.150482775925598666e+00
4.916794882400045807e+00,6.173862857370256307e+00
4.942475016011003142e+00,6.197321742196971961e+00
4.968245395247937957e+00,6.220859672990692424e+00
4.994106290465371245e+00,6.244476893966181663e+00
5.020057973295561915e+00,6.268173650968390298e+00
5.046100716643916684e+00,6.291950191474038334e+00
5.072234794684654879e+00,6.315806764593653533e+00
5.098460482856404852e+00,6.339743621073614221e+00
5.124778057855989388e+00,6.363761013295945901e+00
5.151187797630786491e+00,6.387859195276353930e+00
5.177689981375162454e+00,6.412038422667655446e+00
5.204284889523925095e+00,6.436298952759433867e+00
5.230972803744780464e+00,6.460641044476497896e+00
5.257754006932304769e+00,6.485064958379406441e+00
5.284628783200938429e+00,6.509570956663823793e+00
5.311597417876893878e+00,6.534159303158546983e+00
5.338660197490434633e+00,6.558830263324119336e+00
5.365817409768789403e+00,6.583584104252377500e+00
5.393069343629231405e+00,6.608421094666311113e+00
5.420416289167198087e+00,6.633341504913511599e+00
5.447858537648959221e+00,6.658345606965693442e+00
5.475396381504373799e+00,6.683433674418419734e+00
5.503030114315665244e+00,6.708605982485710939e+00
5.530760030808595573e+00,6.733862807997880395e+00
5.558586426841535477e+00,6.759204429396709735e+00
5.586509599396427106e+00,6.784631126733206230e+00
5.614529846567132942e+00,6.810143181662009049e+00
5.642647467549560147e+00,6.835740877438233554e+00
5.670862762631759146e+00,6.861424498914394654e+00
5.699176033179448098e+00,6.887194332531324292e+00
5.727587581624861812e+00,6.913050666313608872e+00
5.756097711457526245e+00,6.938993789867691220e+00
5.784706727210481070e+00,6.965023994374006655e+00
5.813414934446068827e+00,6.991141572578605690e+00
5.842222639744597323e+00,7.017346818788719354e+00
5.871130150691480587e+00,7.043640028866389180e+00
5.900137775860989642e+00,7.070021500217612775e+00
5.929245824806516296e+00,7.096491531790359630e+00
5.958454608044080558e+00,7.123050424063565700e+00
5.987764437037175647e+00,7.149698479038028687e+00
6.017175624182502958e+00,7.176436000228553880e+00
6.046688482795391728e+00,7.203263292655809558e+00
6.076303327095716966e+00,7.230180662838922245e+00
6.106020472188789405e+00,7.257188418781319150e+00
6.135840234052094999e+00,7.284286869964621047e+00
6.165762929517692115e+00,7.311476327336698944e+00
6.195788876254685107e+00,7.338757103299897722e+00
6.225918392755265707e+00,7.366129511704245125e+00
6.256151798315369383e+00,7.393593867833346600e+00
6.286489413016386862e+00,7.421150488391822009e+00
6.316931557707714084e+00,7.448799691493927178e+00
6.347478553989623684e+00,7.476541796652738547e+00
6.378130724194345014e+00,7.504377124766915763e+00
6.408888391366134307e+00,7.532305998106150646e+00
6.439751879243498678e+00,7.560328740299656403e+00
6.470721512238342576e+00,7.588445676320465516e+00
6.501797615416958109e+00,7.616657132472345992e+00
6.532980514480568601e+00,7.644963436376160715e+00
6.564270535743895962e+00,7.673364916953559600e+00
6.595668006115487536e+00,7.701861904413148885e+00
6.634404322249230823e+00,7.740598220546892172e+00
