-1.577265624999997673e+00,-9.205468750000111999e-02
-1.577265624999997673e+00,-9.205468750000111999e-02
-1.577265624999997673e+00,-9.205468750000111999e-02
-2.648828124999996092e+00,-9.205468750000111999e-02
-2.648828124999996092e+00,-9.205468750000111999e-02
-2.648828124999996092e+00,-9.205468750000111999e-02
-2.648828124999996092e+00,-9.205468750000111999e-02
-2.648828124999996092e+00,-9.205468750000111999e-02
-2.648828124999996092e+00,-9.205468750000111999e-02
-2.648828124999996092e+00,-9.205468750000111999e-02
-2.648828124999996092e+00,2.017812499999988018e-01
-2.648828124999996092e+00,-1.036843749999996511e+00
-2.648828124999996092e+00,-1.036843749999996511e+00
-2.648828124999996092e+00,-7.394921874999954570e-01
-2.648828124999996092e+00,-7.394921874999954570e-01
-2.319765624999999165e+00,-7.394921874999954570e-01
-2.319765624999999165e+00,-4.386249999999952687e-01
-2.319765624999999165e+00,-4.386249999999952687e-01
-2.319765624999999165e+00,-1.411053203125001598e+00
-1.987187499999998774e+00,-1.411053203125001598e+00
-1.987187499999998774e+00,-1.411053203125001598e+00
-1.987187499999998774e+00,-1.411053203125001598e+00
-1.987187499999998774e+00,-1.411053203125001598e+00
-1.987187499999998774e+00,-1.411053203125001598e+00
-1.651093750000001581e+00,-1.724282031250062852e-01
-1.651093750000001581e+00,-1.724282031250062852e-01
-1.651093750000001581e+00,-1.724282031250062852e-01
-2.015312500000002061e+00,-1.724282031250062852e-01
-2.015312500000002061e+00,-1.724282031250062852e-01
-2.015312500000002061e+00,-1.724282031250062852e-01
-2.015312500000002061e+00,8.000000000000001554e-01
-2.015312500000002061e+00,8.000000000000001554e-01
-2.015312500000002061e+00,8.000000000000001554e-01
-2.015312500000002061e+00,8.000000000000001554e-01
-2.015312500000002061e+00,4.709375000000032285e-01
-1.003515624999995914e+00,4.709375000000032285e-01
-1.003515624999995914e+00,4.709375000000032285e-01
-1.003515624999995914e+00,4.709375000000032285e-01
-1.003515624999995914e+00,1.383593750000028377e-01
-1.003515624999995914e+00,1.383593750000028377e-01
-1.003515624999995914e+00,1.383593750000028377e-01
-1.003515624999995914e+00,1.383593750000028377e-01
-1.374765625000001101e+00,4.674218749999997646e-01
-1.374765625000001101e+00,1.313281250000025713e-01
-1.374765625000001101e+00,1.313281250000025713e-01
-3.032031250000027933e-01,1.313281250000025713e-01
-3.032031250000027933e-01,4.639062500000029621e-01
-3.032031250000027933e-01,4.639062500000029621e-01
-3.032031250000027933e-01,4.639062500000029621e-01
-3.032031250000027933e-01,4.639062500000029621e-01
-3.032031250000027933e-01,8.000000000000001554e-01
-3.032031250000027933e-01,8.000000000000001554e-01
-3.032031250000027933e-01,8.000000000000001554e-01
-3.032031250000027933e-01,8.000000000000001554e-01
-3.032031250000027933e-01,8.000000000000001554e-01
-3.032031250000027933e-01,8.000000000000001554e-01
-3.032031250000027933e-01,-5.795312500000032729e-01
8.000000000000001554e-01,8.000000000000001554e-01
8.000000000000001554e-01,8.000000000000001554e-01
8.000000000000001554e-01,8.000000000000001554e-01
8.000000000000001554e-01,8.000000000000001554e-01
8.000000000000001554e-01,8.000000000000001554e-01
8.000000000000001554e-01,8.000000000000001554e-01
8.000000000000001554e-01,8.000000000000001554e-01
8.000000000000001554e-01,8.000000000000001554e-01
8.000000000000001554e-01,8.000000000000001554e-01
8.000000000000001554e-01,3.226132812499956515e+01
8.000000000000001554e-01,3.226132812499956515e+01
8.000000000000001554e-01,8.000000000000001554e-01
8.000000000000001554e-01,8.000000000000001554e-01
8.000000000000001554e-01,8.000000000000001554e-01
8.000000000000001554e-01,8.000000000000001554e-01
8.000000000000001554e-01,8.000000000000001554e-01
8.000000000000001554e-01,8.000000000000001554e-01
8.000000000000001554e-01,8.000000000000001554e-01
8.000000000000001554e-01,8.000000000000001554e-01
8.000000000000001554e-01,8.000000000000001554e-01
8.000000000000001554e-01,8.000000000000001554e-01
8.000000000000001554e-01,8.000000000000001554e-01
8.000000000000001554e-01,8.000000000000001554e-01
8.000000000000001554e-01,8.000000000000001554e-01
8.000000000000001554e-01,8.000000000000001554e-01
8.000000000000001554e-01,8.000000000000001554e-01
8.000000000000001554e-01,8.000000000000001554e-01
8.000000000000001554e-01,8.000000000000001554e-01
8.000000000000001554e-01,8.000000000000001554e-01
3.197163289062517677e+01,8.000000000000001554e-01
3.197163289062517677e+01,8.000000000000001554e-01
3.197163289062517677e+01,8.000000000000001554e-01
3.197163289062517677e+01,8.000000000000001554e-01
3.197163289062517677e+01,8.000000000000001554e-01
3.197163289062517677e+01,8.000000000000001554e-01
3.197163289062517677e+01,8.000000000000001554e-01
3.197163289062517677e+01,8.000000000000001554e-01
3.197163289062517677e+01,8.000000000000001554e-01
3.197163289062517677e+01,8.000000000000001554e-01
3.197163289062517677e+01,8.000000000000001554e-01
3.197163289062517677e+01,8.000000000000001554e-01
3.197163289062517677e+01,8.000000000000001554e-01
3.197163289062517677e+01,8.000000000000001554e-01
3.197163289062517677e+01,8.000000000000001554e-01
3.197163289062517677e+01,8.000000000000001554e-01
3.197163289062517677e+01,8.000000000000001554e-01
3.197163289062517677e+01,8.000000000000001554e-01
3.197163289062517677e+01,8.000000000000001554e-01
3.197163289062517677e+01,8.000000000000001554e-01
3.197163289062517677e+01,8.000000000000001554e-01
3.197163289062517677e+01,8.000000000000001554e-01
3.197163289062517677e+01,8.000000000000001554e-01
3.197163289062517677e+01,8.000000000000001554e-01
3.197163289062517677e+01,8.000000000000001554e-01
3.197163289062517677e+01,8.000000000000001554e-01
3.197163289062517677e+01,8.000000000000001554e-01
-3.849842968750000205e-01,8.000000000000001554e-01
-3.849842968750000205e-01,8.000000000000001554e-01
-3.849842968750000205e-01,8.000000000000001554e-01
-3.849842968750000205e-01,8.000000000000001554e-01
-3.849842968750000205e-01,8.000000000000001554e-01
-3.849842968750000205e-01,2.320156249999997478e+00
-3.849842968750000205e-01,2.320156249999997478e+00
-3.849842968750000205e-01,2.320156249999997478e+00
-3.849842968750000205e-01,2.320156249999997478e+00
-3.849842968750000205e-01,2.320156249999997478e+00
-3.849842968750000205e-01,2.320156249999997478e+00
-3.849842968750000205e-01,2.320156249999997478e+00
-3.849842968750000205e-01,2.320156249999997478e+00
-3.849842968750000205e-01,2.320156249999997478e+00
-3.849842968750000205e-01,2.320156249999997478e+00
-3.849842968750000205e-01,2.320156249999997478e+00
-3.849842968750000205e-01,2.320156249999997478e+00
-3.849842968750000205e-01,2.320156249999997478e+00
-3.849842968750000205e-01,2.320156249999997478e+00
-3.849842968750000205e-01,2.320156249999997478e+00
-3.849842968750000205e-01,2.320156249999997478e+00
-3.849842968750000205e-01,2.320156249999997478e+00
-3.849842968750000205e-01,2.320156249999997478e+00
-3.849842968750000205e-01,2.320156249999997478e+00
-3.849842968750000205e-01,2.320156249999997478e+00
-3.849842968750000205e-01,2.320156249999997478e+00
-3.849842968750000205e-01,3.505140546874997654e+00
-3.849842968750000205e-01,3.505140546874997654e+00
-3.849842968750000205e-01,3.505140546874997654e+00
-3.849842968750000205e-01,3.505140546874997654e+00
-3.849842968750000205e-01,3.505140546874997654e+00
-3.849842968750000205e-01,3.505140546874997654e+00
-3.849842968750000205e-01,3.505140546874997654e+00
-3.849842968750000205e-01,3.505140546874997654e+00
-3.849842968750000205e-01,3.505140546874997654e+00
-3.849842968750000205e-01,3.505140546874997654e+00
-3.849842968750000205e-01,3.505140546874997654e+00
-3.849842968750000205e-01,3.505140546874997654e+00
-3.849842968750000205e-01,3.505140546874997654e+00
-3.849842968750000205e-01,3.505140546874997654e+00
-3.849842968750000205e-01,3.505140546874997654e+00
-3.849842968750000205e-01,3.505140546874997654e+00
-3.849842968750000205e-01,3.505140546874997654e+00
-3.849842968750000205e-01,3.505140546874997654e+00
-3.849842968750000205e-01,3.505140546874997654e+00
-3.849842968750000205e-01,3.505140546874997654e+00
-3.849842968750000205e-01,3.505140546874997654e+00
-3.849842968750000205e-01,3.505140546874997654e+00
-3.849842968750000205e-01,3.505140546874997654e+00
-3.849842968750000205e-01,3.505140546874997654e+00
-3.849842968750000205e-01,3.505140546874997654e+00
-3.849842968750000205e-01,3.505140546874997654e+00
-3.849842968750000205e-01,3.505140546874997654e+00
-3.849842968750000205e-01,3.505140546874997654e+00
3.197163289062517677e+01,-3.037163289062517535e+01
3.197163289062517677e+01,-3.037163289062517535e+01
3.197163289062517677e+01,-3.037163289062517535e+01
3.197163289062517677e+01,-3.037163289062517535e+01
3.197163289062517677e+01,-3.037163289062517535e+01
3.197163289062517677e+01,-3.037163289062517535e+01
8.000000000000001554e-01,-3.037163289062517535e+01
8.000000000000001554e-01,-3.037163289062517535e+01
8.000000000000001554e-01,-3.037163289062517535e+01
8.000000000000001554e-01,-3.037163289062517535e+01
8.000000000000001554e-01,-3.037163289062517535e+01
8.000000000000001554e-01,-3.037163289062517535e+01
8.000000000000001554e-01,-3.037163289062517535e+01
8.000000000000001554e-01,-3.037163289062517535e+01
8.000000000000001554e-01,-3.037163289062517535e+01
8.000000000000001554e-01,-3.037163289062517535e+01
8.000000000000001554e-01,-3.037163289062517535e+01
8.000000000000001554e-01,-3.037163289062517535e+01
8.000000000000001554e-01,-3.037163289062517535e+01
8.000000000000001554e-01,-3.037163289062517535e+01
8.000000000000001554e-01,-3.037163289062517535e+01
8.000000000000001554e-01,-3.037163289062517535e+01
8.000000000000001554e-01,-3.037163289062517535e+01
8.000000000000001554e-01,-3.037163289062517535e+01
8.000000000000001554e-01,-3.037163289062517535e+01
8.000000000000001554e-01,-3.037163289062517535e+01
8.000000000000001554e-01,-3.037163289062517535e+01
8.000000000000001554e-01,-3.037163289062517535e+01
8.000000000000001554e-01,-3.037163289062517535e+01
8.000000000000001554e-01,-3.037163289062517535e+01
8.000000000000001554e-01,-3.037163289062517535e+01
8.000000000000001554e-01,-3.037163289062517535e+01
8.000000000000001554e-01,-3.037163289062517535e+01
8.000000000000001554e-01,-3.037163289062517535e+01
8.000000000000001554e-01,-3.037163289062517535e+01
8.000000000000001554e-01,-3.037163289062517535e+01
8.000000000000001554e-01,-3.037163289062517535e+01
8.000000000000001554e-01,-3.037163289062517535e+01
8.000000000000001554e-01,-3.037163289062517535e+01
8.000000000000001554e-01,-3.037163289062517535e+01
8.000000000000001554e-01,-3.037163289062517535e+01
8.000000000000001554e-01,-3.037163289062517535e+01
8.000000000000001554e-01,-3.037163289062517535e+01
8.000000000000001554e-01,-3.037163289062517535e+01
8.000000000000001554e-01,-3.037163289062517535e+01
8.000000000000001554e-01,-3.037163289062517535e+01
8.000000000000001554e-01,-3.037163289062517535e+01
8.000000000000001554e-01,-3.037163289062517535e+01
8.000000000000001554e-01,-3.037163289062517535e+01
8.000000000000001554e-01,-3.037163289062517535e+01
8.000000000000001554e-01,8.000000000000001554e-01
8.000000000000001554e-01,8.000000000000001554e-01
8.000000000000001554e-01,8.000000000000001554e-01
8.000000000000001554e-01,8.000000000000001554e-01
8.000000000000001554e-01,8.000000000000001554e-01
8.000000000000001554e-01,8.000000000000001554e-01
8.000000000000001554e-01,8.000000000000001554e-01
8.000000000000001554e-01,8.000000000000001554e-01
8.000000000000001554e-01,8.000000000000001554e-01
8.000000000000001554e-01,2.691406250000002665e+00
8.000000000000001554e-01,2.691406250000002665e+00
8.000000000000001554e-01,2.691406250000002665e+00
8.000000000000001554e-01,3.059140624999999947e+00
1.167734374999997327e+00,3.059140624999999947e+00
1.167734374999997327e+00,3.059140624999999947e+00
1.167734374999997327e+00,3.059140624999999947e+00
1.167734374999997327e+00,3.059140624999999947e+00
8.000000000000001554e-01,3.059140624999999947e+00
8.000000000000001554e-01,3.059140624999999947e+00
8.000000000000001554e-01,3.059140624999999947e+00
8.000000000000001554e-01,3.059140624999999947e+00
1.164218750000000524e+00,3.059140624999999947e+00
1.164218750000000524e+00,3.423359375000000426e+00
1.164218750000000524e+00,3.423359375000000426e+00
1.164218750000000524e+00,3.423359375000000426e+00
8.000000000000001554e-01,1.903203125000002993e+00
8.000000000000001554e-01,1.903203125000002993e+00
8.000000000000001554e-01,1.903203125000002993e+00
8.000000000000001554e-01,1.903203125000002993e+00
8.000000000000001554e-01,1.903203125000002993e+00
8.000000000000001554e-01,1.903203125000002993e+00
8.000000000000001554e-01,1.903203125000002993e+00
8.000000000000001554e-01,1.903203125000002993e+00
8.000000000000001554e-01,1.903203125000002993e+00
8.000000000000001554e-01,1.903203125000002993e+00
8.000000000000001554e-01,1.903203125000002993e+00
8.000000000000001554e-01,1.903203125000002993e+00
8.000000000000001554e-01,1.903203125000002993e+00
8.000000000000001554e-01,1.903203125000002993e+00
8.000000000000001554e-01,1.903203125000002993e+00
8.000000000000001554e-01,1.903203125000002993e+00
8.000000000000001554e-01,1.903203125000002993e+00
8.000000000000001554e-01,1.903203125000002993e+00
8.000000000000001554e-01,1.903203125000002993e+00
8.000000000000001554e-01,1.903203125000002993e+00
8.000000000000001554e-01,1.903203125000002993e+00
8.000000000000001554e-01,1.903203125000002993e+00
1.871562499999998463e+00,1.903203125000002993e+00
1.871562499999998463e+00,1.903203125000002993e+00
1.871562499999998463e+00,1.903203125000002993e+00
1.871562499999998463e+00,1.531953124999997806e+00
1.871562499999998463e+00,1.531953124999997806e+00
1.871562499999998463e+00,1.531953124999997806e+00
8.000000000000001554e-01,2.603515624999996003e+00
8.000000000000001554e-01,2.603515624999996003e+00
8.000000000000001554e-01,2.603515624999996003e+00
8.000000000000001554e-01,2.603515624999996003e+00
8.000000000000001554e-01,2.603515624999996003e+00
8.000000000000001554e-01,2.603515624999996003e+00
8.000000000000001554e-01,2.235781249999998721e+00
2.179531250000003251e+00,2.235781249999998721e+00
2.179531250000003251e+00,2.235781249999998721e+00
2.179531250000003251e+00,2.235781249999998721e+00
2.179531250000003251e+00,2.235781249999998721e+00
2.179531250000003251e+00,2.235781249999998721e+00
2.179531250000003251e+00,2.235781249999998721e+00
8.000000000000001554e-01,2.235781249999998721e+00
8.000000000000001554e-01,1.871562499999998463e+00
8.000000000000001554e-01,3.251093750000001670e+00
8.000000000000001554e-01,3.251093750000001670e+00
8.000000000000001554e-01,3.251093750000001670e+00
8.000000000000001554e-01,3.251093750000001670e+00
8.000000000000001554e-01,3.251093750000001670e+00
8.000000000000001554e-01,3.251093750000001670e+00
8.000000000000001554e-01,3.251093750000001670e+00
8.000000000000001554e-01,3.251093750000001670e+00
8.000000000000001554e-01,3.251093750000001670e+00
1.136093749999997238e+00,3.251093750000001670e+00
1.136093749999997238e+00,3.251093750000001670e+00
1.136093749999997238e+00,3.251093750000001670e+00
1.136093749999997238e+00,3.251093750000001670e+00
1.136093749999997238e+00,3.251093750000001670e+00
1.136093749999997238e+00,3.251093750000001670e+00
1.132578125000000435e+00,3.251093750000001670e+00
1.132578125000000435e+00,3.251093750000001670e+00
1.132578125000000435e+00,3.587187499999998863e+00
1.132578125000000435e+00,3.587187499999998863e+00
1.132578125000000435e+00,3.587187499999998863e+00
1.132578125000000435e+00,3.587187499999998863e+00
1.132578125000000435e+00,3.587187499999998863e+00
1.129062499999996971e+00,3.587187499999998863e+00
1.129062499999996971e+00,3.587187499999998863e+00
1.129062499999996971e+00,3.919765624999999254e+00
1.129062499999996971e+00,3.919765624999999254e+00
1.129062499999996971e+00,2.848203125000000835e+00
1.129062499999996971e+00,2.848203125000000835e+00
8.000000000000001554e-01,2.848203125000000835e+00
8.000000000000001554e-01,2.848203125000000835e+00
8.000000000000001554e-01,2.848203125000000835e+00
8.000000000000001554e-01,3.177265624999997762e+00
8.000000000000001554e-01,3.177265624999997762e+00
8.000000000000001554e-01,3.177265624999997762e+00
8.000000000000001554e-01,3.177265624999997762e+00
8.000000000000001554e-01,3.177265624999997762e+00
8.000000000000001554e-01,3.177265624999997762e+00
8.000000000000001554e-01,3.177265624999997762e+00
8.000000000000001554e-01,3.177265624999997762e+00
8.000000000000001554e-01,1.797734374999994555e+00
8.000000000000001554e-01,1.797734374999994555e+00
8.000000000000001554e-01,1.797734374999994555e+00
8.000000000000001554e-01,1.797734374999994555e+00
8.000000000000001554e-01,1.797734374999994555e+00
8.000000000000001554e-01,1.797734374999994555e+00
1.772428203125006485e+00,1.797734374999994555e+00
1.772428203125006485e+00,1.797734374999994555e+00
1.772428203125006485e+00,1.797734374999994555e+00
1.772428203125006485e+00,1.797734374999994555e+00
1.772428203125006485e+00,1.797734374999994555e+00
1.772428203125006485e+00,1.797734374999994555e+00
1.772428203125006485e+00,1.797734374999994555e+00
8.000000000000001554e-01,1.797734374999994555e+00
8.000000000000001554e-01,1.797734374999994555e+00
8.000000000000001554e-01,2.770162578125000774e+00
8.000000000000001554e-01,2.770162578125000774e+00
8.000000000000001554e-01,2.434068828125003581e+00
8.000000000000001554e-01,2.434068828125003581e+00
2.038624999999995246e+00,2.434068828125003581e+00
2.038624999999995246e+00,2.434068828125003581e+00
2.038624999999995246e+00,2.434068828125003581e+00
2.038624999999995246e+00,2.434068828125003581e+00
2.038624999999995246e+00,2.434068828125003581e+00
2.038624999999995246e+00,2.101490703125003190e+00
8.000000000000001554e-01,2.101490703125003190e+00
8.000000000000001554e-01,2.101490703125003190e+00
8.000000000000001554e-01,2.101490703125003190e+00
8.000000000000001554e-01,3.340115703124998614e+00
8.000000000000001554e-01,3.340115703124998614e+00
8.000000000000001554e-01,3.340115703124998614e+00
8.000000000000001554e-01,3.011053203125001687e+00
8.000000000000001554e-01,3.011053203125001687e+00
8.000000000000001554e-01,3.011053203125001687e+00
8.000000000000001554e-01,3.011053203125001687e+00
8.000000000000001554e-01,3.011053203125001687e+00
1.100867187500000233e+00,3.011053203125001687e+00
1.100867187500000233e+00,3.011053203125001687e+00
1.100867187500000233e+00,3.011053203125001687e+00
1.100867187500000233e+00,3.011053203125001687e+00
1.100867187500000233e+00,3.011053203125001687e+00
1.100867187500000233e+00,3.011053203125001687e+00
8.000000000000001554e-01,3.011053203125001687e+00
1.097351562500001210e+00,3.011053203125001687e+00
1.097351562500001210e+00,3.311920390625001875e+00
1.097351562500001210e+00,3.311920390625001875e+00
1.097351562500001210e+00,3.311920390625001875e+00
1.097351562500001210e+00,3.311920390625001875e+00
1.097351562500001210e+00,3.311920390625001875e+00
8.000000000000001554e-01,3.311920390625001875e+00
1.093835937499999966e+00,3.311920390625001875e+00
1.093835937499999966e+00,3.609271953125003041e+00
1.093835937499999966e+00,3.609271953125003041e+00
1.093835937499999966e+00,3.609271953125003041e+00
1.093835937499999966e+00,3.609271953125003041e+00
1.093835937499999966e+00,2.636843749999996600e+00
1.093835937499999966e+00,2.636843749999996600e+00
8.000000000000001554e-01,2.636843749999996600e+00
8.000000000000001554e-01,2.930679687499996522e+00
8.000000000000001554e-01,2.930679687499996522e+00
8.000000000000001554e-01,2.930679687499996522e+00
8.000000000000001554e-01,2.930679687499996522e+00
8.000000000000001554e-01,2.930679687499996522e+00
8.000000000000001554e-01,2.930679687499996522e+00
8.000000000000001554e-01,2.930679687499996522e+00
8.000000000000001554e-01,2.930679687499996522e+00
8.000000000000001554e-01,2.930679687499996522e+00
8.000000000000001554e-01,2.930679687499996522e+00
8.000000000000001554e-01,2.930679687499996522e+00
8.000000000000001554e-01,1.692054687500001320e+00
8.000000000000001554e-01,1.692054687500001320e+00
8.000000000000001554e-01,1.692054687500001320e+00
8.000000000000001554e-01,1.692054687500001320e+00
8.000000000000001554e-01,1.692054687500001320e+00
8.000000000000001554e-01,1.692054687500001320e+00
8.000000000000001554e-01,1.692054687500001320e+00
8.000000000000001554e-01,1.692054687500001320e+00
8.000000000000001554e-01,1.692054687500001320e+00
8.000000000000001554e-01,1.692054687500001320e+00
8.000000000000001554e-01,1.692054687500001320e+00
1.660414062499999011e+00,1.692054687500001320e+00
1.660414062499999011e+00,1.692054687500001320e+00
1.660414062499999011e+00,1.692054687500001320e+00
1.660414062499999011e+00,1.692054687500001320e+00
1.660414062499999011e+00,2.552468750000000064e+00
1.660414062499999011e+00,2.552468750000000064e+00
8.000000000000001554e-01,2.552468750000000064e+00
8.000000000000001554e-01,2.552468750000000064e+00
8.000000000000001554e-01,2.251601562499999876e+00
8.000000000000001554e-01,2.251601562499999876e+00
8.000000000000001554e-01,2.251601562499999876e+00
8.000000000000001554e-01,2.251601562499999876e+00
8.000000000000001554e-01,2.251601562499999876e+00
8.000000000000001554e-01,2.251601562499999876e+00
8.000000000000001554e-01,2.251601562499999876e+00
8.000000000000001554e-01,2.251601562499999876e+00
8.000000000000001554e-01,2.251601562499999876e+00
8.000000000000001554e-01,1.954249999999998932e+00
8.000000000000001554e-01,1.954249999999998932e+00
8.000000000000001554e-01,1.954249999999998932e+00
1.897999999999999021e+00,1.954249999999998932e+00
1.897999999999999021e+00,3.052249999999997687e+00
1.897999999999999021e+00,3.052249999999997687e+00
1.897999999999999021e+00,3.052249999999997687e+00
8.000000000000001554e-01,3.052249999999997687e+00
8.000000000000001554e-01,3.052249999999997687e+00
8.000000000000001554e-01,2.758414062499997765e+00
8.000000000000001554e-01,2.758414062499997765e+00
8.000000000000001554e-01,2.758414062499997765e+00
8.000000000000001554e-01,2.758414062499997765e+00
8.000000000000001554e-01,2.758414062499997765e+00
8.000000000000001554e-01,2.758414062499997765e+00
8.000000000000001554e-01,2.758414062499997765e+00
8.000000000000001554e-01,2.758414062499997765e+00
8.000000000000001554e-01,2.758414062499997765e+00
8.000000000000001554e-01,2.758414062499997765e+00
8.000000000000001554e-01,2.758414062499997765e+00
8.000000000000001554e-01,2.758414062499997765e+00
8.000000000000001554e-01,-3.136515624999999474e+01
8.000000000000001554e-01,-3.136515624999999474e+01
8.000000000000001554e-01,-3.136515624999999474e+01
8.000000000000001554e-01,-3.136515624999999474e+01
8.000000000000001554e-01,-3.136515624999999474e+01
8.000000000000001554e-01,-3.136515624999999474e+01
8.000000000000001554e-01,-3.136515624999999474e+01
8.000000000000001554e-01,-3.136515624999999474e+01
8.000000000000001554e-01,-3.136515624999999474e+01
8.000000000000001554e-01,-3.136515624999999474e+01
8.000000000000001554e-01,-3.136515624999999474e+01
8.000000000000001554e-01,-3.136515624999999474e+01
8.000000000000001554e-01,-3.136515624999999474e+01
8.000000000000001554e-01,-3.136515624999999474e+01
8.000000000000001554e-01,-3.136515624999999474e+01
8.000000000000001554e-01,-3.136515624999999474e+01
8.000000000000001554e-01,-3.136515624999999474e+01
8.000000000000001554e-01,-3.136515624999999474e+01
8.000000000000001554e-01,-3.136515624999999474e+01
8.000000000000001554e-01,-3.136515624999999474e+01
8.000000000000001554e-01,-3.136515624999999474e+01
8.000000000000001554e-01,-3.136515624999999474e+01
8.000000000000001554e-01,-3.136515624999999474e+01
8.000000000000001554e-01,-3.136515624999999474e+01
8.000000000000001554e-01,-3.136515624999999474e+01
8.000000000000001554e-01,-3.136515624999999474e+01
8.000000000000001554e-01,-3.136515624999999474e+01
8.000000000000001554e-01,8.000000000000001554e-01
8.000000000000001554e-01,8.000000000000001554e-01
8.000000000000001554e-01,8.000000000000001554e-01
8.000000000000001554e-01,8.000000000000001554e-01
8.000000000000001554e-01,8.000000000000001554e-01
8.000000000000001554e-01,8.000000000000001554e-01
8.000000000000001554e-01,8.000000000000001554e-01
8.000000000000001554e-01,8.000000000000001554e-01
8.000000000000001554e-01,8.000000000000001554e-01
8.000000000000001554e-01,8.000000000000001554e-01
8.000000000000001554e-01,8.000000000000001554e-01
8.000000000000001554e-01,8.000000000000001554e-01
8.000000000000001554e-01,8.000000000000001554e-01
8.000000000000001554e-01,8.000000000000001554e-01
8.000000000000001554e-01,8.000000000000001554e-01
8.000000000000001554e-01,8.000000000000001554e-01
8.000000000000001554e-01,8.000000000000001554e-01
8.000000000000001554e-01,8.000000000000001554e-01
8.000000000000001554e-01,8.000000000000001554e-01
8.000000000000001554e-01,8.000000000000001554e-01
8.000000000000001554e-01,8.000000000000001554e-01
8.000000000000001554e-01,8.000000000000001554e-01
8.000000000000001554e-01,8.000000000000001554e-01
8.000000000000001554e-01,8.000000000000001554e-01
8.000000000000001554e-01,8.000000000000001554e-01
8.000000000000001554e-01,8.000000000000001554e-01
8.000000000000001554e-01,8.000000000000001554e-01
8.000000000000001554e-01,8.000000000000001554e-01
8.000000000000001554e-01,8.000000000000001554e-01
8.000000000000001554e-01,8.000000000000001554e-01
8.000000000000001554e-01,8.000000000000001554e-01
8.000000000000001554e-01,8.000000000000001554e-01
8.000000000000001554e-01,8.000000000000001554e-01
8.000000000000001554e-01,8.000000000000001554e-01
8.000000000000001554e-01,8.000000000000001554e-01
8.000000000000001554e-01,8.000000000000001554e-01
8.000000000000001554e-01,8.000000000000001554e-01
8.000000000000001554e-01,8.000000000000001554e-01
8.000000000000001554e-01,8.000000000000001554e-01
8.000000000000001554e-01,8.000000000000001554e-01
8.000000000000001554e-01,8.000000000000001554e-01
8.000000000000001554e-01,8.000000000000001554e-01
8.000000000000001554e-01,8.000000000000001554e-01
8.000000000000001554e-01,8.000000000000001554e-01
8.000000000000001554e-01,8.000000000000001554e-01
8.000000000000001554e-01,8.000000000000001554e-01
8.000000000000001554e-01,8.000000000000001554e-01
8.000000000000001554e-01,8.000000000000001554e-01
8.000000000000001554e-01,8.000000000000001554e-01
8.000000000000001554e-01,8.000000000000001554e-01
8.000000000000001554e-01,8.000000000000001554e-01
8.000000000000001554e-01,1.586585937500002874e+00
8.000000000000001554e-01,1.586585937500002874e+00
8.000000000000001554e-01,1.586585937500002874e+00
8.000000000000001554e-01,1.586585937500002874e+00
8.000000000000001554e-01,1.586585937500002874e+00
8.000000000000001554e-01,1.586585937500002874e+00
8.000000000000001554e-01,1.586585937500002874e+00
8.000000000000001554e-01,1.586585937500002874e+00
8.000000000000001554e-01,1.586585937500002874e+00
8.000000000000001554e-01,2.346458046875004477e+00
8.000000000000001554e-01,2.346458046875004477e+00
8.000000000000001554e-01,2.346458046875004477e+00
8.000000000000001554e-01,2.346458046875004477e+00
8.000000000000001554e-01,2.346458046875004477e+00
8.000000000000001554e-01,2.346458046875004477e+00
8.000000000000001554e-01,2.346458046875004477e+00
8.000000000000001554e-01,2.346458046875004477e+00
8.000000000000001554e-01,2.346458046875004477e+00
8.000000000000001554e-01,2.346458046875004477e+00
8.000000000000001554e-01,2.346458046875004477e+00
8.000000000000001554e-01,2.346458046875004477e+00
8.000000000000001554e-01,2.346458046875004477e+00
8.000000000000001554e-01,2.346458046875004477e+00
8.000000000000001554e-01,2.346458046875004477e+00
8.000000000000001554e-01,2.346458046875004477e+00
8.000000000000001554e-01,2.346458046875004477e+00
8.000000000000001554e-01,2.346458046875004477e+00
8.000000000000001554e-01,2.346458046875004477e+00
8.000000000000001554e-01,2.346458046875004477e+00
8.000000000000001554e-01,2.346458046875004477e+00
8.000000000000001554e-01,2.346458046875004477e+00
8.000000000000001554e-01,2.346458046875004477e+00
8.000000000000001554e-01,2.346458046875004477e+00
8.000000000000001554e-01,2.346458046875004477e+00
8.000000000000001554e-01,2.080747109374999848e+00
8.000000000000001554e-01,2.080747109374999848e+00
8.000000000000001554e-01,2.080747109374999848e+00
8.000000000000001554e-01,2.080747109374999848e+00
8.000000000000001554e-01,2.080747109374999848e+00
8.000000000000001554e-01,2.080747109374999848e+00
8.000000000000001554e-01,2.080747109374999848e+00
8.000000000000001554e-01,2.080747109374999848e+00
8.000000000000001554e-01,2.080747109374999848e+00
8.000000000000001554e-01,2.080747109374999848e+00
8.000000000000001554e-01,2.080747109374999848e+00
8.000000000000001554e-01,2.080747109374999848e+00
8.000000000000001554e-01,2.080747109374999848e+00
8.000000000000001554e-01,2.080747109374999848e+00
8.000000000000001554e-01,2.080747109374999848e+00
8.000000000000001554e-01,2.080747109374999848e+00
8.000000000000001554e-01,2.080747109374999848e+00
8.000000000000001554e-01,2.080747109374999848e+00
8.000000000000001554e-01,2.080747109374999848e+00
8.000000000000001554e-01,2.080747109374999848e+00
8.000000000000001554e-01,2.080747109374999848e+00
8.000000000000001554e-01,3.037840859374999702e+00
8.000000000000001554e-01,3.037840859374999702e+00
8.000000000000001554e-01,3.037840859374999702e+00
8.000000000000001554e-01,3.037840859374999702e+00
8.000000000000001554e-01,3.037840859374999702e+00
1.559872109375001648e+00,3.037840859374999702e+00
1.559872109375001648e+00,3.037840859374999702e+00
1.559872109375001648e+00,3.037840859374999702e+00
1.559872109375001648e+00,3.037840859374999702e+00
1.559872109375001648e+00,3.037840859374999702e+00
-3.178210445312528165e+01,-3.178210445312528165e+01
-3.178210445312528165e+01,-3.178210445312528165e+01
-3.178210445312528165e+01,-3.178210445312528165e+01
-3.178210445312528165e+01,-3.178210445312528165e+01
-3.178210445312528165e+01,-3.178210445312528165e+01
-3.178210445312528165e+01,-3.178210445312528165e+01
-3.178210445312528165e+01,-3.178210445312528165e+01
-3.178210445312528165e+01,-3.178210445312528165e+01
-3.178210445312528165e+01,-3.178210445312528165e+01
-3.178210445312528165e+01,-3.178210445312528165e+01
-3.178210445312528165e+01,-3.178210445312528165e+01
-3.178210445312528165e+01,-3.178210445312528165e+01
-3.178210445312528165e+01,-3.178210445312528165e+01
-3.178210445312528165e+01,-3.178210445312528165e+01
-3.178210445312528165e+01,-3.178210445312528165e+01
-3.178210445312528165e+01,-3.178210445312528165e+01
-3.178210445312528165e+01,-3.178210445312528165e+01
-3.178210445312528165e+01,-3.178210445312528165e+01
-3.178210445312528165e+01,-3.178210445312528165e+01
-3.178210445312528165e+01,-3.178210445312528165e+01
-3.178210445312528165e+01,-3.178210445312528165e+01
-3.178210445312528165e+01,-3.178210445312528165e+01
-3.178210445312528165e+01,-3.178210445312528165e+01
-3.178210445312528165e+01,-3.178210445312528165e+01
-3.178210445312528165e+01,-3.178210445312528165e+01
-3.178210445312528165e+01,-3.178210445312528165e+01
-3.178210445312528165e+01,-3.178210445312528165e+01
-3.178210445312528165e+01,-3.178210445312528165e+01
-3.178210445312528165e+01,-3.178210445312528165e+01
-3.178210445312528165e+01,-3.178210445312528165e+01
-3.178210445312528165e+01,-3.178210445312528165e+01
-3.178210445312528165e+01,-3.178210445312528165e+01
-3.178210445312528165e+01,-3.178210445312528165e+01
-3.178210445312528165e+01,-3.178210445312528165e+01
-3.178210445312528165e+01,-3.178210445312528165e+01
-3.178210445312528165e+01,-3.178210445312528165e+01
-3.178210445312528165e+01,-3.178210445312528165e+01
-3.178210445312528165e+01,-3.178210445312528165e+01
-3.178210445312528165e+01,-3.178210445312528165e+01
-3.178210445312528165e+01,-3.178210445312528165e+01
-3.178210445312528165e+01,-3.178210445312528165e+01
-3.178210445312528165e+01,-3.178210445312528165e+01
-3.178210445312528165e+01,-3.178210445312528165e+01
-3.178210445312528165e+01,-3.178210445312528165e+01
-3.178210445312528165e+01,-3.178210445312528165e+01
-3.178210445312528165e+01,-3.178210445312528165e+01
-3.178210445312528165e+01,-3.178210445312528165e+01
-3.178210445312528165e+01,-3.178210445312528165e+01
-3.178210445312528165e+01,-3.178210445312528165e+01
-3.178210445312528165e+01,-3.178210445312528165e+01
-3.178210445312528165e+01,-3.178210445312528165e+01
-3.178210445312528165e+01,-3.178210445312528165e+01
-3.178210445312528165e+01,-3.178210445312528165e+01
-3.178210445312528165e+01,-3.178210445312528165e+01
-3.178210445312528165e+01,-3.178210445312528165e+01
1.559872109375001648e+00,2.775645546875002090e+00
1.559872109375001648e+00,2.775645546875002090e+00
1.559872109375001648e+00,2.775645546875002090e+00
1.559872109375001648e+00,2.775645546875002090e+00
1.559872109375001648e+00,2.775645546875002090e+00
1.559872109375001648e+00,2.775645546875002090e+00
1.559872109375001648e+00,2.775645546875002090e+00
1.559872109375001648e+00,2.775645546875002090e+00
1.559872109375001648e+00,2.775645546875002090e+00
1.559872109375001648e+00,2.775645546875002090e+00
1.559872109375001648e+00,2.775645546875002090e+00
1.559872109375001648e+00,2.775645546875002090e+00
2.516965859375001280e+00,2.775645546875002090e+00
2.516965859375001280e+00,2.775645546875002090e+00
2.516965859375001280e+00,2.775645546875002090e+00
2.516965859375001280e+00,2.775645546875002090e+00
2.516965859375001280e+00,2.775645546875002090e+00
2.516965859375001280e+00,2.775645546875002090e+00
2.516965859375001280e+00,2.775645546875002090e+00
2.516965859375001280e+00,2.775645546875002090e+00
2.516965859375001280e+00,2.775645546875002090e+00
2.516965859375001280e+00,2.775645546875002090e+00
2.516965859375001280e+00,2.775645546875002090e+00
2.516965859375001280e+00,2.775645546875002090e+00
2.516965859375001280e+00,2.775645546875002090e+00
2.516965859375001280e+00,2.775645546875002090e+00
2.516965859375001280e+00,2.775645546875002090e+00
2.516965859375001280e+00,2.775645546875002090e+00
2.516965859375001280e+00,2.775645546875002090e+00
2.516965859375001280e+00,3.006129921874999500e+00
2.516965859375001280e+00,3.006129921874999500e+00
2.516965859375001280e+00,3.006129921874999500e+00
2.516965859375001280e+00,3.006129921874999500e+00
2.516965859375001280e+00,3.268325234374997112e+00
2.516965859375001280e+00,3.268325234374997112e+00
2.516965859375001280e+00,3.268325234374997112e+00
2.516965859375001280e+00,3.268325234374997112e+00
2.516965859375001280e+00,3.268325234374997112e+00
2.516965859375001280e+00,3.268325234374997112e+00
2.516965859375001280e+00,3.268325234374997112e+00
2.516965859375001280e+00,3.268325234374997112e+00
2.516965859375001280e+00,3.268325234374997112e+00
2.516965859375001280e+00,3.268325234374997112e+00
2.516965859375001280e+00,3.268325234374997112e+00
2.516965859375001280e+00,3.268325234374997112e+00
2.516965859375001280e+00,3.268325234374997112e+00
2.516965859375001280e+00,3.268325234374997112e+00
2.516965859375001280e+00,3.268325234374997112e+00
-3.178210445312528165e+01,-3.178210445312528165e+01
-3.178210445312528165e+01,-3.178210445312528165e+01
-3.178210445312528165e+01,-3.178210445312528165e+01
-3.178210445312528165e+01,-3.178210445312528165e+01
-3.178210445312528165e+01,-3.178210445312528165e+01
-3.178210445312528165e+01,-3.178210445312528165e+01
-3.178210445312528165e+01,-3.178210445312528165e+01
-3.178210445312528165e+01,-3.178210445312528165e+01
-3.178210445312528165e+01,-3.178210445312528165e+01
-3.178210445312528165e+01,-3.178210445312528165e+01
-3.178210445312528165e+01,-3.178210445312528165e+01
-3.178210445312528165e+01,-3.178210445312528165e+01
-3.178210445312528165e+01,-3.178210445312528165e+01
-3.178210445312528165e+01,-3.178210445312528165e+01
-3.178210445312528165e+01,-3.178210445312528165e+01
-3.178210445312528165e+01,-3.178210445312528165e+01
-3.178210445312528165e+01,-3.178210445312528165e+01
-3.178210445312528165e+01,-3.178210445312528165e+01
-3.178210445312528165e+01,-3.178210445312528165e+01
-3.178210445312528165e+01,-3.178210445312528165e+01
-3.178210445312528165e+01,-3.178210445312528165e+01
-3.178210445312528165e+01,-3.178210445312528165e+01
-3.178210445312528165e+01,-3.178210445312528165e+01
-3.178210445312528165e+01,-3.178210445312528165e+01
-3.178210445312528165e+01,-3.178210445312528165e+01
-3.178210445312528165e+01,-3.178210445312528165e+01
-3.178210445312528165e+01,-3.178210445312528165e+01
-3.178210445312528165e+01,-3.178210445312528165e+01
-3.178210445312528165e+01,-3.178210445312528165e+01
-3.178210445312528165e+01,-3.178210445312528165e+01
-3.178210445312528165e+01,-3.178210445312528165e+01
-3.178210445312528165e+01,-3.178210445312528165e+01
-3.178210445312528165e+01,-3.178210445312528165e+01
-3.178210445312528165e+01,-3.178210445312528165e+01
-3.178210445312528165e+01,-3.178210445312528165e+01
-3.178210445312528165e+01,-3.178210445312528165e+01
-3.178210445312528165e+01,-3.178210445312528165e+01
-3.178210445312528165e+01,-3.178210445312528165e+01
-3.178210445312528165e+01,-3.178210445312528165e+01
-3.178210445312528165e+01,-3.178210445312528165e+01
-3.178210445312528165e+01,-3.178210445312528165e+01
-3.178210445312528165e+01,-3.178210445312528165e+01
-3.178210445312528165e+01,-3.178210445312528165e+01
-3.178210445312528165e+01,-3.178210445312528165e+01
2.516965859375001280e+00,3.534036171875001742e+00
2.516965859375001280e+00,3.534036171875001742e+00
2.516965859375001280e+00,3.534036171875001742e+00
2.516965859375001280e+00,3.534036171875001742e+00
2.516965859375001280e+00,3.534036171875001742e+00
2.516965859375001280e+00,3.534036171875001742e+00
2.516965859375001280e+00,3.534036171875001742e+00
2.516965859375001280e+00,3.534036171875001742e+00
2.516965859375001280e+00,3.534036171875001742e+00
2.516965859375001280e+00,3.534036171875001742e+00
2.516965859375001280e+00,3.534036171875001742e+00
2.516965859375001280e+00,3.534036171875001742e+00
2.516965859375001280e+00,3.534036171875001742e+00
2.516965859375001280e+00,3.534036171875001742e+00
2.516965859375001280e+00,3.534036171875001742e+00
2.516965859375001280e+00,3.534036171875001742e+00
2.516965859375001280e+00,3.534036171875001742e+00
2.516965859375001280e+00,3.534036171875001742e+00
2.516965859375001280e+00,3.534036171875001742e+00
2.516965859375001280e+00,3.534036171875001742e+00
2.516965859375001280e+00,3.534036171875001742e+00
2.516965859375001280e+00,3.534036171875001742e+00
2.516965859375001280e+00,3.534036171875001742e+00
2.516965859375001280e+00,3.534036171875001742e+00
2.516965859375001280e+00,3.534036171875001742e+00
2.516965859375001280e+00,3.534036171875001742e+00
2.747450234374998690e+00,3.534036171875001742e+00
2.747450234374998690e+00,3.534036171875001742e+00
2.747450234374998690e+00,3.534036171875001742e+00
2.747450234374998690e+00,3.534036171875001742e+00
2.747450234374998690e+00,3.534036171875001742e+00
2.747450234374998690e+00,3.534036171875001742e+00
2.747450234374998690e+00,3.534036171875001742e+00
2.747450234374998690e+00,3.534036171875001742e+00
2.747450234374998690e+00,3.534036171875001742e+00
2.747450234374998690e+00,3.534036171875001742e+00
2.747450234374998690e+00,3.534036171875001742e+00
2.747450234374998690e+00,3.534036171875001742e+00
2.747450234374998690e+00,3.534036171875001742e+00
-3.178210445312528165e+01,-3.178210445312528165e+01
-3.178210445312528165e+01,-3.178210445312528165e+01
-3.178210445312528165e+01,-3.178210445312528165e+01
-3.178210445312528165e+01,-3.178210445312528165e+01
-3.178210445312528165e+01,-3.178210445312528165e+01
-3.178210445312528165e+01,-3.178210445312528165e+01
-3.178210445312528165e+01,-3.178210445312528165e+01
-3.178210445312528165e+01,-3.178210445312528165e+01
-3.178210445312528165e+01,-3.178210445312528165e+01
-3.178210445312528165e+01,-3.178210445312528165e+01
-3.178210445312528165e+01,-3.178210445312528165e+01
-3.178210445312528165e+01,-3.178210445312528165e+01
-3.178210445312528165e+01,-3.178210445312528165e+01
-3.178210445312528165e+01,-3.178210445312528165e+01
-3.178210445312528165e+01,-3.178210445312528165e+01
-3.178210445312528165e+01,-3.178210445312528165e+01
-3.178210445312528165e+01,-3.178210445312528165e+01
-3.178210445312528165e+01,-3.178210445312528165e+01
-3.178210445312528165e+01,-3.178210445312528165e+01
-3.178210445312528165e+01,-3.178210445312528165e+01
-3.178210445312528165e+01,-3.178210445312528165e+01
-3.178210445312528165e+01,-3.178210445312528165e+01
-3.178210445312528165e+01,-3.178210445312528165e+01
-3.178210445312528165e+01,-3.178210445312528165e+01
-3.178210445312528165e+01,-3.178210445312528165e+01
-3.178210445312528165e+01,-3.178210445312528165e+01
-3.178210445312528165e+01,-3.178210445312528165e+01
-3.178210445312528165e+01,-3.178210445312528165e+01
-3.178210445312528165e+01,-3.178210445312528165e+01
-3.178210445312528165e+01,-3.178210445312528165e+01
-3.178210445312528165e+01,-6.394726070312527355e+01
-3.178210445312528165e+01,-6.394726070312527355e+01
-3.178210445312528165e+01,-6.394726070312527355e+01
-3.178210445312528165e+01,-6.394726070312527355e+01
-3.178210445312528165e+01,-6.394726070312527355e+01
-3.178210445312528165e+01,-6.394726070312527355e+01
3.006129921874999500e+00,5.261965859375001386e+00
3.006129921874999500e+00,5.261965859375001386e+00
3.006129921874999500e+00,5.261965859375001386e+00
3.006129921874999500e+00,5.261965859375001386e+00
3.006129921874999500e+00,5.261965859375001386e+00
3.268325234374997112e+00,5.261965859375001386e+00
3.268325234374997112e+00,5.261965859375001386e+00
3.268325234374997112e+00,5.261965859375001386e+00
3.268325234374997112e+00,5.261965859375001386e+00
3.268325234374997112e+00,5.261965859375001386e+00
3.268325234374997112e+00,5.261965859375001386e+00
3.268325234374997112e+00,5.261965859375001386e+00
3.268325234374997112e+00,5.261965859375001386e+00
3.268325234374997112e+00,5.261965859375001386e+00
3.268325234374997112e+00,5.261965859375001386e+00
3.268325234374997112e+00,5.261965859375001386e+00
3.268325234374997112e+00,5.261965859375001386e+00
3.268325234374997112e+00,5.261965859375001386e+00
3.268325234374997112e+00,5.261965859375001386e+00
3.534036171875001742e+00,5.261965859375001386e+00
3.534036171875001742e+00,5.261965859375001386e+00
3.534036171875001742e+00,5.261965859375001386e+00
3.534036171875001742e+00,5.261965859375001386e+00
3.534036171875001742e+00,5.261965859375001386e+00
3.534036171875001742e+00,5.261965859375001386e+00
3.534036171875001742e+00,5.261965859375001386e+00
3.534036171875001742e+00,5.261965859375001386e+00
3.303551796875004332e+00,5.261965859375001386e+00
3.303551796875004332e+00,5.261965859375001386e+00
3.303551796875004332e+00,5.261965859375001386e+00
3.303551796875004332e+00,5.261965859375001386e+00
3.303551796875004332e+00,5.261965859375001386e+00
3.303551796875004332e+00,5.555801796875001308e+00
-3.178210445312528165e+01,-6.394726070312527355e+01
-3.178210445312528165e+01,-6.394726070312527355e+01
-3.178210445312528165e+01,-6.394726070312527355e+01
-3.178210445312528165e+01,-6.394726070312527355e+01
-3.178210445312528165e+01,-6.394726070312527355e+01
-3.178210445312528165e+01,-6.394726070312527355e+01
-3.178210445312528165e+01,-6.394726070312527355e+01
-3.178210445312528165e+01,-6.394726070312527355e+01
-3.178210445312528165e+01,-6.394726070312527355e+01
-3.178210445312528165e+01,-6.394726070312527355e+01
-3.178210445312528165e+01,-6.394726070312527355e+01
-3.178210445312528165e+01,-6.394726070312527355e+01
-3.178210445312528165e+01,-6.394726070312527355e+01
-3.178210445312528165e+01,-6.394726070312527355e+01
-3.178210445312528165e+01,-6.394726070312527355e+01
-3.178210445312528165e+01,-6.394726070312527355e+01
-3.178210445312528165e+01,-6.394726070312527355e+01
-3.178210445312528165e+01,-6.394726070312527355e+01
-3.178210445312528165e+01,-6.394726070312527355e+01
-3.178210445312528165e+01,-6.394726070312527355e+01
-3.178210445312528165e+01,-6.394726070312527355e+01
-3.178210445312528165e+01,-6.394726070312527355e+01
-3.178210445312528165e+01,-6.394726070312527355e+01
-3.178210445312528165e+01,-6.394726070312527355e+01
-3.178210445312528165e+01,-6.394726070312527355e+01
-3.178210445312528165e+01,-3.136515624999999474e+01
-3.178210445312528165e+01,-3.136515624999999474e+01
-3.178210445312528165e+01,-3.136515624999999474e+01
-3.178210445312528165e+01,-3.136515624999999474e+01
-3.178210445312528165e+01,-3.136515624999999474e+01
4.401551796875002864e+00,4.437054687500001648e+00
5.261965859375001386e+00,4.437054687500001648e+00
5.261965859375001386e+00,4.437054687500001648e+00
5.261965859375001386e+00,4.437054687500001648e+00
5.261965859375001386e+00,5.675679687499997073e+00
5.261965859375001386e+00,5.675679687499997073e+00
5.261965859375001386e+00,5.675679687499997073e+00
5.261965859375001386e+00,5.675679687499997073e+00
5.261965859375001386e+00,5.675679687499997073e+00
5.261965859375001386e+00,5.675679687499997073e+00
5.261965859375001386e+00,5.675679687499997073e+00
5.261965859375001386e+00,5.675679687499997073e+00
5.261965859375001386e+00,5.675679687499997073e+00
5.261965859375001386e+00,5.675679687499997073e+00
5.261965859375001386e+00,5.675679687499997073e+00
4.304872109375001976e+00,5.675679687499997073e+00
4.304872109375001976e+00,5.675679687499997073e+00
4.304872109375001976e+00,6.648107890625003513e+00
4.304872109375001976e+00,6.648107890625003513e+00
4.304872109375001976e+00,6.648107890625003513e+00
4.304872109375001976e+00,6.648107890625003513e+00
4.304872109375001976e+00,6.648107890625003513e+00
4.304872109375001976e+00,6.648107890625003513e+00
4.304872109375001976e+00,6.648107890625003513e+00
4.304872109375001976e+00,6.648107890625003513e+00
4.304872109375001976e+00,6.648107890625003513e+00
4.304872109375001976e+00,6.648107890625003513e+00
4.598708046875001898e+00,6.389428203125002703e+00
-6.394726070312527355e+01,-6.324202492187522040e+01
-6.394726070312527355e+01,-6.324202492187522040e+01
-6.394726070312527355e+01,-6.324202492187522040e+01
-6.394726070312527355e+01,-6.324202492187522040e+01
-6.394726070312527355e+01,-6.324202492187522040e+01
-6.394726070312527355e+01,-6.324202492187522040e+01
-6.394726070312527355e+01,-6.324202492187522040e+01
-6.394726070312527355e+01,-6.324202492187522040e+01
-3.136515624999999474e+01,-6.324202492187522040e+01
-3.136515624999999474e+01,-6.324202492187522040e+01
-3.136515624999999474e+01,-6.324202492187522040e+01
-3.136515624999999474e+01,-6.324202492187522040e+01
-3.136515624999999474e+01,-6.324202492187522040e+01
-3.136515624999999474e+01,-6.324202492187522040e+01
-3.136515624999999474e+01,-6.324202492187522040e+01
-3.136515624999999474e+01,-6.324202492187522040e+01
-3.136515624999999474e+01,-6.324202492187522040e+01
-3.136515624999999474e+01,-6.324202492187522040e+01
-3.136515624999999474e+01,-6.324202492187522040e+01
-3.136515624999999474e+01,-6.324202492187522040e+01
-3.136515624999999474e+01,-6.324202492187522040e+01
-3.136515624999999474e+01,-6.324202492187522040e+01
-3.136515624999999474e+01,-6.324202492187522040e+01
-3.136515624999999474e+01,-6.324202492187522040e+01
-3.136515624999999474e+01,-6.324202492187522040e+01
-3.136515624999999474e+01,-6.324202492187522040e+01
5.675679687499997073e+00,6.859256328124995861e+00
5.675679687499997073e+00,5.761256328124996884e+00
5.675679687499997073e+00,5.761256328124996884e+00
5.675679687499997073e+00,5.761256328124996884e+00
5.675679687499997073e+00,5.761256328124996884e+00
5.675679687499997073e+00,5.761256328124996884e+00
5.675679687499997073e+00,7.140787578125000756e+00
5.675679687499997073e+00,7.140787578125000756e+00
5.675679687499997073e+00,7.140787578125000756e+00
6.389428203125002703e+00,7.140787578125000756e+00
6.389428203125002703e+00,7.140787578125000756e+00
6.389428203125002703e+00,7.140787578125000756e+00
6.389428203125002703e+00,6.280373515625001346e+00
6.389428203125002703e+00,6.280373515625001346e+00
6.389428203125002703e+00,6.280373515625001346e+00
6.127232890625005091e+00,7.351936015625000209e+00
6.127232890625005091e+00,7.351936015625000209e+00
6.127232890625005091e+00,7.351936015625000209e+00
6.127232890625005091e+00,7.351936015625000209e+00
6.127232890625005091e+00,7.351936015625000209e+00
6.127232890625005091e+00,7.351936015625000209e+00
5.861521953125001794e+00,7.351936015625000209e+00
5.861521953125001794e+00,7.351936015625000209e+00
5.861521953125001794e+00,7.351936015625000209e+00
5.861521953125001794e+00,7.351936015625000209e+00
-6.324202492187522040e+01,-6.253819679687479294e+01
-6.324202492187522040e+01,-6.253819679687479294e+01
-6.324202492187522040e+01,-6.253819679687479294e+01
-6.324202492187522040e+01,-6.253819679687479294e+01
-6.324202492187522040e+01,-6.253819679687479294e+01
-6.324202492187522040e+01,-6.253819679687479294e+01
-6.324202492187522040e+01,-6.253819679687479294e+01
-6.324202492187522040e+01,-6.253819679687479294e+01
-6.324202492187522040e+01,-6.253819679687479294e+01
-6.324202492187522040e+01,-6.253819679687479294e+01
-6.324202492187522040e+01,-6.253819679687479294e+01
-6.324202492187522040e+01,-6.253819679687479294e+01
-6.324202492187522040e+01,-6.253819679687479294e+01
-6.324202492187522040e+01,-6.253819679687479294e+01
-6.324202492187522040e+01,-6.253819679687479294e+01
-6.324202492187522040e+01,-6.253819679687479294e+01
-6.324202492187522040e+01,-6.253819679687479294e+01
-6.324202492187522040e+01,-6.253819679687479294e+01
-3.107686867187522850e+01,-6.253819679687479294e+01
-3.107686867187522850e+01,-6.253819679687479294e+01
-3.107686867187522850e+01,-6.253819679687479294e+01
-3.107686867187522850e+01,-6.253819679687479294e+01
-3.107686867187522850e+01,-6.253819679687479294e+01
6.280373515625001346e+00,7.844615703125003670e+00
6.280373515625001346e+00,7.844615703125003670e+00
7.351936015625000209e+00,7.844615703125003670e+00
7.351936015625000209e+00,7.844615703125003670e+00
7.351936015625000209e+00,7.844615703125003670e+00
7.351936015625000209e+00,7.844615703125003670e+00
7.351936015625000209e+00,9.029600000000003845e+00
7.351936015625000209e+00,8.057171796874996517e+00
7.351936015625000209e+00,8.057171796874996517e+00
7.351936015625000209e+00,8.057171796874996517e+00
7.351936015625000209e+00,8.057171796874996517e+00
7.058100078125000287e+00,8.057171796874996517e+00
7.058100078125000287e+00,8.057171796874996517e+00
7.058100078125000287e+00,8.057171796874996517e+00
6.760748515624999122e+00,8.057171796874996517e+00
7.124967265624999158e+00,8.057171796874996517e+00
7.124967265624999158e+00,8.057171796874996517e+00
7.124967265624999158e+00,8.057171796874996517e+00
7.191834453124996251e+00,8.456617109375002883e+00
7.191834453124996251e+00,8.127554609375007288e+00
7.191834453124996251e+00,8.127554609375007288e+00
7.191834453124996251e+00,8.530515546875001576e+00
7.563084453125001438e+00,8.530515546875001576e+00
-6.253819679687479294e+01,-6.183296101562473979e+01
-6.253819679687479294e+01,-6.183296101562473979e+01
-6.253819679687479294e+01,-6.183296101562473979e+01
-6.253819679687479294e+01,-6.183296101562473979e+01
-6.253819679687479294e+01,-6.183296101562473979e+01
