-2.357647973181142831e+00,-8.022891429408425257e-01
-2.335913484070739621e+00,-7.801106185533339676e-01
-2.309396482775609272e+00,-7.542488697561051669e-01
-2.283918497723664842e+00,-7.284676344749818622e-01
-2.258861178250160862e+00,-7.027937842005553826e-01
-2.233059044663549209e+00,-6.772561510171064558e-01
-2.207965801285848961e+00,-6.518270485625394794e-01
-2.183008612512588265e+00,-6.265128832751707399e-01
-2.158151853091145433e+00,-6.012860293797783751e-01
-2.133933931427672626e+00,-5.762670971611230097e-01
-2.109187716387750378e+00,-5.513331756819384033e-01
-2.083573858632262521e+00,-5.264705180369211313e-01
-2.059844357060806708e+00,-5.017591443740490043e-01
-2.035798371001712681e+00,-4.772235704341662998e-01
-2.011606017483242859e+00,-4.528043078562429269e-01
-1.987583378592083116e+00,-4.284263791452862513e-01
-1.962841162031945919e+00,-4.042598725386121750e-01
-1.939697951956504296e+00,-3.801605672712198292e-01
-1.915817817616008556e+00,-3.561413870634191348e-01
-1.892593741766016135e+00,-3.323012475063851223e-01
-1.869106980174076282e+00,-3.085914471341359988e-01
-1.845909930792735798e+00,-2.849060714993441046e-01
-1.822428708970549094e+00,-2.614840112688021634e-01
-1.798536097329638705e+00,-2.381060803111088031e-01
-1.776486981062544990e+00,-2.148298782591282485e-01
-1.753114711547017590e+00,-1.916915533010413730e-01
-1.730296386895341376e+00,-1.686776372499322330e-01
-1.706505717102897668e+00,-1.457651442662634134e-01
-1.685679942012422883e+00,-1.229706818795779366e-01
-1.661705910751536619e+00,-1.002922072529836006e-01
-1.640666975188752152e+00,-7.772072153338294154e-02
-1.618931253648105306e+00,-5.528217480033448261e-02
-1.596808249703873139e+00,-3.294696825116294470e-02
-1.574876339575170148e+00,-1.072860492018890000e-02
-1.555622670348832282e+00,1.137782883519555810e-02
-1.531363166697149447e+00,3.336994598195341943e-02
-1.509807863991065036e+00,5.525049131614290232e-02
-1.488351678061027306e+00,7.701981407938940372e-02
-1.467133145179644993e+00,9.867615502688731333e-02
-1.445776644814743106e+00,1.202223664351603771e-01
-1.424986610754092498e+00,1.417004133191800408e-01
-1.403706454320196473e+00,1.629792612537921404e-01
-1.382796037239446774e+00,1.841964246063809707e-01
-1.362009091482731415e+00,2.052820558985214427e-01
-1.341058662408023627e+00,2.262957186419658484e-01
-1.320477572148039291e+00,2.471504929726953126e-01
-1.300167262188896666e+00,2.679367840267417034e-01
-1.279597010568051862e+00,2.886133347474029165e-01
-1.259348536471055491e+00,3.091263718555386508e-01
-1.239218167746059196e+00,3.296193270302130163e-01
-1.219412717819380765e+00,3.499721419541970135e-01
-1.199516803436158296e+00,3.701792594892879262e-01
-1.179058272900839199e+00,3.903244077896803055e-01
-1.159608151806303722e+00,4.103215248656952863e-01
-1.139951134916902920e+00,4.302640932203765090e-01
-1.120417379524881296e+00,4.500856134828091770e-01
-1.101096948432878309e+00,4.697985974377483775e-01
-1.081769849180427290e+00,4.893756648516630614e-01
-1.062508013366567639e+00,5.088850001988580729e-01
-1.043412991193915174e+00,5.282694184641312241e-01
-1.024309952084826225e+00,5.475684545464707398e-01
-1.005385732963255396e+00,5.667597941043648335e-01
-9.859318716825284934e-01,5.859241013807028331e-01
-9.729110354144083761e-01,6.047629592467677062e-01
-9.493497504481340776e-01,6.236493491890703345e-01
-9.313086310378719812e-01,6.424401850237192457e-01
-9.124914324844539681e-01,6.611172164762965098e-01
-8.940070233510426512e-01,6.797004093968671556e-01
-8.756555636854799207e-01,6.981941304269039250e-01
-8.579375088237970459e-01,7.166012535911797654e-01
-8.397736691171466816e-01,7.347911793112636980e-01
-8.220085287171696731e-01,7.529522444784350066e-01
-8.042326839804165850e-01,7.710429275735852794e-01
-7.865378174820318868e-01,7.890227422020467118e-01
-7.688981416711362371e-01,8.068697892686430562e-01
-7.513585332759926683e-01,8.246352735818286428e-01
-7.339585226960845254e-01,8.402972534702490837e-01
-7.167107650221353765e-01,8.598887645990720419e-01
-6.994709663848337478e-01,8.773811329952039273e-01
-6.823240116600590710e-01,8.948226333425779444e-01
-6.651192785209090186e-01,9.120391326080371508e-01
-6.484013405627635507e-01,9.292337565914451369e-01
-6.315855645520127570e-01,9.462845858269585131e-01
-6.148365540106068838e-01,9.633063177760808893e-01
-5.980994008239102211e-01,9.802086827754949994e-01
-5.816300122896866931e-01,9.970178916193179752e-01
-5.652081097310142077e-01,1.013620550662480913e+00
-5.488766475830011426e-01,1.030266533387006245e+00
-5.325407508199517803e-01,1.046856109300140281e+00
-5.163864491372167631e-01,1.063253312003608508e+00
-5.003072340786702821e-01,1.079600300294069060e+00
-4.843251879580492414e-01,1.095814000579354186e+00
-4.684280544966696880e-01,1.111900430676695528e+00
-4.526211001992936911e-01,1.128002385723321233e+00
-4.368901029924077140e-01,1.143995999627150484e+00
-4.213118130545143725e-01,1.159831944493064260e+00
-4.057624234766605831e-01,1.175556403011913664e+00
-3.903495613990557445e-01,1.191271744297001334e+00
-3.749569047341374528e-01,1.206865855312920566e+00
-3.597469120712268875e-01,1.222344969692635175e+00
-3.445378469575135494e-01,1.237741731059183836e+00
-3.295015926738060763e-01,1.253063041197099547e+00
-3.144935812197497960e-01,1.268344240501611875e+00
-2.996865758886255726e-01,1.283412166730689030e+00
-2.848101182141742349e-01,1.298469230373943128e+00
-2.700922764205606619e-01,1.313401768290664906e+00
-2.554610610253349456e-01,1.328149395088541240e+00
-2.409145542914250537e-01,1.342983756680807605e+00
-2.264569495958683731e-01,1.357720408627354214e+00
-2.120400144785441476e-01,1.372266321915875498e+00
-1.978093401469080970e-01,1.386811837091524335e+00
-1.836252350393617894e-01,1.401232433123396071e+00
-1.695181700752199649e-01,1.415568001274041476e+00
-1.554954406604552863e-01,1.429801618827948761e+00
-1.415604507002914403e-01,1.443941329505890936e+00
-1.277175149818654543e-01,1.458022636766568514e+00
-1.139509826018205718e-01,1.472005536798812741e+00
-1.002736402808942495e-01,1.485884524991075706e+00
-8.667515988486196310e-02,1.499687845141773224e+00
-7.316872123850437504e-02,1.513420203845153189e+00
-5.974878520018012118e-02,1.527053047635292593e+00
-4.640420113896970289e-02,1.540597952180721819e+00
-3.315543147100397103e-02,1.554051848065382879e+00
-1.998275886576039717e-02,1.567435448182734170e+00
-6.896416685366779653e-03,1.580726019181961206e+00
6.106058468252517635e-03,1.593909434688226101e+00
1.902744676665701906e-02,1.607050001889752666e+00
3.186375888610704088e-02,1.620085855681669518e+00
4.461775485592367474e-02,1.633035579823015171e+00
5.729049711667522082e-02,1.645883397911551249e+00
6.991932404237666265e-02,1.658689254493795451e+00
8.239240048334106614e-02,1.671386932170641160e+00
9.481902058252833498e-02,1.684002892126334139e+00
1.071272764570768699e-01,1.696538153338769339e+00
1.194173390420077974e-01,1.708986016807938713e+00
1.315996273342544542e-01,1.721354405507800500e+00
1.436940270023141508e-01,1.733630191918340557e+00
1.557145980304437405e-01,1.745836531049575813e+00
1.676618595403915890e-01,1.757964942835466005e+00
1.795236529953738724e-01,1.769990055021294584e+00
1.913123930274295281e-01,1.781954689772839107e+00
2.029874341235118340e-01,1.793833082027393111e+00
2.146010759377514621e-01,1.805631076958843950e+00
2.261684382356972112e-01,1.817342649814713829e+00
2.376258122878843748e-01,1.828956714089486013e+00
2.489884737373853074e-01,1.840517251773718943e+00
2.602748440382935957e-01,1.851774819527964855e+00
2.714965423670611111e-01,1.863365321522403306e+00
2.826313269700355679e-01,1.874640675155877290e+00
2.937203170879527647e-01,1.885896551883246453e+00
3.047064982499204655e-01,1.897036124597993201e+00
3.155851902480993343e-01,1.908096281910904413e+00
3.264429651467772309e-01,1.919090047274543798e+00
3.371501003267452501e-01,1.930016266498177036e+00
3.478560355318360831e-01,1.941239225473488261e+00
3.584632779739125863e-01,1.951471781662353466e+00
3.689725385203211916e-01,1.962285709314551596e+00
3.794426178711710063e-01,1.972833474589374081e+00
3.897544946671250843e-01,1.983402031869007764e+00
4.001050314998759738e-01,1.993651374141291344e+00
4.102778282201893223e-01,2.004066566480926070e+00
4.203864156625178872e-01,2.014401856381158318e+00
4.304809341321109706e-01,2.024624050987705814e+00
4.404379345163009218e-01,2.034749809332603299e+00
4.503895863582012549e-01,2.044818388588164559e+00
4.601709085911399599e-01,2.054714310780308750e+00
4.699751423002500039e-01,2.064577412868564998e+00
4.796257084999700493e-01,2.074331491345767109e+00
4.892527217361112846e-01,2.084094193259981243e+00
4.986017350832897543e-01,2.093776665653560798e+00
5.081786851396321580e-01,2.103436711217852917e+00
5.175937327583872705e-01,2.112959387899883801e+00
5.268704476549885829e-01,2.122298463658792045e+00
5.361076625228284875e-01,2.131634790592515927e+00
5.452392692312959532e-01,2.140919334065680246e+00
5.546868183602637892e-01,2.150068324090011807e+00
5.632828536458036606e-01,2.159298035891998868e+00
5.722432720113419524e-01,2.171198536869201057e+00
5.810899086019258863e-01,2.177092892211740960e+00
5.895424800145313560e-01,2.185702079788092167e+00
5.985897222934647433e-01,2.194871258437876893e+00
6.071879600823213430e-01,2.203181948644620469e+00
6.157634404745517820e-01,2.212262938779969268e+00
6.242527013227515686e-01,2.220914805991059282e+00
6.326563969939573706e-01,2.229489447183810036e+00
6.409875319900734114e-01,2.237839546291594317e+00
6.492689934062250146e-01,2.246283119835909226e+00
6.574435402564269282e-01,2.254494103860269938e+00
6.655521540940316783e-01,2.262696591871193874e+00
6.735890348047526288e-01,2.270824735848140818e+00
6.815813235659580194e-01,2.278848833205332269e+00
6.894667607186287794e-01,2.286846637407372818e+00
6.973092419530878550e-01,2.294751457640387571e+00
7.048554870057623933e-01,2.302588781666875306e+00
7.130289026362036653e-01,2.310678465300830098e+00
7.203880924901222560e-01,2.317987413801488650e+00
7.278660351191525990e-01,2.325691907862188934e+00
7.352970831692718923e-01,2.333195752032995784e+00
7.427184648518331267e-01,2.340743427994115500e+00
7.500280669255980914e-01,2.348072879955680037e+00
7.572718459939672409e-01,2.355265291093266988e+00
7.644580530502820270e-01,2.362519691952742917e+00
7.715602097937617199e-01,2.369703893585704879e+00
7.785736059820935751e-01,2.376878157140774661e+00
7.869033698370997421e-01,2.383911993214317349e+00
7.923967819537681700e-01,2.392395235641045836e+00
7.993865574069929369e-01,2.397701194438258021e+00
8.060269762181939690e-01,2.404535706848990984e+00
8.128408360027711277e-01,2.411289851289912356e+00
8.192574154709273415e-01,2.417909504430350243e+00
8.257936073308391745e-01,2.424480710136328376e+00
8.321984019799512078e-01,2.431270561008585851e+00
8.386389428042863026e-01,2.437457788869854980e+00
8.449545719174343938e-01,2.443400036074208970e+00
8.511490603633780072e-01,2.450137577387796028e+00
8.573898642727666441e-01,2.456115975771979709e+00
8.634730273916595422e-01,2.462494893257098916e+00
8.695040053586308160e-01,2.468551201131108819e+00
8.754931542775958864e-01,2.474602464361915111e+00
8.813608582059857532e-01,2.480520778386779313e+00
8.871896524543766427e-01,2.486502637557276962e+00
8.930084742639133877e-01,2.492288388480945471e+00
8.986452827559768819e-01,2.498004811561247429e+00
9.042392391969658050e-01,2.503642278791162745e+00
9.097816713992701310e-01,2.509389254114446466e+00
9.152752525948697482e-01,2.514713798609467421e+00
9.208706471513435909e-01,2.520202165869328326e+00
9.260120419114725721e-01,2.525574309412455865e+00
9.312601252582339839e-01,2.530785204188880755e+00
9.363639034481501255e-01,2.536050549407923071e+00
9.415946774233097116e-01,2.541116290540657907e+00
9.466785945253191059e-01,2.546211496984012612e+00
9.516256989196479887e-01,2.551230132356899993e+00
9.565350813252779805e-01,2.556164562425424780e+00
9.614284703468630733e-01,2.561135700973679263e+00
9.661936908021497850e-01,2.565981347779308308e+00
9.708949937319334422e-01,2.570584176901457241e+00
9.755539476532132381e-01,2.575358313210108996e+00
9.802641714409340290e-01,2.579903716720458817e+00
9.846163933954801273e-01,2.584106620925811004e+00
9.890712722834886783e-01,2.588786446048191969e+00
9.934339891587141702e-01,2.593201225433981350e+00
9.977514048369816591e-01,2.597431305674680502e+00
1.001979004081375413e+00,2.601775111491791748e+00
1.006333433418507894e+00,2.606057461253859842e+00
1.010278109251485645e+00,2.610180516167928566e+00
1.014291850699678310e+00,2.614013254125149732e+00
1.018267362962913980e+00,2.618056458284814703e+00
1.022136975528156189e+00,2.622332720940247164e+00
1.025984244866746664e+00,2.626333488872870880e+00
1.029733432571024343e+00,2.629679143650915485e+00
1.033433851277160143e+00,2.633371266313313086e+00
1.037063116194076651e+00,2.637071209714854092e+00
1.040665010766985477e+00,2.640656569183625457e+00
1.044102698176384569e+00,2.644244802986776222e+00
1.047500732253161537e+00,2.647486412114370413e+00
1.050941925925791942e+00,2.650840964448546444e+00
1.053157865392413628e+00,2.654225076940297967e+00
1.057464458221312187e+00,2.657482064692882950e+00
1.060619273320736244e+00,2.660510730866137763e+00
1.063704654509993519e+00,2.663814189697154333e+00
1.066777387895107454e+00,2.666885283170590260e+00
1.069749449344559622e+00,2.670209076999241482e+00
1.072636908935260980e+00,2.672773002605775439e+00
1.075484956428938155e+00,2.675230971629105614e+00
1.078263431689873819e+00,2.678102883667861978e+00
1.080993997636315207e+00,2.681002126752350279e+00
1.083621437036956570e+00,2.683109879363243966e+00
1.086195865998919707e+00,2.686270853785742929e+00
1.088711404085199064e+00,2.688616121728888420e+00
1.091180714931536455e+00,2.691085566998017597e+00
1.093489752374200430e+00,2.693595124524327034e+00
1.095899034299125496e+00,2.696044801271340496e+00
1.098145095943238836e+00,2.698141607932694974e+00
1.100350348399736777e+00,2.700297976200363159e+00
1.102481893666634960e+00,2.702408907291293794e+00
1.104553233397814749e+00,2.704458118440683734e+00
1.106576628365538051e+00,2.706480700628479674e+00
1.108544120401739441e+00,2.708424145142251493e+00
1.110420961867348622e+00,2.710320937298650534e+00
1.112230444922990280e+00,2.712147116915611278e+00
1.114009314141606310e+00,2.713831175337083401e+00
1.115709869174597912e+00,2.715759090307238388e+00
1.117390488878490240e+00,2.717312837669879855e+00
1.118932899878962051e+00,2.718866135487963298e+00
1.120442897256092474e+00,2.720314156934240835e+00
1.121917991837060535e+00,2.721920529469442407e+00
1.123298915779997742e+00,2.730210018862790466e+00
1.124643292283629581e+00,2.724420310501671771e+00
1.125930575766957098e+00,2.726434175709255392e+00
1.127149210154049008e+00,2.732348785348687414e+00
1.128010815169809833e+00,2.728025370562420449e+00
1.129378077045880335e+00,2.729242381598718126e+00
1.130516479189708434e+00,2.730279784541548516e+00
1.131409995281483338e+00,2.731371687238694612e+00
1.132348674111276710e+00,2.732221671739771374e+00
1.133237630237208027e+00,2.733029485944598491e+00
1.134046106920459929e+00,2.733582149017604213e+00
1.134774088180848572e+00,2.734567731195542528e+00
1.135470543487651307e+00,2.735253788934056018e+00
1.136132723347472950e+00,2.735968314376616917e+00
1.136697363452808140e+00,2.736477994489404431e+00
1.137235844123752670e+00,2.736979058133630183e+00
1.137678979680257996e+00,2.737542054417149373e+00
1.138124279091769608e+00,2.737913343965460378e+00
1.138457293868840425e+00,2.738223864952312070e+00
1.138790220975530509e+00,2.738622792012745055e+00
1.139030627473585744e+00,2.738677509837379009e+00
1.139202327152047056e+00,2.738768042141325409e+00
1.139343662761922449e+00,2.739424890110293553e+00
1.139451469458686583e+00,2.739375259062436285e+00
1.139496574155790309e+00,2.739132957032915705e+00
1.139507408969641977e+00,2.739072223115199378e+00
1.139380477276448866e+00,2.739178315059743074e+00
1.139202104443942432e+00,2.739094206502230122e+00
1.139083874739031721e+00,2.738840477815797314e+00
1.138873064055368589e+00,2.738665436107485363e+00
1.138628737080294329e+00,2.738368561895458075e+00
1.138262218087473077e+00,2.738096652617264759e+00
1.137895011712145577e+00,2.737477914097509846e+00
1.137454704737582034e+00,2.737108000203011926e+00
1.137005470907350047e+00,2.736793467576359440e+00
1.136480372884860257e+00,2.736830985571099717e+00
1.135890416649916412e+00,2.735649820009361299e+00
1.135239044288403054e+00,2.726299889882909611e+00
1.134574329986877572e+00,2.734486653034533976e+00
1.133853157128230649e+00,2.733615062364382453e+00
1.133155047929576442e+00,2.732777574765270945e+00
1.132358000045499580e+00,2.732035635743069513e+00
1.131442300136704882e+00,2.731275353965830988e+00
1.130522044595778874e+00,2.730259223407178304e+00
1.129563739393062871e+00,2.729345240224573921e+00
1.128655117651927497e+00,2.728290285931171510e+00
1.127559296343523032e+00,2.727389918339071961e+00
1.126466514130669339e+00,2.726306507520135369e+00
1.125352018908538421e+00,2.724897198376130980e+00
1.124199212269335835e+00,2.723937066145914798e+00
1.122970608835053508e+00,2.722751638277144171e+00
1.121699228657401237e+00,2.721508379257097765e+00
1.120427799584610584e+00,2.720057810691363542e+00
1.119090327449052458e+00,2.718966563197827924e+00
1.117712002768378454e+00,2.717346490449779939e+00
1.116310082894472533e+00,2.716227088959277669e+00
1.114845050138899119e+00,2.714479895484753769e+00
1.113341466531445390e+00,2.713143306226248441e+00
1.111809802992823171e+00,2.711542718682062869e+00
1.110243568863383157e+00,2.709976231261735258e+00
1.108645604261697448e+00,2.708585219786415976e+00
1.107007429317881542e+00,2.706524884608835002e+00
1.105308737660950280e+00,2.705087925861525910e+00
1.103580117417455542e+00,2.703288468735650873e+00
1.101865083162631986e+00,2.701920152697783628e+00
1.100031089512075511e+00,2.699765856673594033e+00
1.098235797090885146e+00,2.698023751304249096e+00
1.096362030294343759e+00,2.696226072738265422e+00
1.094473279946306610e+00,2.693857967791294161e+00
1.092559455159594961e+00,2.692706929287917550e+00
1.090754712929272952e+00,2.690459223850159010e+00
1.088593095360432805e+00,2.688506373020994378e+00
1.086674277842228697e+00,2.686098489411391732e+00
1.084562605642879651e+00,2.684307635412655380e+00
1.082473764739738664e+00,2.681061942023159617e+00
1.080415976667991274e+00,2.680278577685402119e+00
1.078223120464285589e+00,2.677988673535788511e+00
1.076053910368006461e+00,2.675512155160649108e+00
1.073879517728185684e+00,2.675363188812521997e+00
1.071650315594215197e+00,2.671527488155851948e+00
1.069432056125182884e+00,2.669091881982071257e+00
1.067097551900429764e+00,2.666798479044421910e+00
1.064832316970743875e+00,2.662716460987854195e+00
1.062578310489624034e+00,2.662309473585869668e+00
1.060175523493694039e+00,2.659999871812892103e+00
1.057828019660757901e+00,2.657531207899175740e+00
1.055418790188329181e+00,2.655131631875950582e+00
1.053014383087161221e+00,2.653022503364458551e+00
1.050553035692048276e+00,2.650546415443900461e+00
1.048101428972557203e+00,2.648134844687116463e+00
1.045644889178213299e+00,2.645515039126563384e+00
1.043150170878589522e+00,2.643120508559273496e+00
1.040705549769092464e+00,2.640568614085549548e+00
1.038373790253451112e+00,2.638106358207775948e+00
1.035580624570743069e+00,2.635401062759861635e+00
1.033622877732173873e+00,2.632914319951326299e+00
1.030403070455490067e+00,2.630395625530692172e+00
1.027786322438324129e+00,2.627832506807142643e+00
1.025596569662768465e+00,2.625263875234391087e+00
1.022555907504847816e+00,2.622543081316216274e+00
1.019953354114053745e+00,2.619881639405325036e+00
1.017363604103075359e+00,2.616687466856959965e+00
1.014628624594578810e+00,2.614568961159293270e+00
1.011937540071171426e+00,2.611930462007386655e+00
1.009265331228363483e+00,2.609291126411362960e+00
1.006568350470914863e+00,2.606503825485236625e+00
1.003840076396354419e+00,2.603820491336816367e+00
1.002266131257467219e+00,2.601036616437533144e+00
9.983910460827116751e-01,2.598380069617379107e+00
9.956832040146862406e-01,2.595653060135988177e+00
9.931121152918622741e-01,2.592931796554047708e+00
9.901918509724227935e-01,2.590226067725517112e+00
9.874591272644244189e-01,2.587476352819421344e+00
9.847167273737884585e-01,2.584738080665626825e+00
9.819956521805679461e-01,2.581444809026294696e+00
9.792696089804545645e-01,2.579262299265050018e+00
9.765825124100614429e-01,2.576567927407378722e+00
9.739369032841216356e-01,2.573971261025430834e+00
9.712977113939141871e-01,2.571461471448940550e+00
9.687220589267488968e-01,2.568399295843157404e+00
9.660897965248136376e-01,2.566129068536940672e+00
9.635211415892929177e-01,2.563416601041249354e+00
9.609980651104266247e-01,2.561028416663703844e+00
9.584695024804239516e-01,2.558617537052626734e+00
9.559920077351021783e-01,2.555916489144944848e+00
9.534992485546986973e-01,2.553329611964051615e+00
9.510862792042849012e-01,2.550430037794705118e+00
9.486784370066279060e-01,2.548664469159126256e+00
9.463071821230042424e-01,2.546191606016679820e+00
9.439449583319506898e-01,2.542675675304420402e+00
9.416503022104170118e-01,2.541509669187441478e+00
9.392976986687140428e-01,2.539137869155299043e+00
9.370318801965216160e-01,2.536916114202402817e+00
9.347094581474486574e-01,2.534734624093611721e+00
9.325749746527134398e-01,2.533803542898065864e+00
9.302207848613370800e-01,2.530181934258882492e+00
9.281492312819816792e-01,2.528071979462904295e+00
9.260374650151064202e-01,2.525628924596534208e+00
9.238791585340273560e-01,2.523637865179396478e+00
9.217911656930285469e-01,2.521435076833787647e+00
9.197288832562375838e-01,2.519386142001667217e+00
9.176528574680875572e-01,2.517084094092706614e+00
9.156830554159324231e-01,2.515359132058833325e+00
9.136431746480065952e-01,2.513336058971437303e+00
9.117575386798506543e-01,2.511254468720173438e+00
9.097700716503696050e-01,2.509450988322074139e+00
9.078771001538838981e-01,2.507427598582355532e+00
9.059937006154701322e-01,2.505516566283478852e+00
9.041401275428114781e-01,2.503343747939836383e+00
9.023035637984897495e-01,2.501802773031636562e+00
9.004844744105281462e-01,2.499953647546202085e+00
8.987343287573557049e-01,2.498180984442285535e+00
8.970134201166015675e-01,2.496336335986859112e+00
8.954245271098160153e-01,2.494635105336480585e+00
8.935943003451957134e-01,2.492994271113456950e+00
8.919513629795745580e-01,2.490717548523425862e+00
8.903392122563085209e-01,2.489637753565518530e+00
8.885410562371887089e-01,2.488066567826038522e+00
8.871452117739082599e-01,2.486339418443714422e+00
8.855697891067179084e-01,2.485118065220278893e+00
8.840825852866285306e-01,2.483388792732139194e+00
8.825928956074027276e-01,2.481248998968657027e+00
8.811353443836447141e-01,2.480201301432164662e+00
8.795769596363254283e-01,2.478705985407616996e+00
8.783281698521447911e-01,2.477612623216351118e+00
8.769537426145762593e-01,2.475949960028080099e+00
8.756051468904447743e-01,2.474422904702985537e+00
8.743129530184831077e-01,2.473304984684117080e+00
8.730180576000817760e-01,2.471897804602569693e+00
8.717573732618086879e-01,2.470575685642790731e+00
8.705629835407426853e-01,2.469352263242230450e+00
8.693609390088972155e-01,2.468145503312165978e+00
8.681544026225685995e-01,2.466947068921728992e+00
8.670957851342830924e-01,2.465674739774475377e+00
8.659513262039855164e-01,2.464876700134785992e+00
8.649086228517207653e-01,2.463463432180438950e+00
8.638574864232273498e-01,2.462351282161842292e+00
8.628585566725264222e-01,2.461247501438036611e+00
8.618804794547263448e-01,2.460349541608187085e+00
8.609374811552218398e-01,2.459673691439599796e+00
8.599750961751490008e-01,2.458379758829911665e+00
8.590999598117465830e-01,2.457460849365900035e+00
8.582736193479553188e-01,2.456539467413340283e+00
8.574254796041782534e-01,2.456491349878544561e+00
8.566857629840142208e-01,2.454954185217914642e+00
8.558676769870173784e-01,2.453989827427245807e+00
8.551383916512173000e-01,2.453275322463828623e+00
8.544817015684720296e-01,2.452431615881145888e+00
8.538037795248073492e-01,2.451796227966400288e+00
8.530574788557118149e-01,2.450377051271241058e+00
8.524526165496892904e-01,2.450453175385524762e+00
8.520006564308051367e-01,2.449550134893554887e+00
8.514377366720387030e-01,2.449215402792646046e+00
8.509013682589281480e-01,2.448536673307682321e+00
8.504716732340211749e-01,2.448126017943238253e+00
8.500025928349119742e-01,2.447662183397667945e+00
8.496021691044900459e-01,2.447547240786669853e+00
8.492251286387717535e-01,2.446685755093539250e+00
8.488883967588333190e-01,2.446812927212273614e+00
8.486407252126145773e-01,2.445666658234135760e+00
8.482795030839584971e-01,2.445533502576293650e+00
8.480752596661113030e-01,2.445482983752522266e+00
8.478806871078417018e-01,2.451117939696123571e+00
8.475840796761668905e-01,2.445140513660059245e+00
8.475228609739400287e-01,2.444313800512419199e+00
8.474059699057203687e-01,2.444242389329304821e+00
8.473034711397975371e-01,2.444255949795168803e+00
8.472790373561759347e-01,2.442997256686556540e+00
8.472258064281036338e-01,2.443857950957593950e+00
8.472534589597568999e-01,2.443826586788945932e+00
8.473329397488549297e-01,2.443689471292084470e+00
8.474314431948788418e-01,2.443968097232961156e+00
8.475630725435673307e-01,2.443933324184027533e+00
8.477602086568609696e-01,2.443680868280778462e+00
8.478888154168858771e-01,2.444111417722236723e+00
8.480901977367731881e-01,2.444616606976925510e+00
8.483416715175611245e-01,2.444388129451895431e+00
8.486993555688361335e-01,2.444559488772310551e+00
8.490114207359955589e-01,2.444922756473622449e+00
8.493799530674626119e-01,2.445379662770120532e+00
8.498386522013117172e-01,2.445509551577538687e+00
8.494156746344115883e-01,2.445975833920697617e+00
8.506830524250020842e-01,2.446045586017111084e+00
8.511805387794970645e-01,2.446557870390987155e+00
8.516316304885441779e-01,2.446887951943036654e+00
8.522906622707419055e-01,2.447520835805896411e+00
8.528853997311346413e-01,2.448024603813402145e+00
8.535386902822772459e-01,2.448365217417828532e+00
8.542271677017020393e-01,2.449169672670273190e+00
8.549900589099452830e-01,2.449532680093994053e+00
8.556933444219354534e-01,2.450364910820364006e+00
8.564794433327002077e-01,2.448439240787333659e+00
8.572995297682232119e-01,2.451833841541398940e+00
8.581678244700431391e-01,2.452579256221617321e+00
8.590643148540770824e-01,2.453417830304264413e+00
8.599741710264003913e-01,2.454291909888326906e+00
8.608781513418807263e-01,2.455198434266522511e+00
8.619514183409914265e-01,2.456059771067321762e+00
8.630559834656568174e-01,2.456946608702729407e+00
8.642103195375313573e-01,2.457936764345810765e+00
8.651378650822476590e-01,2.458882650338360065e+00
8.663146272840743789e-01,2.459791335072321949e+00
8.675289466293817364e-01,2.460983366390648186e+00
8.687290770190341238e-01,2.462013058897421836e+00
8.700171501320147494e-01,2.463242134230533509e+00
8.713069608251672316e-01,2.464570616169051043e+00
8.726519507504755246e-01,2.465568726140269451e+00
8.740384430415701900e-01,2.466804690580139070e+00
8.754566739523408359e-01,2.468215571108681061e+00
8.767140445589385322e-01,2.469533954644640872e+00
8.782605638355059918e-01,2.470929004531705608e+00
8.801185013739201146e-01,2.472351734577505233e+00
8.814707564840658094e-01,2.473713320837505059e+00
8.829949989353036433e-01,2.475175697368284577e+00
8.846845053208300946e-01,2.476685285560026983e+00
8.863953808710146598e-01,2.478146673651207443e+00
8.883398140102127805e-01,2.479883978729333638e+00
8.898658747672620883e-01,2.481372422416996848e+00
8.916791158849234344e-01,2.483055424206926709e+00
8.934851775610046509e-01,2.484738435485994046e+00
8.953086233155836959e-01,2.486552740763091407e+00
8.972675674475555363e-01,2.488322870455659697e+00
8.992377371705511102e-01,2.490145140370964683e+00
9.011714652801068315e-01,2.491857117692501511e+00
9.031802806312788645e-01,2.493767825128643700e+00
9.052861546611103982e-01,2.495675053189291503e+00
9.073450524367911996e-01,2.497643593291870800e+00
9.095418533284638229e-01,2.499306391235612157e+00
9.116793984700900522e-01,2.501795198025972056e+00
9.139157342950181562e-01,2.503765740560122133e+00
9.161757032526671729e-01,2.505940111416690819e+00
9.184599015645485975e-01,2.507980133835107317e+00
9.210041925438242627e-01,2.510170706082432091e+00
9.231819378165490031e-01,2.512353298581663896e+00
9.256509032359307998e-01,2.514781266902769374e+00
9.280819076042506888e-01,2.516937126886878318e+00
9.305513224942283390e-01,2.519308465888416393e+00
9.331083788191766315e-01,2.521662647053883433e+00
9.356890737571030847e-01,2.523972584127929686e+00
9.382880189996950504e-01,2.526563776309993958e+00
9.409994905202631044e-01,2.529058985886575517e+00
9.436768093126155499e-01,2.531529129650197163e+00
9.464060592764435009e-01,2.534165790412793662e+00
9.491947330596541832e-01,2.536646725321096696e+00
9.520203687087853694e-01,2.539324865747095927e+00
9.548646994492264728e-01,2.542006822008919364e+00
9.578259045781033487e-01,2.544770267946343978e+00
9.607464519573274409e-01,2.547440302244407206e+00
9.637429006044068158e-01,2.550313576078896638e+00
9.667513510343197503e-01,2.553254061660077401e+00
9.698381554523405335e-01,2.556093968694437280e+00
9.728905464871341335e-01,2.558986627189822727e+00
9.761137775027146635e-01,2.561855107817051280e+00
9.792238380084488103e-01,2.564880976280317526e+00
9.825476123197923739e-01,2.567995208665305285e+00
9.857960358521131727e-01,2.561531059362081031e+00
9.891366801965407740e-01,2.575941070858237314e+00
9.924721286267772502e-01,2.577346785370526305e+00
9.958794441315421686e-01,2.580496818793541536e+00
9.993385551109370546e-01,2.582369979705338991e+00
1.002865146876260161e+00,2.587077019708705627e+00
1.006379716608962305e+00,2.590276729476240991e+00
1.009930011300158803e+00,2.593505574933668179e+00
1.013560512969672978e+00,2.593682711215903325e+00
1.017178179263917182e+00,2.600517579713521599e+00
1.020907943357750813e+00,2.604037689738419203e+00
1.024636946763856304e+00,2.607666920573893599e+00
1.028423228801683464e+00,2.611018901995145747e+00
1.032296939237712596e+00,2.614746849641888637e+00
1.036145230305878684e+00,2.618411979368324261e+00
1.040093835324445326e+00,2.622132306767011478e+00
1.044117244536665545e+00,2.625795484859873241e+00
1.048030206917738738e+00,2.629500919067587539e+00
1.052080559157330342e+00,2.633069634397769754e+00
1.056180909839834925e+00,2.637206265588289078e+00
1.059898601551300779e+00,2.641147397168716271e+00
1.064474063140241622e+00,2.644844148122350802e+00
1.068783799952401248e+00,2.649124252153104209e+00
1.073038783049632405e+00,2.649154728247633095e+00
1.077341995432563593e+00,2.657116502501094324e+00
1.081759755184374949e+00,2.661376665875832437e+00
1.086187699547165764e+00,2.665572629244711056e+00
1.090696165478179491e+00,2.669634261406028664e+00
1.095247191425329669e+00,2.673948184701966824e+00
1.099803180603007524e+00,2.678388030118626695e+00
1.104423357634369385e+00,2.684429120921065781e+00
1.108934028134098249e+00,2.686933778273390416e+00
1.113835199793692166e+00,2.691650604706488537e+00
1.118614155490657236e+00,2.696057671301377745e+00
1.123395872152997077e+00,2.700298684597300269e+00
1.128333172117392369e+00,2.704988636140373437e+00
1.133242980253872156e+00,2.709790353660672224e+00
1.138211949585480331e+00,2.714377187885117948e+00
1.143244251088743724e+00,2.719270333552485042e+00
1.148310385601234884e+00,2.723879601847194465e+00
1.153542333549770094e+00,2.728697721755084515e+00
1.158605696643669525e+00,2.733874523558306624e+00
1.163828805650427567e+00,2.738224202412988362e+00
1.169100845272239120e+00,2.743620610436512397e+00
1.174418917907061877e+00,2.742096950024726532e+00
1.179779100800555369e+00,2.753798836106014392e+00
1.185191395670224246e+00,2.758819712034449090e+00
1.190666535658306158e+00,2.764217981298167537e+00
1.196207945096959158e+00,2.769520146528479998e+00
1.201750361593523220e+00,2.774627024480930793e+00
1.207358492758501045e+00,2.779994103859154464e+00
1.213026726878880135e+00,2.785311941537624847e+00
1.218779014381445203e+00,2.790695974667724677e+00
1.224560152292848869e+00,2.796137064300731723e+00
1.230361685793372128e+00,2.801725186548099877e+00
1.236067038378591221e+00,2.806869544929886828e+00
1.242169022281668145e+00,2.812335406038926067e+00
1.248114509660664728e+00,2.818322420553756480e+00
1.254158951598972394e+00,2.827084960437743710e+00
1.260219423830096552e+00,2.829863927725935646e+00
1.266358803655158738e+00,2.835310084378241058e+00
1.272340861386443311e+00,2.841595345708459064e+00
1.278765806184658294e+00,2.847515612633726434e+00
1.285015730266287681e+00,2.853362106878127413e+00
1.291358581743355494e+00,2.859119576419486108e+00
1.297712290798742174e+00,2.865363569348552630e+00
1.304184294509880715e+00,2.871380108886350868e+00
1.310629223173374047e+00,2.877902864433592001e+00
1.317195632147285966e+00,2.883740725261467297e+00
1.323787876475437830e+00,2.890086731055427016e+00
1.330417653572450121e+00,2.896362568941782456e+00
1.337112997695554917e+00,2.902449185232511830e+00
1.343853420085159955e+00,2.908756038108095687e+00
1.350648644029715850e+00,2.915416703145915278e+00
1.357496417617105156e+00,2.921822266519732203e+00
1.364405884452653872e+00,2.928369949361511182e+00
1.371331967197402246e+00,2.934919119215834371e+00
1.378349061498099104e+00,2.941702892219029586e+00
1.385392130837001190e+00,2.947765127356928971e+00
1.392497934711778296e+00,2.954973152162120975e+00
1.399651674809454516e+00,2.961557624228102092e+00
1.406854181540348581e+00,2.968092634219194004e+00
1.413897627049616190e+00,2.975409700620676112e+00
1.421435410011528067e+00,2.982436463312185815e+00
1.428800051130867166e+00,2.989520353118098939e+00
1.436220084803976116e+00,2.996292997014346149e+00
1.443698678827848525e+00,3.003613113995684536e+00
1.451226380224720058e+00,3.010767319398027553e+00
1.458785767533238520e+00,3.017827342262977552e+00
1.466426033563432707e+00,3.024643857885245701e+00
1.474099237444829402e+00,3.032223494302533240e+00
1.481834314222218341e+00,3.039284879608095125e+00
1.489622216287028955e+00,3.046776335734505459e+00
1.497486197101121963e+00,3.054259289117358556e+00
1.505376137244653911e+00,3.061251957234270016e+00
1.513329615861759958e+00,3.069349625972160212e+00
1.521314929602705313e+00,3.076864575766379062e+00
1.529389060313303128e+00,3.084696078969257904e+00
1.537497453658132729e+00,3.091871799581975999e+00
1.545652240105263475e+00,3.099708873102124507e+00
1.553943485896637000e+00,3.107250762728038573e+00
1.562144270191292872e+00,3.115605551272666141e+00
1.570468010103110990e+00,3.123201682343511365e+00
1.578846665849776398e+00,3.131072442932518740e+00
1.587277992798901582e+00,3.139096090806662964e+00
1.595764959461456023e+00,3.145497519412822740e+00
1.604304856865259810e+00,3.155380601012018005e+00
1.612899060042273680e+00,3.163645281575422352e+00
1.621549797218439171e+00,3.171429129402318914e+00
1.630250185383637307e+00,3.179718561207474536e+00
1.639008358191187398e+00,3.188305128598586613e+00
1.647820101033823370e+00,3.196501570455782648e+00
1.656690900667706190e+00,3.204851424053584807e+00
1.665609220317078032e+00,3.213614873088775248e+00
1.674581112632811397e+00,3.221560812216220704e+00
1.683612037014988960e+00,3.228996662079102187e+00
1.692703013541281720e+00,3.238609463908795227e+00
1.701827583170523184e+00,3.247310831836654366e+00
1.711034202052269082e+00,3.256330545343227634e+00
1.720287526002656442e+00,3.264765741679576116e+00
1.729594056364340382e+00,3.273588173518053424e+00
1.738940103917305358e+00,3.282694024565883772e+00
1.748363871051413998e+00,3.290001957044506042e+00
1.757839252976633349e+00,3.303549001772011273e+00
1.767374613228027247e+00,3.309264636236272317e+00
1.776859423776900870e+00,3.318367569140565188e+00
1.786589555322467548e+00,3.328042519500177931e+00
1.796257903150086044e+00,3.336497368281391651e+00
1.806033843645419301e+00,3.345616361327967248e+00
1.815838428724407372e+00,3.355257830836270827e+00
1.825704151839554035e+00,3.364422984715144338e+00
1.835652016054053037e+00,3.373664649315752051e+00
1.845590496068272301e+00,3.383087819051397993e+00
1.855632809587931309e+00,3.394249507572492774e+00
1.865797089132471998e+00,3.402060859397719739e+00
1.875856285688318525e+00,3.411621545025973923e+00
1.886035146494916548e+00,3.421734889788844214e+00
1.896264980942547140e+00,3.431329607080367161e+00
1.906615098882494808e+00,3.440759927146121555e+00
1.916865974317254473e+00,3.450755555522401430e+00
1.927385911372144323e+00,3.460247699825081291e+00
1.937898742575422162e+00,3.470346286036445349e+00
1.947723486657205516e+00,3.480144718260180348e+00
1.958980762882331694e+00,3.490455758520702112e+00
1.969659001784854091e+00,3.500200016888108223e+00
1.980383958367639030e+00,3.510421419363789930e+00
1.991076675240610161e+00,3.520706950535825719e+00
2.001938509388799137e+00,3.530803291907340657e+00
2.012885811808333258e+00,3.540791597681323566e+00
2.023953757436807166e+00,3.551149436655389735e+00
2.034534558840549678e+00,3.561810682497810632e+00
2.045825166054919819e+00,3.571060494492162007e+00
2.056886703521775495e+00,3.582320818609768587e+00
2.068152687689450708e+00,3.593192202886690723e+00
2.079379592246164421e+00,3.603492212054043797e+00
2.090435263810623390e+00,3.614394542344432359e+00
2.101963760744356868e+00,3.625006705298834397e+00
2.113345151336006200e+00,3.635586789546154662e+00
2.124784750425458668e+00,3.646466904813656207e+00
2.136409690490999935e+00,3.659368953651027212e+00
2.147996799266984613e+00,3.668247348913587835e+00
2.159539366214842993e+00,3.679287365028232060e+00
2.171249700564973129e+00,3.691181306532569373e+00
2.183029506678450637e+00,3.701793904377256084e+00
2.194789328290562835e+00,3.712247149469010132e+00
2.206626207249103189e+00,3.723699910509222555e+00
2.218621005977486682e+00,3.736252717104961540e+00
2.231230255015865360e+00,3.746056597814861000e+00
2.242755563092398763e+00,3.758473517111428741e+00
2.254764828896744788e+00,3.768474428895638439e+00
2.266953165123584135e+00,3.779525860471338206e+00
2.279074722671234454e+00,3.792905276772616574e+00
2.291889423225510924e+00,3.802828102948352829e+00
2.303827065948594655e+00,3.814446491576333642e+00
2.312465870441116511e+00,3.826229833929393642e+00
2.328650428705541842e+00,3.838514744820876068e+00
2.341127418218677647e+00,3.849690086371614584e+00
2.353580493212461988e+00,3.861547930936821693e+00
2.366427528304260619e+00,3.874144448939818020e+00
2.379097157908471871e+00,3.886106932985187612e+00
2.391866561468977359e+00,3.897311852657344922e+00
2.404688465751932291e+00,3.909575574693442412e+00
2.418099647550924658e+00,3.920955845380836635e+00
2.430829376024122190e+00,3.933743152894844997e+00
2.443989699668899007e+00,3.945169645375938394e+00
2.456630530122736467e+00,3.957464475903065271e+00
2.469625133351721402e+00,3.971306912418802959e+00
2.482900054718984340e+00,3.982755077889383877e+00
2.496180433138148302e+00,3.995965536723832479e+00
2.509440774346256120e+00,4.008083293717232820e+00
2.523973119980763791e+00,4.020384685253049817e+00
2.536419217348135469e+00,4.033088447644774810e+00
2.549800648072411136e+00,4.043772329514830233e+00
2.563399340205775978e+00,4.058199130793068043e+00
2.576991639398336975e+00,4.071721792666649797e+00
2.590581267893497852e+00,4.083820887981302050e+00
2.604350734790336297e+00,4.097184294270765470e+00
2.618208226601078437e+00,4.109355050249540398e+00
2.632123650124088776e+00,4.122777244371383709e+00
2.645929178889030453e+00,4.136164686573021498e+00
2.659876539369822268e+00,4.151784657265123357e+00
2.673955439686637625e+00,4.161811896043203340e+00
2.688142218356027513e+00,4.175884064686449015e+00
2.702009507688551970e+00,4.188428536639700717e+00
2.716368881317202444e+00,4.201772773525116911e+00
2.730953904174358460e+00,4.215312174345792862e+00
2.745570009033299730e+00,4.229124791128590743e+00
2.759679721975139444e+00,4.242650329959295696e+00
2.773281864455125145e+00,4.255579560026480301e+00
2.788708544066317074e+00,4.268879212370819687e+00
2.810579406811902992e+00,4.283458589989829868e+00
2.818010737377246500e+00,4.296802008702191422e+00
2.832700624236509590e+00,4.310177894914995811e+00
2.847389046978821447e+00,4.324763592972121096e+00
2.862381521491438541e+00,4.338366706930885996e+00
2.877445718997863722e+00,4.353165888556264740e+00
2.892819021197465368e+00,4.366606554801069073e+00
2.907543511216447385e+00,4.380132269791693567e+00
2.922524558742322753e+00,4.394684898565285103e+00
2.937680509299759102e+00,4.409139209366908396e+00
2.953134415666786694e+00,4.435001640550379598e+00
2.968273696049046784e+00,4.439576362077558791e+00
2.983534248926917876e+00,4.451623202385257549e+00
2.999154744076189871e+00,4.467322875574815555e+00
3.014602664815164701e+00,4.480925054348373848e+00
3.030301178771780179e+00,4.495450893809806558e+00
3.046000865745468467e+00,4.509486394982651802e+00
3.061275048033931689e+00,4.525093546461236294e+00
3.077355568679382536e+00,4.539482348665074163e+00
3.093211353332825375e+00,4.554914687076041524e+00
3.108618935313526954e+00,4.568953578967440698e+00
3.124966037794620455e+00,4.580320616527201238e+00
3.140949867535115736e+00,4.598612108834636558e+00
3.157345965595138360e+00,4.614769288232516864e+00
3.173460184431802666e+00,4.629105572532041357e+00
3.189858745218226765e+00,4.643379268284968830e+00
3.205865220441481256e+00,4.664003558506835567e+00
3.222373357385853510e+00,4.674257947551534009e+00
3.238826100232148342e+00,4.689783749208570107e+00
3.254996102150848891e+00,4.702450914652290592e+00
3.271623647393577805e+00,4.719873750484755881e+00
3.288593257767199241e+00,4.734670613634604841e+00
3.305033793540651743e+00,4.751870269632503252e+00
3.321830602638971897e+00,4.772410958530885594e+00
3.338718296257068729e+00,4.782482679094549383e+00
3.355813769168924487e+00,4.801094683216364345e+00
3.372610929673821367e+00,4.814334740735338514e+00
3.389641195944555818e+00,4.825235575723826997e+00
3.406713453623114063e+00,4.845663235816230596e+00
3.423974423210894180e+00,4.862567341561865319e+00
3.440920893775158085e+00,4.877956764190178873e+00
3.458712456078454345e+00,4.893539689613152888e+00
3.476049432377409154e+00,4.908311585673862609e+00
3.493268276442193176e+00,4.926633871733758774e+00
3.510569997544726206e+00,4.942114955969363344e+00
3.528804520161502367e+00,4.959804844164477977e+00
3.547859886723108147e+00,4.974953736459578835e+00
3.563859653369515712e+00,4.991327550473725339e+00
3.589588544786584734e+00,5.009770210310175997e+00
3.580502550868159162e+00,5.024985237698928131e+00
3.617690251359727327e+00,5.041576085219299230e+00
3.635517027304529414e+00,5.056901036055108101e+00
3.655995783488397599e+00,5.075040850466256970e+00
3.671381747129784046e+00,5.091959366101311169e+00
3.690231671796015078e+00,5.110414266551619455e+00
3.707801764084577734e+00,5.126165751829736550e+00
3.726504510088078703e+00,5.143559581047547624e+00
3.744820564740944491e+00,5.158284065429313614e+00
3.763525409010159528e+00,5.177424565707470450e+00
3.781838313079016523e+00,5.194177341587282726e+00
3.800108671604666810e+00,5.209160949639249694e+00
3.819187106817530264e+00,5.227388726780290540e+00
3.839076729215411987e+00,5.247717980409578153e+00
3.856927510440031348e+00,5.272074366432927484e+00
3.875682066127832393e+00,5.282748958884566193e+00
3.896628875233480116e+00,5.298871379062739528e+00
3.914415717782624426e+00,5.322540764439522398e+00
3.933262935377030090e+00,5.334573607099642345e+00
3.952537151547527827e+00,5.351901093226923756e+00
3.971653592339770888e+00,5.370368282891361922e+00
3.990388484064536279e+00,5.386187623691166770e+00
4.007435282372008523e+00,5.405422210997203436e+00
4.030056933363273863e+00,5.400028169959149693e+00
4.049667466863643206e+00,5.445244432064300533e+00
4.070128176643655671e+00,5.459463761797044512e+00
4.089017996471832284e+00,5.478415457464035576e+00
4.109090138443781015e+00,5.498420554762860846e+00
4.128723376286155045e+00,5.518113817858109726e+00
4.149021431923032743e+00,5.533111332486514655e+00
4.168737748618680961e+00,5.553845745852693305e+00
4.189309797218356834e+00,5.568041930912091431e+00
4.209968572719509083e+00,5.587639523185234047e+00
4.229425198844036338e+00,5.607847375471319396e+00
4.249711960545520917e+00,5.639117798205228738e+00
4.269847619949168838e+00,5.646526948000484047e+00
4.290209292978058642e+00,5.660101637087732840e+00
4.310827698934617480e+00,5.682350362667246912e+00
4.332892173290967541e+00,5.702821703743442328e+00
4.352371847817706474e+00,5.722789347373799629e+00
4.373259802375680572e+00,5.741350582359497245e+00
4.393949601422498574e+00,5.761759593964803194e+00
4.414652264577640040e+00,5.780652137019797188e+00
4.435902303932077295e+00,5.800464804504278149e+00
4.457317971871991524e+00,5.825982397739184471e+00
4.478177212123446438e+00,5.837686025780724819e+00
4.500099299252862117e+00,5.693325744950559653e+00
4.520992313145816510e+00,5.877473991642572670e+00
4.541539263800353332e+00,5.896131587476128644e+00
4.563460567957690728e+00,5.921033862617741228e+00
4.585690482787610378e+00,5.934961375831565356e+00
4.607483870301859241e+00,5.957961647645887204e+00
4.628884424299247513e+00,5.975595956018474375e+00
4.650317011385214805e+00,5.996565094080735570e+00
4.671925805233779094e+00,6.017070282586872487e+00
4.693739014952460487e+00,6.042058776565004230e+00
4.716779240665085027e+00,6.054272903085887947e+00
4.737239308232489954e+00,6.087478972217491346e+00
4.760273819604956991e+00,6.098999589877689864e+00
4.782432373943836801e+00,6.118200739375086350e+00
4.805498205740191153e+00,6.134922937988197766e+00
4.827748140038903735e+00,6.152443901227639067e+00
4.849971697483933752e+00,6.180232508207263997e+00
4.871663675846141572e+00,6.203625446027579926e+00
4.894740057383772047e+00,6.221316162116740323e+00
4.918008762385872146e+00,6.300453632299062079e+00
4.940321555889574334e+00,6.263670987565120640e+00
4.963480024906507637e+00,6.281978992094821024e+00
4.987685348166829513e+00,6.305877562586963414e+00
5.010265113164637185e+00,6.328185979827267715e+00
5.030989385669980329e+00,6.346695214414229014e+00
5.056971550963327289e+00,6.370429604013827962e+00
5.079358216242386703e+00,6.393331460625112150e+00
5.101932651641853056e+00,6.419788922638154816e+00
5.126964903761600745e+00,6.450684530329638733e+00
5.147915396762855700e+00,6.457588647869076048e+00
5.177554752560391549e+00,6.480114345201470449e+00
5.197120658842269592e+00,6.500511730926492149e+00
5.228517173275025520e+00,6.519600100580546176e+00
5.245508531013442166e+00,6.543784611165492038e+00
5.269791096782338258e+00,6.561712748135597906e+00
5.295584478728688538e+00,6.586159585718772469e+00
5.318569029105697510e+00,6.605054244411441289e+00
5.343195116822990087e+00,6.630770598722949494e+00
6.339516444087982983e+00,6.653669644514161874e+00
5.392359105675353703e+00,6.669931696312777269e+00
5.415806841607810895e+00,6.698962773035271212e+00
5.436982599420113971e+00,6.721510900832663893e+00
5.464558183286057691e+00,6.745941882992274152e+00
5.489360431607414270e+00,6.763338989912319299e+00
5.509202313547957530e+00,6.786285317722780874e+00
5.538756063988621747e+00,6.812238241268703476e+00
5.567806831476051599e+00,6.838205939475376915e+00
5.590538193900053798e+00,6.857029150258981076e+00
5.613674467948073676e+00,6.882509078059775298e+00
5.640471160897301495e+00,6.906361353115531010e+00
5.669624617725295579e+00,6.929565501075555467e+00
5.690045520587938555e+00,6.951274140144557023e+00
5.716860067830067393e+00,6.942533097199254044e+00
5.740544546350377253e+00,6.992859329121898782e+00
5.773342596783982650e+00,7.031504389199925598e+00
5.804709080929158382e+00,7.066036150755443224e+00
5.819268078047272752e+00,7.063440192427222541e+00
5.845731696591016657e+00,7.087096194225146029e+00
5.867071773177837457e+00,7.118452198065606140e+00
5.898347753053006848e+00,7.138989757845959794e+00
5.933452092732941274e+00,7.161030637456066827e+00
5.950484375150801419e+00,7.188215284488619794e+00
5.977961529060783263e+00,7.214924690554771480e+00
6.006341201314831402e+00,7.239595747397960857e+00
6.030733740325217695e+00,7.264061918816006269e+00
6.060864303279936749e+00,7.285406997226495207e+00
6.084892724734568326e+00,7.310997577862798913e+00
6.111951597266583214e+00,7.331316777226587256e+00
6.141976073860901941e+00,7.360048605856379211e+00
6.162335312449708447e+00,7.378715644622731773e+00
6.188878600688250131e+00,7.406249819311326199e+00
6.221513404227105859e+00,7.440479602250062108e+00
6.249753833652718527e+00,7.449553752676678187e+00
6.275739506053095162e+00,7.481906379351578096e+00
6.301040644685438785e+00,7.506120559406591397e+00
6.330711811245647525e+00,7.532552266914627204e+00
6.359594866548097691e+00,7.554429308939723420e+00
6.386279435528859239e+00,7.594084762449800685e+00
6.412862172397423954e+00,7.609664489213047389e+00
6.442823655381397785e+00,7.639232406449205648e+00
6.469652381203310654e+00,7.662425307199979052e+00
6.499965744529568212e+00,7.683360100576216212e+00
6.529644866446225215e+00,7.723608352991433001e+00
6.555927604829917321e+00,7.742945975255709712e+00
6.584350905165725187e+00,7.738781651117479399e+00
6.611355182546811982e+00,8.012469634988502065e+00
6.645311693748698012e+00,7.818526104422050871e+00
6.666429445852500635e+00,7.838857945570085306e+00
6.698296417697875427e+00,7.868774300992220638e+00
6.729385401560318947e+00,7.894529122335636195e+00
6.757609096886518785e+00,7.950540154911964308e+00
6.790163848471080676e+00,7.950599038976996269e+00
6.814729589468554671e+00,7.957965054509182679e+00
6.846543783521505944e+00,8.011031921177877990e+00
6.874974822407845743e+00,8.023975149592569522e+00
6.903845597986507876e+00,8.068112838012091004e+00
6.936428923056296547e+00,8.082491347573025564e+00
6.965458231625087926e+00,8.118484838632513245e+00
6.985485909067711496e+00,8.141065437034965768e+00
7.030835496940501805e+00,8.117071395372505549e+00
7.061039217282408131e+00,8.176498472844878407e+00
7.092425143402628862e+00,8.205491858131942706e+00
7.116090123825713931e+00,8.253431939117263028e+00
7.147746515685449609e+00,8.275963885689739286e+00
7.179630996677857091e+00,8.425574583723159705e+00
7.210585958684392338e+00,8.330754009514524938e+00
7.240305227090847673e+00,8.351375733681127400e+00
7.271373758627993844e+00,8.328271037191019133e+00
7.305276375890170648e+00,8.412353564231429104e+00
7.334036614676614718e+00,8.456911739465677869e+00
7.365722060130664772e+00,8.466962647598162306e+00
7.379746518593745641e+00,8.497896182694766765e+00
7.421533935578269237e+00,8.505015678364925336e+00
