-2.671777033400680512e+00,-1.671777033400680512e+00
-2.643071897365497414e+00,-1.643071897365497414e+00
-2.608640139268317171e+00,-1.608640139268317171e+00
-2.574573600205293911e+00,-1.574573600205293911e+00
-2.540864605681189214e+00,-1.540864605681189214e+00
-2.507505368454003403e+00,-1.507505368454003403e+00
-2.474489223152269268e+00,-1.474489223152269268e+00
-2.441809098267955225e+00,-1.441809098267955225e+00
-2.409458237752486465e+00,-1.409458237752486465e+00
-2.377430407260277878e+00,-1.377430407260277878e+00
-2.345719024741381276e+00,-1.345719024741381276e+00
-2.314318377223523626e+00,-1.314318377223523626e+00
-2.283222616246408876e+00,-1.283222616246408876e+00
-2.252425993450860364e+00,-1.252425993450860364e+00
-2.221923222149956967e+00,-1.221923222149956967e+00
-2.191709010515944911e+00,-1.191709010515944911e+00
-2.161778154878847502e+00,-1.161778154878847502e+00
-2.132125797555927349e+00,-1.132125797555927349e+00
-2.102747196406677510e+00,-1.102747196406677510e+00
-2.073637493070244808e+00,-1.073637493070244808e+00
-2.044792561855576452e+00,-1.044792561855576452e+00
-2.016207847410604437e+00,-1.016207847410604437e+00
-1.987878821368759930e+00,-9.878788213687599296e-01
-1.959801965569005766e+00,-9.598019655690057661e-01
-1.931972802969568415e+00,-9.319728029695684146e-01
-1.904387727850561207e+00,-9.043877278505612072e-01
-1.877042771900978124e+00,-8.770427719009781242e-01
-1.849934489703502827e+00,-8.499344897035028268e-01
-1.823059315215553200e+00,-8.230593152155532000e-01
-1.796413610294812058e+00,-7.964136102948120577e-01
-1.769994156917992667e+00,-7.699941569179926670e-01
-1.743797695597885333e+00,-7.437976955978853333e-01
-1.717820929922351247e+00,-7.178209299223512474e-01
-1.692060769886450489e+00,-6.920607698864504886e-01
-1.666514326565784465e+00,-6.665143265657844651e-01
-1.641178624685904364e+00,-6.411786246859043636e-01
-1.616050740223148985e+00,-6.160507402231489849e-01
-1.591127871235314739e+00,-5.911278712353147391e-01
-1.566407398016096630e+00,-5.664073980160966304e-01
-1.541886544077325505e+00,-5.418865440773255049e-01
-1.517562886204948169e+00,-5.175628862049481693e-01
-1.493433636020881750e+00,-4.934336360208817496e-01
-1.469496697943082797e+00,-4.694966979430827969e-01
-1.445749313508008616e+00,-4.457493135080086155e-01
-1.422189469428518871e+00,-4.221894694285188709e-01
-1.398814596472734761e+00,-3.988145964727347614e-01
-1.375622551728411525e+00,-3.756225517284115245e-01
-1.352611239182701652e+00,-3.526112391827016523e-01
-1.329778355007733115e+00,-3.297783550077331149e-01
-1.307121963353519600e+00,-3.071219633535196003e-01
-1.284639899170333166e+00,-2.846398991703331660e-01
-1.262330224346532415e+00,-2.623302243465324146e-01
-1.240191002820737687e+00,-2.401910028207376868e-01
-1.218220250498881496e+00,-2.182202504988814962e-01
-1.196416228839487950e+00,-1.964162288394879496e-01
-1.174776954339913582e+00,-1.747769543399135816e-01
-1.153300720030697057e+00,-1.533007200306970574e-01
-1.131985793558210496e+00,-1.319857935582104957e-01
-1.110830378809706032e+00,-1.108303788097060316e-01
-1.089832760911588316e+00,-8.983276091158831633e-02
-1.068991457604828943e+00,-6.899145760482894296e-02
-1.048304692431988538e+00,-4.830469243198853846e-02
-1.027770903176634665e+00,-2.777090317663466479e-02
-1.007388648005441256e+00,-7.388648005441256217e-03
-9.871562364306177839e-01,1.284376356938221608e-02
-9.670722418952608646e-01,3.292775810473913545e-02
-9.471352324792161603e-01,5.286476752078383967e-02
-9.273437920500726683e-01,7.265620794992733167e-02
-9.076964695394532656e-01,9.230353046054673438e-02
-8.881918933113890358e-01,1.118081066886109642e-01
-8.688286490827600295e-01,1.311713509172399705e-01
-8.496054572603642940e-01,1.503945427396357060e-01
-8.305210916921801356e-01,1.694789083078198644e-01
-8.115741708908775776e-01,1.884258291091224224e-01
-7.927633833591350987e-01,2.072366166408649013e-01
-7.740876167472974245e-01,2.259123832527025755e-01
-7.555455944020426085e-01,2.444544055979573915e-01
-7.371361945012060435e-01,2.628638054987939565e-01
-7.188580663621111366e-01,2.811419336378888634e-01
-7.007102377301884788e-01,2.992897622698115212e-01
-6.826915610125370293e-01,3.173084389874629707e-01
-6.648009150472975470e-01,3.351990849527024530e-01
-6.470370883616939350e-01,3.529629116383060650e-01
-6.293991874555230348e-01,3.706008125444769652e-01
-6.118860476625623823e-01,3.881139523374376177e-01
-5.944966933852793289e-01,4.055033066147206711e-01
-5.772300220034999318e-01,4.227699779965000682e-01
-5.600850745951014842e-01,4.399149254048985158e-01
-5.430608495419273485e-01,4.569391504580726515e-01
-5.261565100146159413e-01,4.738434899853840587e-01
-5.093709487252013890e-01,4.906290512747986110e-01
-4.927033058830456169e-01,5.072966941169543276e-01
-4.761525676782337735e-01,5.238474323217662265e-01
-4.597178890700646114e-01,5.402821109299353886e-01
-4.433984656283577741e-01,5.566015343716421704e-01
-4.271932368023601545e-01,5.728067631976399010e-01
-4.111015167940171855e-01,5.888984832059828145e-01
-3.951223125468660280e-01,6.048776874531339720e-01
-3.792548935740300831e-01,6.207451064259699169e-01
-3.634983648069596285e-01,6.365016351930403715e-01
-3.478519496604786654e-01,6.521480503395213901e-01
-3.323148548244743150e-01,6.676851451755256850e-01
-3.168863575326726911e-01,6.831136424673273089e-01
-3.015655089607716111e-01,6.984344910392283889e-01
-2.863517077246532372e-01,7.136482922753467628e-01
-2.712440859001790106e-01,7.287559140998209894e-01
-2.562420522568001902e-01,7.437579477431998098e-01
-2.413447993251922885e-01,7.586552006748077392e-01
-2.265515696075115493e-01,7.734484303924884507e-01
-2.118617528834696728e-01,7.881382471165303549e-01
-1.972745766707139081e-01,8.027254233292860919e-01
-1.827894084514120610e-01,8.172105915485878835e-01
-1.684055306757936410e-01,8.315944693242063313e-01
-1.541223150950512821e-01,8.458776849049487456e-01
-1.399390905604159241e-01,8.600609094395841314e-01
-1.258552816973475263e-01,8.741447183026525014e-01
-1.118701827262990195e-01,8.881298172737009944e-01
-9.798321509856407208e-02,9.020167849014358863e-01
-8.419367444331933570e-02,9.158063255566806227e-01
-7.050106743002937382e-02,9.294989325699706262e-01
-5.690477447830335350e-02,9.430952255216966673e-01
-4.340419104956415308e-02,9.565958089504358330e-01
-2.999869284666018335e-02,9.700013071533397646e-01
-1.668783555173343133e-02,9.833121644482665236e-01
-3.470964468312235339e-03,9.965290355316878124e-01
9.652422656356907105e-03,1.009652422656357018e+00
2.268289900795244368e-02,1.022682899007952395e+00
3.562097811874050113e-02,1.035620978118740432e+00
4.846720121018808364e-02,1.048467201210188104e+00
6.122206437210137020e-02,1.061222064372101315e+00
7.388610420074274987e-02,1.073886104200742819e+00
8.645984577583172570e-02,1.086459845775831656e+00
9.894368700972544506e-02,1.098943687009725334e+00
1.113381691394166734e-01,1.111338169139416632e+00
1.236437688808874613e-01,1.123643768880887350e+00
1.358609804793996789e-01,1.135860980479399762e+00
1.479902382117837256e-01,1.147990238211783698e+00
1.600319954983369930e-01,1.160031995498336910e+00
1.719867164667028547e-01,1.171986716466702827e+00
1.838548434892612327e-01,1.183854843489261288e+00
1.956367419653692041e-01,1.195636741965369287e+00
2.073329710721835695e-01,1.207332971072183625e+00
2.189438495263439088e-01,1.218943849526343826e+00
2.304697984042625436e-01,1.230469798404262516e+00
2.419112851622857718e-01,1.241911285162285772e+00
2.532686504295131313e-01,1.253268650429513187e+00
2.645423033583215178e-01,1.264542303358321629e+00
2.757326377310060361e-01,1.275732637731006092e+00
2.868400437097492484e-01,1.286840043709749359e+00
2.978648705087570958e-01,1.297864870508757207e+00
3.088075084965803963e-01,1.308807508496580452e+00
3.196682798636890643e-01,1.319668279863689175e+00
3.304476056738037126e-01,1.330447605673803713e+00
3.411457968884686331e-01,1.341145796888468578e+00
3.517631738420247123e-01,1.351763173842024823e+00
3.623001351423513205e-01,1.362300135142351376e+00
3.727569075039716129e-01,1.372756907503971613e+00
3.831339758235051129e-01,1.383133975823505057e+00
3.934315251629063592e-01,1.393431525162906359e+00
4.036498952767337833e-01,1.403649895276733783e+00
4.137894229427555581e-01,1.413789422942755447e+00
4.238504405068937997e-01,1.423850440506893911e+00
4.338331835863784569e-01,1.433833183586378457e+00
4.437379630465261293e-01,1.443737963046526129e+00
4.535650779823017231e-01,1.453565077982301723e+00
4.633147883920180621e-01,1.463314788392018118e+00
4.729874298175951730e-01,1.472987429817595117e+00
4.825832060328033579e-01,1.482583206032803247e+00
4.921023673377652452e-01,1.492102367337765134e+00
5.015452432630737034e-01,1.501545243263073814e+00
5.109120416133344778e-01,1.510912041613334367e+00
5.202030146303127101e-01,1.520203014630312710e+00
5.294184595429013429e-01,1.529418459542901232e+00
5.385585822837052339e-01,1.538558582283705345e+00
5.476236344270165590e-01,1.547623634427016448e+00
5.566138137674951913e-01,1.556613813767495191e+00
5.655293767145235240e-01,1.565529376714523524e+00
5.743704995224784282e-01,1.574370499522478539e+00
5.831374394897832492e-01,1.583137439489783249e+00
5.918304126505599116e-01,1.591830412650559801e+00
6.004496689498093343e-01,1.600449668949809334e+00
6.089952954087252124e-01,1.608995295408725212e+00
6.174676370410691062e-01,1.617467637041069217e+00
6.258667537539036596e-01,1.625866753753903549e+00
6.341928937460313831e-01,1.634192893746031494e+00
6.424462416227673112e-01,1.642446241622767200e+00
6.506270527923533331e-01,1.650627052792353222e+00
6.587354032743619747e-01,1.658735403274361975e+00
6.667715624648197226e-01,1.666771562464819834e+00
6.747356066423504384e-01,1.674735606642350438e+00
6.826277622672696221e-01,1.682627762267269622e+00
6.904481543184795012e-01,1.690448154318479501e+00
6.981969973814858843e-01,1.698196997381485884e+00
7.058743941317491277e-01,1.705874394131749128e+00
7.134805764415120821e-01,1.713480576441511971e+00
7.210156043091086042e-01,1.721015604309108493e+00
7.284796757781473175e-01,1.728479675778147318e+00
7.358729051408866573e-01,1.735872905140886768e+00
7.431954881655205014e-01,1.743195488165520501e+00
7.504475188007364572e-01,1.750447518800736457e+00
7.576291427754223706e-01,1.757629142775422260e+00
7.647404636419031787e-01,1.764740463641903290e+00
7.717816851256960042e-01,1.771781685125696004e+00
7.787528671012621251e-01,1.778752867101262236e+00
7.856541609098961487e-01,1.785654160909896149e+00
7.924856497088286211e-01,1.792485649708828621e+00
7.992475044139114582e-01,1.799247504413911347e+00
8.059397952997315873e-01,1.805939795299731587e+00
8.125626499433185046e-01,1.812562649943318505e+00
8.191162384646919481e-01,1.819116238464691948e+00
8.256005614697544681e-01,1.825600561469754357e+00
8.320157898006281805e-01,1.832015789800628180e+00
8.383620203725616893e-01,1.838362020372561689e+00
8.446393727051624278e-01,1.844639372705162428e+00
8.508478732163140545e-01,1.850847873216314055e+00
8.569877110946670928e-01,1.856987711094667093e+00
8.630589439539188001e-01,1.863058943953918689e+00
8.690616095474142933e-01,1.869061609547414182e+00
8.749959361238556221e-01,1.874995936123855511e+00
8.808619019339929412e-01,1.880861901933992941e+00
8.866596312230822230e-01,1.886659631223082112e+00
8.923892395594003046e-01,1.892389239559400416e+00
8.980507017605541265e-01,1.898050701760554126e+00
9.036442218468551113e-01,1.903644221846855000e+00
9.091699064786371576e-01,1.909169906478637158e+00
9.146277398387091528e-01,1.914627739838709264e+00
9.200178625702486457e-01,1.920017862570248646e+00
9.253403526007969448e-01,1.925340352600796834e+00
9.305952337049971934e-01,1.930595233704997193e+00
9.357826232455151994e-01,1.935782623245515310e+00
9.409026705874419250e-01,1.940902670587441925e+00
9.459553723671286773e-01,1.945955372367128788e+00
9.509408632549385398e-01,1.950940863254938540e+00
9.558591187531269018e-01,1.955859118753126902e+00
9.607103245589672103e-01,1.960710324558967210e+00
9.654945138960984163e-01,1.965494513896098416e+00
9.702117613636550564e-01,1.970211761363655167e+00
9.748621729800738267e-01,1.974862172980073716e+00
9.794458358992584879e-01,1.979445835899258377e+00
9.839627932860669501e-01,1.983962793286067061e+00
9.884131297923769433e-01,1.988413129792376832e+00
9.927969243948019384e-01,1.992796924394801827e+00
9.971142073714572840e-01,1.997114207371457173e+00
1.001365189048853521e+00,2.001365189048853743e+00
1.005549887366739004e+00,2.005549887366739004e+00
1.009668298375167694e+00,2.009668298375167694e+00
1.013720658745824066e+00,2.013720658745824288e+00
1.017706983637596485e+00,2.017706983637596707e+00
1.021627269759791901e+00,2.021627269759791901e+00
1.025481695878603938e+00,2.025481695878603716e+00
1.029270396580404423e+00,2.029270396580404423e+00
1.032993412389291432e+00,2.032993412389291432e+00
1.036650831543427964e+00,2.036650831543427742e+00
1.040242672217342346e+00,2.040242672217342346e+00
1.043769128296571980e+00,2.043769128296571758e+00
1.047230326119649835e+00,2.047230326119649835e+00
1.050626253048208447e+00,2.050626253048208447e+00
1.053957056482143440e+00,2.053957056482143440e+00
1.057222842533048546e+00,2.057222842533048546e+00
1.060423699082452265e+00,2.060423699082452487e+00
1.063559748303734454e+00,2.063559748303734231e+00
1.066631179176840138e+00,2.066631179176840138e+00
1.069637966503268700e+00,2.069637966503268700e+00
1.072580302183037348e+00,2.072580302183037126e+00
1.075458266810346286e+00,2.075458266810346508e+00
1.078272034492793408e+00,2.078272034492793630e+00
1.081021614147944288e+00,2.081021614147944288e+00
1.083707237465049378e+00,2.083707237465049378e+00
1.086329113879076269e+00,2.086329113879076047e+00
1.088887116427165180e+00,2.088887116427165402e+00
1.091381628706245221e+00,2.091381628706245444e+00
1.093812692604659187e+00,2.093812692604659187e+00
1.096180408916364257e+00,2.096180408916364257e+00
1.098484947267011069e+00,2.098484947267011069e+00
1.100726478983613754e+00,2.100726478983613532e+00
1.102905149115464001e+00,2.102905149115463779e+00
1.105021175785125820e+00,2.105021175785125820e+00
1.107074624432393239e+00,2.107074624432393239e+00
1.109065691606329063e+00,2.109065691606328841e+00
1.110994558119366316e+00,2.110994558119366538e+00
1.112861358159432879e+00,2.112861358159432879e+00
1.114666323303105999e+00,2.114666323303105777e+00
1.116409578035141292e+00,2.116409578035141514e+00
1.118091337261990947e+00,2.118091337261990947e+00
1.119711830779190898e+00,2.119711830779190898e+00
1.121271186942981668e+00,2.121271186942981668e+00
1.122769602909649667e+00,2.122769602909649667e+00
1.124207370152416008e+00,2.124207370152416008e+00
1.125584566382747953e+00,2.125584566382747731e+00
1.126901514738077648e+00,2.126901514738077648e+00
1.128158324079094665e+00,2.128158324079094665e+00
1.129355384506466997e+00,2.129355384506466997e+00
1.130492782129252305e+00,2.130492782129252305e+00
1.131570722355890846e+00,2.131570722355890624e+00
1.132589575014903760e+00,2.132589575014903538e+00
1.133549518259431732e+00,2.133549518259431732e+00
1.134450787508581415e+00,2.134450787508581193e+00
1.135293611847614015e+00,2.135293611847614237e+00
1.136078275222361711e+00,2.136078275222361711e+00
1.136805124806820722e+00,2.136805124806820722e+00
1.137474298302610709e+00,2.137474298302610709e+00
1.138086137216020699e+00,2.138086137216020699e+00
1.138640865248445877e+00,2.138640865248445877e+00
1.139138880376802332e+00,2.139138880376802554e+00
1.139580351866905650e+00,2.139580351866905872e+00
1.139965657546706312e+00,2.139965657546706090e+00
1.140295069152926777e+00,2.140295069152926999e+00
1.140568864649636138e+00,2.140568864649636360e+00
1.140787450511271173e+00,2.140787450511271395e+00
1.140951018757511592e+00,2.140951018757511370e+00
1.141059931165446351e+00,2.141059931165446351e+00
1.141114616843620144e+00,2.141114616843620144e+00
1.141115272974049688e+00,2.141115272974049688e+00
1.141062356030767111e+00,2.141062356030767333e+00
1.140956174869310225e+00,2.140956174869310225e+00
1.140797052885660579e+00,2.140797052885660356e+00
1.140585380116806657e+00,2.140585380116806657e+00
1.140321508405873985e+00,2.140321508405873985e+00
1.140005808204396009e+00,2.140005808204396232e+00
1.139638688701268832e+00,2.139638688701269054e+00
1.139220496223892987e+00,2.139220496223892987e+00
1.138751617766180058e+00,2.138751617766180058e+00
1.138232489441654893e+00,2.138232489441654671e+00
1.137663453484212717e+00,2.137663453484212717e+00
1.137045020128139461e+00,2.137045020128139683e+00
1.136377470955759694e+00,2.136377470955759694e+00
1.135661297121464575e+00,2.135661297121464575e+00
1.134896944067681046e+00,2.134896944067681268e+00
1.134084788801173138e+00,2.134084788801173360e+00
1.133225272063111078e+00,2.133225272063111078e+00
1.132318885406982556e+00,2.132318885406982556e+00
1.131366077790997293e+00,2.131366077790997515e+00
1.130367217549069547e+00,2.130367217549069547e+00
1.129322873655236981e+00,2.129322873655237203e+00
1.128233443235117095e+00,2.128233443235116873e+00
1.127099347674776375e+00,2.127099347674776375e+00
1.125921256889114597e+00,2.125921256889114375e+00
1.124699403732566383e+00,2.124699403732566161e+00
1.123434478743724929e+00,2.123434478743725151e+00
1.122126898852771282e+00,2.122126898852771504e+00
1.120777152878772442e+00,2.120777152878772220e+00
1.119385789364590877e+00,2.119385789364590877e+00
1.117953267408380302e+00,2.117953267408380302e+00
1.116480111673261888e+00,2.116480111673261888e+00
1.114966854430190502e+00,2.114966854430190502e+00
1.113414076481641146e+00,2.113414076481641146e+00
1.111822194157441768e+00,2.111822194157441768e+00
1.110191881457430751e+00,2.110191881457430974e+00
1.108523610731189546e+00,2.108523610731189546e+00
1.106817929147799973e+00,2.106817929147799973e+00
1.105075378026447286e+00,2.105075378026447286e+00
1.103296571709380336e+00,2.103296571709380558e+00
1.101481980648970849e+00,2.101481980648970627e+00
1.099632323292537794e+00,2.099632323292537794e+00
1.097748035795479193e+00,2.097748035795479193e+00
1.095829748965826633e+00,2.095829748965826411e+00
1.093878030200979845e+00,2.093878030200979623e+00
1.091893474500624128e+00,2.091893474500624350e+00
1.089876732179926533e+00,2.089876732179926755e+00
1.087828362155692119e+00,2.087828362155692119e+00
1.085748932360488084e+00,2.085748932360488084e+00
1.083639063740188035e+00,2.083639063740188035e+00
1.081499416625666399e+00,2.081499416625666399e+00
1.079330547651155436e+00,2.079330547651155214e+00
1.077133056367455932e+00,2.077133056367455932e+00
1.074907714606949227e+00,2.074907714606949227e+00
1.072654999056311009e+00,2.072654999056311009e+00
1.070375632814449585e+00,2.070375632814449585e+00
1.068070132900893032e+00,2.068070132900893032e+00
1.065739297925682116e+00,2.065739297925682116e+00
1.063383677600045596e+00,2.063383677600045374e+00
1.061003891308838210e+00,2.061003891308838210e+00
1.058600727396642460e+00,2.058600727396642682e+00
1.056174715550652010e+00,2.056174715550652010e+00
1.053726552341374356e+00,2.053726552341374578e+00
1.051256929348634905e+00,2.051256929348634905e+00
1.048766443409015370e+00,2.048766443409015370e+00
1.046255838371219937e+00,2.046255838371219937e+00
1.043725782832183091e+00,2.043725782832183313e+00
1.041176931933344152e+00,2.041176931933343930e+00
1.038609902457245937e+00,2.038609902457245937e+00
1.036025458408401656e+00,2.036025458408401434e+00
1.033424275361708666e+00,2.033424275361708666e+00
1.030807082964541488e+00,2.030807082964541266e+00
1.028174432539002980e+00,2.028174432539002758e+00
1.025527130118969676e+00,2.025527130118969676e+00
1.022865874497732808e+00,2.022865874497732808e+00
1.020191365556011975e+00,2.020191365556011753e+00
1.017504195419383750e+00,2.017504195419383528e+00
1.014805211109483185e+00,2.014805211109483185e+00
1.012095027883708642e+00,2.012095027883708642e+00
1.009374413806055415e+00,2.009374413806055415e+00
1.006644053034913444e+00,2.006644053034913444e+00
1.003904612934084284e+00,2.003904612934084284e+00
1.001156877993584438e+00,2.001156877993584438e+00
9.984015291233322431e-01,1.998401529123332132e+00
9.956393047899437798e-01,1.995639304789943669e+00
9.928709120386163267e-01,1.992870912038616327e+00
9.900970575404475227e-01,1.990097057540447523e+00
9.873186340768911329e-01,1.987318634076891133e+00
9.845424151823695125e-01,1.984542415182369623e+00
9.817824049535547326e-01,1.981782404953554622e+00
9.790469229178033750e-01,1.979046922917803375e+00
9.763366009238724219e-01,1.976336600923872311e+00
9.736515119626921733e-01,1.973651511962692062e+00
9.709917569192314524e-01,1.970991756919231452e+00
9.683574352991121126e-01,1.968357435299112002e+00
9.657486065513695150e-01,1.965748606551369626e+00
9.631653963807472740e-01,1.963165396380747385e+00
9.606078405485685145e-01,1.960607840548568515e+00
9.580761010328990857e-01,1.958076101032899086e+00
9.555702357240393185e-01,1.955570235724039208e+00
9.530903233386891493e-01,1.953090323338689149e+00
9.506364675084136850e-01,1.950636467508413574e+00
9.482087488005579434e-01,1.948208748800557943e+00
9.458072624487762203e-01,1.945807262448776331e+00
9.434320966785691986e-01,1.943432096678569199e+00
9.410833673965431911e-01,1.941083367396543302e+00
9.387610979478313578e-01,1.938761097947831358e+00
9.364654248623265342e-01,1.936465424862326534e+00
9.341964287958016699e-01,1.934196428795801559e+00
9.319542652927862436e-01,1.931954265292786133e+00
9.297388632257386210e-01,1.929738863225738621e+00
9.275504638277002334e-01,1.927550463827700344e+00
9.253891111461332031e-01,1.925389111146133203e+00
9.232548919717022962e-01,1.923254891971702296e+00
9.211478421681099649e-01,1.921147842168109854e+00
9.190681478756670408e-01,1.919068147875667041e+00
9.170158291980777809e-01,1.917015829198077892e+00
9.149909576576292780e-01,1.914990957657629167e+00
9.129936537793900131e-01,1.912993653779389902e+00
9.110240587762202802e-01,1.911024058776220169e+00
9.090821493066707504e-01,1.909082149306670750e+00
9.071681280742692755e-01,1.907168128074269386e+00
9.052820226417837013e-01,1.905282022641783701e+00
9.034239183595780265e-01,1.903423918359578026e+00
9.015939060289048790e-01,1.901593906028904879e+00
8.997921093153301575e-01,1.899792109315330269e+00
8.980185304144570058e-01,1.898018530414457006e+00
8.962733623268961392e-01,1.896273362326896139e+00
8.945566491367556994e-01,1.894556649136755588e+00
8.928684030148423822e-01,1.892868403014842382e+00
8.912088508276819754e-01,1.891208850827681864e+00
8.895780001406303761e-01,1.889578000140630376e+00
8.879759291822610923e-01,1.887975929182261092e+00
8.864027396481179988e-01,1.886402739648117999e+00
8.848585602206334721e-01,1.884858560220633361e+00
8.833433803857646538e-01,1.883343380385764654e+00
8.818574121532622989e-01,1.881857412153262299e+00
8.804006473919390174e-01,1.880400647391939017e+00
8.789731929687780720e-01,1.878973192968778072e+00
8.775751401761799908e-01,1.877575140176179991e+00
8.762065912936689571e-01,1.876206591293668957e+00
8.748676253164014982e-01,1.874867625316401387e+00
8.735582964325269151e-01,1.873558296432527026e+00
8.722787395473522443e-01,1.872278739547352355e+00
8.710289908750858956e-01,1.871028990875085896e+00
8.698091620124519530e-01,1.869809162012451953e+00
8.686193883828159379e-01,1.868619388382815938e+00
8.674596716070767100e-01,1.867459671607076821e+00
8.663301136257099966e-01,1.866330113625709997e+00
8.652308356217802698e-01,1.865230835621780159e+00
8.641618931781177571e-01,1.864161893178117868e+00
8.631234223178985143e-01,1.863123422317898514e+00
8.621154229710301653e-01,1.862115422971030165e+00
8.611379853204398360e-01,1.861137985320439725e+00
8.601912934260946830e-01,1.860191293426094683e+00
8.592753308110695487e-01,1.859275330811069438e+00
8.583902203229576422e-01,1.858390220322957642e+00
8.575360531330489255e-01,1.857536053133048926e+00
8.567129296944354655e-01,1.856712929694435577e+00
8.559208721651884177e-01,1.855920872165188307e+00
8.551599802289453489e-01,1.855159980228945349e+00
8.544303944896872727e-01,1.854430394489687384e+00
8.537321355145280899e-01,1.853732135514527979e+00
8.530653011670141783e-01,1.853065301167014178e+00
8.524300030829575769e-01,1.852430003082957466e+00
8.518262789566809490e-01,1.851826278956680838e+00
8.512542519518515594e-01,1.851254251951851559e+00
8.507139581384849381e-01,1.850713958138484827e+00
8.502055261962871979e-01,1.850205526196287309e+00
8.497290156237551351e-01,1.849729015623755135e+00
8.492845149948820005e-01,1.849284514994882000e+00
8.488720850127922102e-01,1.848872085012792210e+00
8.484918054167212009e-01,1.848491805416721201e+00
8.481438047387331869e-01,1.848143804738733298e+00
8.478281474867770395e-01,1.847828147486777040e+00
8.475448865205432725e-01,1.847544886520543272e+00
8.472940762276839344e-01,1.847294076227683934e+00
8.470758643850589964e-01,1.847075864385058885e+00
8.468902731023419950e-01,1.846890273102341995e+00
8.467374271635599303e-01,1.846737427163559930e+00
8.466173599813658912e-01,1.846617359981365780e+00
8.465302156969505276e-01,1.846530215696950528e+00
8.464760220136403612e-01,1.846476022013640250e+00
8.464548872337878116e-01,1.846454887233787812e+00
8.464667972519211991e-01,1.846466797251921310e+00
8.465119643497689417e-01,1.846511964349768942e+00
8.465903643574467230e-01,1.846590364357446834e+00
8.467021729112382822e-01,1.846702172911238282e+00
8.468473355283944182e-01,1.846847335528394307e+00
8.470260456246329062e-01,1.847026045624633017e+00
8.472383124071810601e-01,1.847238312407180949e+00
8.474842917124361108e-01,1.847484291712436111e+00
8.477639314035245732e-01,1.847763931403524573e+00
8.480773965617639520e-01,1.848077396561763841e+00
8.484247499609819387e-01,1.848424749960981828e+00
8.488060729555334527e-01,1.848806072955533342e+00
8.492214390637561339e-01,1.849221439063756023e+00
8.496708902420939680e-01,1.849670890242093968e+00
8.501545103145285998e-01,1.850154510314528711e+00
8.506723979101479260e-01,1.850672397910147815e+00
8.512245987139150927e-01,1.851224598713915093e+00
8.518112138676641187e-01,1.851811213867664119e+00
8.524323001589759752e-01,1.852432300158975975e+00
8.530879158958405428e-01,1.853087915895840432e+00
8.537781686335076392e-01,1.853778168633507750e+00
8.545030978686320999e-01,1.854503097868632100e+00
8.552627638054469683e-01,1.855262763805447079e+00
8.560572523815445090e-01,1.856057252381544398e+00
8.568866628773670335e-01,1.856886662877367034e+00
8.577510312677020243e-01,1.857751031267702135e+00
8.586504356716243569e-01,1.858650435671624468e+00
8.595849364271397341e-01,1.859584936427139734e+00
8.605546490547172356e-01,1.860554649054717125e+00
8.615595830709681380e-01,1.861559583070968138e+00
8.625998360059790038e-01,1.862599836005979004e+00
8.636754323438677883e-01,1.863675432343867788e+00
8.647865063753940040e-01,1.864786506375394115e+00
8.659331063924220473e-01,1.865933106392422047e+00
8.671152560131811793e-01,1.867115256013181179e+00
8.683330474160240176e-01,1.868333047416024018e+00
8.695865357121974615e-01,1.869586535712197461e+00
8.708758551943435178e-01,1.870875855194343629e+00
8.722009345436518846e-01,1.872200934543651885e+00
8.735619429107445155e-01,1.873561942910744627e+00
8.749589039884725361e-01,1.874958903988472425e+00
8.763918792457070506e-01,1.876391879245707051e+00
8.778609949106570554e-01,1.877860994910657055e+00
8.793661990297578779e-01,1.879366199029757878e+00
8.809076484348293823e-01,1.880907648434829493e+00
8.824853600758628680e-01,1.882485360075862868e+00
8.840993694384015056e-01,1.884099369438401617e+00
8.857498159988049791e-01,1.885749815998805090e+00
8.874366618050864020e-01,1.887436661805086402e+00
8.891600312368785897e-01,1.889160031236878590e+00
8.909199718342608598e-01,1.890919971834260860e+00
8.927165641749973402e-01,1.892716564174997451e+00
8.945497565582949395e-01,1.894549756558294940e+00
8.964197050305532377e-01,1.896419705030553349e+00
8.983264531081623927e-01,1.898326453108162504e+00
9.002700454588755674e-01,1.900270045458875678e+00
9.022505094191493047e-01,1.902250509419149305e+00
9.042679380529680122e-01,1.904267938052968123e+00
9.063223544113386820e-01,1.906322354411338793e+00
9.084138271084951644e-01,1.908413827108495164e+00
9.105423824418874545e-01,1.910542382441887455e+00
9.127081208316455418e-01,1.912708120831645431e+00
9.149110557025719181e-01,1.914911055702571918e+00
9.171512206017412572e-01,1.917151220601741368e+00
9.194286862357224921e-01,1.919428686235722381e+00
9.217434821895525987e-01,1.921743482189552488e+00
9.240956944792118044e-01,1.924095694479211804e+00
9.264853590067124722e-01,1.926485359006712361e+00
9.289124809287633289e-01,1.928912480928763440e+00
9.313770892528514533e-01,1.931377089252851453e+00
9.338793216529072128e-01,1.933879321652907102e+00
9.364191368852271546e-01,1.936419136885227044e+00
9.389966330193159072e-01,1.938996633019316018e+00
9.416118318211673666e-01,1.941611831821167478e+00
9.442647496148682817e-01,1.944264749614868393e+00
9.469554146841904219e-01,1.946955414684190533e+00
9.496838929728217416e-01,1.949683892972821742e+00
9.524502217149637406e-01,1.952450221714963741e+00
9.552544702164207369e-01,1.955254470216420737e+00
9.580966386541033275e-01,1.958096638654103216e+00
9.609767354232363612e-01,1.960976735423236361e+00
9.638948519306090867e-01,1.963894851930608976e+00
9.668509504007530841e-01,1.966850950400753195e+00
9.698451132060784685e-01,1.969845113206078580e+00
9.728773756743361867e-01,1.972877375674336076e+00
9.759477696402357738e-01,1.975947769640235663e+00
9.790562641996047866e-01,1.979056264199604787e+00
9.822029688271092240e-01,1.982202968827109224e+00
9.853878246861855761e-01,1.985387824686185576e+00
9.886109295393719076e-01,1.988610929539371908e+00
9.918722661569056021e-01,1.991872266156905713e+00
9.951718880716219351e-01,1.995171888071622046e+00
9.985098486703328780e-01,1.998509848670332989e+00
1.001886031621330941e+00,2.001886031621331163e+00
1.005300620707554327e+00,2.005300620707554327e+00
1.008753499254689157e+00,2.008753499254689157e+00
1.012244779842702558e+00,2.012244779842702336e+00
1.015774498384384383e+00,2.015774498384384383e+00
1.019342534218897089e+00,2.019342534218897089e+00
1.022949026110878457e+00,2.022949026110878457e+00
1.026593968245646860e+00,2.026593968245646860e+00
1.030277319301388550e+00,2.030277319301388772e+00
1.033999106030019766e+00,2.033999106030019988e+00
1.037759471207067241e+00,2.037759471207067463e+00
1.041559623629790599e+00,2.041559623629790821e+00
1.045401715914572316e+00,2.045401715914572094e+00
1.049286658426368257e+00,2.049286658426368035e+00
1.053214369981178455e+00,2.053214369981178677e+00
1.057184932883179718e+00,2.057184932883179940e+00
1.061198245487918079e+00,2.061198245487918079e+00
1.065254315896826176e+00,2.065254315896826398e+00
1.069353147514548796e+00,2.069353147514548574e+00
1.073494652374750835e+00,2.073494652374750835e+00
1.077678832478086823e+00,2.077678832478087045e+00
1.081905672701417576e+00,2.081905672701417576e+00
1.086175113644004542e+00,2.086175113644004320e+00
1.090487112870856201e+00,2.090487112870856201e+00
1.094841639756172658e+00,2.094841639756172658e+00
1.099238661727272692e+00,2.099238661727272692e+00
1.103678191697944566e+00,2.103678191697944566e+00
1.108160094787209227e+00,2.108160094787209005e+00
1.112684372689225265e+00,2.112684372689225043e+00
1.117251016692222709e+00,2.117251016692222709e+00
1.121859929823857627e+00,2.121859929823857627e+00
1.126511093380185180e+00,2.126511093380185180e+00
1.131204437379243144e+00,2.131204437379243366e+00
1.135939936080657686e+00,2.135939936080657908e+00
1.140717537206659360e+00,2.140717537206659138e+00
1.145537178742310092e+00,2.145537178742309870e+00
1.150398808481019719e+00,2.150398808481019941e+00
1.155302360065623590e+00,2.155302360065623368e+00
1.160247780991348732e+00,2.160247780991348954e+00
1.165235033393946962e+00,2.165235033393947184e+00
1.170263999203464023e+00,2.170263999203464245e+00
1.175334678764633711e+00,2.175334678764633711e+00
1.180446981562974784e+00,2.180446981562974784e+00
1.185600815275571929e+00,2.185600815275571929e+00
1.190796107399776815e+00,2.190796107399776815e+00
1.196032865914566701e+00,2.196032865914566479e+00
1.201310997395273361e+00,2.201310997395273361e+00
1.206630290050290100e+00,2.206630290050290100e+00
1.211990833402606160e+00,2.211990833402606160e+00
1.217392488971778874e+00,2.217392488971778874e+00
1.222835119801249926e+00,2.222835119801249704e+00
1.228318722930153983e+00,2.228318722930153761e+00
1.233843234256339239e+00,2.233843234256339016e+00
1.239408504302913494e+00,2.239408504302913272e+00
1.245014377946392248e+00,2.245014377946392248e+00
1.250660925168973980e+00,2.250660925168974202e+00
1.256347974053391825e+00,2.256347974053391603e+00
1.262075399032078327e+00,2.262075399032078327e+00
1.267843085189134023e+00,2.267843085189134023e+00
1.273651063679408724e+00,2.273651063679408502e+00
1.279499115869150661e+00,2.279499115869150661e+00
1.285387140196758260e+00,2.285387140196758260e+00
1.291315070511552365e+00,2.291315070511552143e+00
1.297282783702380593e+00,2.297282783702380371e+00
1.303290171760477012e+00,2.303290171760477012e+00
1.309337124227438087e+00,2.309337124227438309e+00
1.315423493319279657e+00,2.315423493319279657e+00
1.321549215249448128e+00,2.321549215249448128e+00
1.327714124876977708e+00,2.327714124876977486e+00
1.333918153594286782e+00,2.333918153594286782e+00
1.340161053560785520e+00,2.340161053560785298e+00
1.346442833632209179e+00,2.346442833632209179e+00
1.352763280455126615e+00,2.352763280455126615e+00
1.359122336983552559e+00,2.359122336983552337e+00
1.365519749878383315e+00,2.365519749878383315e+00
1.371955478623271052e+00,2.371955478623271052e+00
1.378429351614507858e+00,2.378429351614507858e+00
1.384941210521520416e+00,2.384941210521520638e+00
1.391490940331978843e+00,2.391490940331978621e+00
1.398078327088631667e+00,2.398078327088631667e+00
1.404703301926223391e+00,2.404703301926223169e+00
1.411365616061801109e+00,2.411365616061801109e+00
1.418065222332021591e+00,2.418065222332021591e+00
1.424801882218409421e+00,2.424801882218409421e+00
1.431575501377561954e+00,2.431575501377562176e+00
1.438385815697802439e+00,2.438385815697802439e+00
1.445232716267562223e+00,2.445232716267562445e+00
1.452115998422224497e+00,2.452115998422224497e+00
1.459035529438756251e+00,2.459035529438756029e+00
1.465991124013019453e+00,2.465991124013019231e+00
1.472982573963529607e+00,2.472982573963529607e+00
1.480009679706151715e+00,2.480009679706151715e+00
1.487072288317706326e+00,2.487072288317706104e+00
1.494170248792234146e+00,2.494170248792234368e+00
1.501303298834293365e+00,2.501303298834293365e+00
1.508471246306523295e+00,2.508471246306523295e+00
1.515673910776277555e+00,2.515673910776277555e+00
1.522911097793455015e+00,2.522911097793454793e+00
1.530182523921021831e+00,2.530182523921022053e+00
1.537488186857696615e+00,2.537488186857696615e+00
1.544827619829276744e+00,2.544827619829276522e+00
1.552200713661423093e+00,2.552200713661423315e+00
1.559607321658543322e+00,2.559607321658543100e+00
1.567047117074221063e+00,2.567047117074221063e+00
1.574519884254612423e+00,2.574519884254612201e+00
1.582025446174572636e+00,2.582025446174572636e+00
1.589563512742493190e+00,2.589563512742492968e+00
1.597133902432186670e+00,2.597133902432186670e+00
1.604736355195396369e+00,2.604736355195396591e+00
1.612370653773755214e+00,2.612370653773755436e+00
1.620036451467081084e+00,2.620036451467081307e+00
1.627733587104000623e+00,2.627733587104000623e+00
1.635461707430243550e+00,2.635461707430243550e+00
1.643220709804145363e+00,2.643220709804145585e+00
1.651010209210824309e+00,2.651010209210824087e+00
1.658830013487399446e+00,2.658830013487399668e+00
1.666679817036470279e+00,2.666679817036470279e+00
1.674559247177435539e+00,2.674559247177435317e+00
1.682468293625940747e+00,2.682468293625940525e+00
1.690406416907150655e+00,2.690406416907150877e+00
1.698373419418171437e+00,2.698373419418171437e+00
1.706369035144598145e+00,2.706369035144597923e+00
1.714392932587666118e+00,2.714392932587665896e+00
1.722444870909127568e+00,2.722444870909127346e+00
1.730524504308548650e+00,2.730524504308548650e+00
1.738631548215642475e+00,2.738631548215642475e+00
1.746765672508253431e+00,2.746765672508253431e+00
1.754926609149158878e+00,2.754926609149158878e+00
1.763113988937811794e+00,2.763113988937811794e+00
1.771327470999768616e+00,2.771327470999768394e+00
1.779566818492884783e+00,2.779566818492885005e+00
1.787831668968938414e+00,2.787831668968938637e+00
1.796121648401526549e+00,2.796121648401526549e+00
1.804436474167013138e+00,2.804436474167013138e+00
1.812775748176378654e+00,2.812775748176378876e+00
1.821139137308470213e+00,2.821139137308469991e+00
1.829526372663424327e+00,2.829526372663424105e+00
1.837936972942730618e+00,2.837936972942730840e+00
1.846370672262504620e+00,2.846370672262504620e+00
1.854827124060467680e+00,2.854827124060467902e+00
1.863305838652481006e+00,2.863305838652481228e+00
1.871806572299175020e+00,2.871806572299175020e+00
1.880328835445432611e+00,2.880328835445432389e+00
1.888872378638712268e+00,2.888872378638712490e+00
1.897436732536307957e+00,2.897436732536307957e+00
1.906021492078165291e+00,2.906021492078165291e+00
1.914626357553567138e+00,2.914626357553567360e+00
1.923250835077961574e+00,2.923250835077961796e+00
1.931894533481979037e+00,2.931894533481979259e+00
1.940557126605190863e+00,2.940557126605190863e+00
1.949238063409792332e+00,2.949238063409792332e+00
1.957937103811719926e+00,2.957937103811719926e+00
1.966653614654609639e+00,2.966653614654609861e+00
1.975387339155882049e+00,2.975387339155882049e+00
1.984137734921833873e+00,2.984137734921834095e+00
1.992904493827196699e+00,2.992904493827196699e+00
2.001687082488710523e+00,3.001687082488710523e+00
2.010485075140974409e+00,3.010485075140974409e+00
2.019298032644497809e+00,3.019298032644497809e+00
2.028125468759769845e+00,3.028125468759769845e+00
2.036967036787035390e+00,3.036967036787035390e+00
2.045822077956003682e+00,3.045822077956003682e+00
2.054690289532235870e+00,3.054690289532235870e+00
2.063571090410702080e+00,3.063571090410702080e+00
2.072464055441680220e+00,3.072464055441680220e+00
2.081368639027741718e+00,3.081368639027741718e+00
2.090284568173890634e+00,3.090284568173890634e+00
2.099211102346784763e+00,3.099211102346784763e+00
2.108147887407616494e+00,3.108147887407616494e+00
2.117094248173174709e+00,3.117094248173174709e+00
2.126049902685324344e+00,3.126049902685324344e+00
2.135014164815189908e+00,3.135014164815189908e+00
2.143986620468636861e+00,3.143986620468636861e+00
2.152966749629706023e+00,3.152966749629706023e+00
2.161953859775123998e+00,3.161953859775123998e+00
2.170947632754518519e+00,3.170947632754518519e+00
2.179947386563327427e+00,3.179947386563327427e+00
2.188952673704161356e+00,3.188952673704161356e+00
2.197962934500574228e+00,3.197962934500574228e+00
2.206977491249381362e+00,3.206977491249381362e+00
2.215995935108113102e+00,3.215995935108113102e+00
2.225017665377455156e+00,3.225017665377455156e+00
2.234042010112753385e+00,3.234042010112753385e+00
2.243068589104837418e+00,3.243068589104837418e+00
2.252096628553228896e+00,3.252096628553228896e+00
2.261125672158152966e+00,3.261125672158152966e+00
2.270155093856557560e+00,3.270155093856557560e+00
2.279184387310352555e+00,3.279184387310352555e+00
2.288212789939600089e+00,3.288212789939600089e+00
2.297239748413376859e+00,3.297239748413376859e+00
2.306264688466586943e+00,3.306264688466586943e+00
2.315286982645653246e+00,3.315286982645653246e+00
2.324306111903637007e+00,3.324306111903637007e+00
2.333321353616371496e+00,3.333321353616371496e+00
2.342332022774527012e+00,3.342332022774527012e+00
2.351337603693695044e+00,3.351337603693695044e+00
2.360337417169886542e+00,3.360337417169886542e+00
2.369330728695641319e+00,3.369330728695641319e+00
2.378316984783957366e+00,3.378316984783957366e+00
2.387295658619907890e+00,3.387295658619907890e+00
2.396265755781141316e+00,3.396265755781141316e+00
2.405226942807092705e+00,3.405226942807092705e+00
2.414178307389938993e+00,3.414178307389938993e+00
2.423119388724186862e+00,3.423119388724186862e+00
2.432049283411753304e+00,3.432049283411753304e+00
2.440967561692250598e+00,3.440967561692250598e+00
2.449873356326270457e+00,3.449873356326270457e+00
2.458765919001019373e+00,3.458765919001019373e+00
2.467644784198289365e+00,3.467644784198289365e+00
2.476509168450716558e+00,3.476509168450716558e+00
2.485358168283274161e+00,3.485358168283274161e+00
2.494191291166795832e+00,3.494191291166795832e+00
2.503007689406068881e+00,3.503007689406068881e+00
2.511806787184798662e+00,3.511806787184798662e+00
2.520587635335195920e+00,3.520587635335195920e+00
2.529349818500643110e+00,3.529349818500643110e+00
2.538092285177063978e+00,3.538092285177063978e+00
2.546814509985011910e+00,3.546814509985011910e+00
2.555515674084220201e+00,3.555515674084220201e+00
2.564194987287101046e+00,3.564194987287101046e+00
2.572851744416288611e+00,3.572851744416288611e+00
2.581485086330868484e+00,3.581485086330868484e+00
2.590094452763452626e+00,3.590094452763452626e+00
2.598678920677885973e+00,3.598678920677885973e+00
2.607237665989851738e+00,3.607237665989851738e+00
2.615770068719762698e+00,3.615770068719762698e+00
2.624275330978091070e+00,3.624275330978091070e+00
2.632752597193448896e+00,3.632752597193448896e+00
2.641201048261614837e+00,3.641201048261614837e+00
2.649620021625511246e+00,3.649620021625511246e+00
2.658008550066035092e+00,3.658008550066035092e+00
2.666365976448509034e+00,3.666365976448509034e+00
2.674691388244994528e+00,3.674691388244994528e+00
2.682984021546326758e+00,3.682984021546326758e+00
2.691243220948527970e+00,3.691243220948527970e+00
2.699467866986545950e+00,3.699467866986545950e+00
2.707657205789288035e+00,3.707657205789288035e+00
2.715810800301191374e+00,3.715810800301191374e+00
2.723927280106716253e+00,3.723927280106716253e+00
2.732006166100052091e+00,3.732006166100052091e+00
2.740046447117572725e+00,3.740046447117572725e+00
2.748047359021872360e+00,3.748047359021872360e+00
2.756007937765791560e+00,3.756007937765791560e+00
2.763927672200885421e+00,3.763927672200885421e+00
2.771805288319948879e+00,3.771805288319948879e+00
2.779640128668416033e+00,3.779640128668416033e+00
2.787431464578857820e+00,3.787431464578857820e+00
2.795178338225778880e+00,3.795178338225778880e+00
2.802879700359517834e+00,3.802879700359517834e+00
2.810534939137275590e+00,3.810534939137275590e+00
2.818143025480534192e+00,3.818143025480534192e+00
2.825703322234014880e+00,3.825703322234014880e+00
2.833214638772044935e+00,3.833214638772044935e+00
2.840676334485507493e+00,3.840676334485507493e+00
2.848087318369559640e+00,3.848087318369559640e+00
2.855446965622873368e+00,3.855446965622873368e+00
2.862754244968348072e+00,3.862754244968348072e+00
2.870008357737273919e+00,3.870008357737273919e+00
2.877208256947417109e+00,3.877208256947417109e+00
2.884353223477473360e+00,3.884353223477473360e+00
2.891442332910958868e+00,3.891442332910958868e+00
2.898474522185024327e+00,3.898474522185024327e+00
2.905449260748811824e+00,3.905449260748811824e+00
2.912365082369341884e+00,3.912365082369341884e+00
2.919221799340199652e+00,3.919221799340199652e+00
2.926017846981485260e+00,3.926017846981485260e+00
2.932752711227597064e+00,3.932752711227597064e+00
2.939425527327680587e+00,3.939425527327680587e+00
2.946035082779540737e+00,3.946035082779540737e+00
2.952580741184362090e+00,3.952580741184362090e+00
2.959061425193575623e+00,3.959061425193575623e+00
2.965476593017171592e+00,3.965476593017171592e+00
2.971824681245524680e+00,3.971824681245524680e+00
2.978105462943578807e+00,3.978105462943578807e+00
2.984317708619571796e+00,3.984317708619571796e+00
2.990460322452406228e+00,3.990460322452406228e+00
2.996532867691192870e+00,3.996532867691192870e+00
3.002534055965138560e+00,4.002534055965139004e+00
3.008463225021243748e+00,4.008463225021243304e+00
3.014319372137427511e+00,4.014319372137427067e+00
3.020101473885904664e+00,4.020101473885905108e+00
3.025808680225279268e+00,4.025808680225279268e+00
3.031440158889642245e+00,4.031440158889642689e+00
3.036994894651734889e+00,4.036994894651734889e+00
3.042472302366294290e+00,4.042472302366293846e+00
3.047871070519102776e+00,4.047871070519102332e+00
3.053190438474097324e+00,4.053190438474096879e+00
3.058429737394194881e+00,4.058429737394194881e+00
3.063587771938902637e+00,4.063587771938902193e+00
3.068663711968866004e+00,4.068663711968866004e+00
3.073656887410223693e+00,4.073656887410223248e+00
3.078566173007668105e+00,4.078566173007668105e+00
3.083390559377513274e+00,4.083390559377512830e+00
3.088129392809698448e+00,4.088129392809698004e+00
3.092781640652740194e+00,4.092781640652740194e+00
3.097346724999603396e+00,4.097346724999603396e+00
3.101823473667892905e+00,4.101823473667892905e+00
3.106211020789611421e+00,4.106211020789611865e+00
3.110508675127941824e+00,4.110508675127942269e+00
3.114715390066766343e+00,4.114715390066766787e+00
3.118830433118746193e+00,4.118830433118746193e+00
3.122852753202890685e+00,4.122852753202890241e+00
3.126781787926176115e+00,4.126781787926176115e+00
3.130616286014259675e+00,4.130616286014259231e+00
3.134355815659469968e+00,4.134355815659469968e+00
3.137999240139067503e+00,4.137999240139067503e+00
3.141545805794132118e+00,4.141545805794132562e+00
3.144994480742005827e+00,4.144994480742005827e+00
3.148344935557628954e+00,4.148344935557629398e+00
3.151596038470446892e+00,4.151596038470446892e+00
3.154747007505985135e+00,4.154747007505985579e+00
3.157796787883459189e+00,4.157796787883459189e+00
3.160744793674440167e+00,4.160744793674440167e+00
3.163590468622480500e+00,4.163590468622480500e+00
3.166332338821591819e+00,4.166332338821591819e+00
3.168970247689868014e+00,4.168970247689868458e+00
3.171503298794161374e+00,4.171503298794161374e+00
3.173930365761508110e+00,4.173930365761508554e+00
3.176251088311144333e+00,4.176251088311143889e+00
3.178464481782686590e+00,4.178464481782686590e+00
3.180569802949234859e+00,4.180569802949234415e+00
3.182566194145733718e+00,4.182566194145733718e+00
3.184453278957636524e+00,4.184453278957636968e+00
3.186229742171339474e+00,4.186229742171339474e+00
3.187895248191047859e+00,4.187895248191047415e+00
3.189449017879139259e+00,4.189449017879139703e+00
3.190890795349103914e+00,4.190890795349103470e+00
3.192218791817359680e+00,4.192218791817359680e+00
3.193433306873695088e+00,4.193433306873695088e+00
3.194533195281632487e+00,4.194533195281632487e+00
3.195517711539252570e+00,4.195517711539253014e+00
3.196386528789703085e+00,4.196386528789703085e+00
3.197138637585180465e+00,4.197138637585180021e+00
3.197773633137157567e+00,4.197773633137157567e+00
3.198290768202111778e+00,4.198290768202111778e+00
3.198689336281144158e+00,4.198689336281144158e+00
3.198968941046833603e+00,4.198968941046834047e+00
3.199128738567489805e+00,4.199128738567489805e+00
3.199168128338623962e+00,4.199168128338623518e+00
3.199086635757023345e+00,4.199086635757023345e+00
3.198883422670026455e+00,4.198883422670026455e+00
3.198558857494536500e+00,4.198558857494536056e+00
3.198110960065899011e+00,4.198110960065898567e+00
3.197540286943986843e+00,4.197540286943986843e+00
3.196845502456983734e+00,4.196845502456984178e+00
3.196026868241950147e+00,4.196026868241950147e+00
3.195083495401517926e+00,4.195083495401517482e+00
3.194014415963361664e+00,4.194014415963361664e+00
3.192819938516032519e+00,4.192819938516032963e+00
3.191499368436128581e+00,4.191499368436128137e+00
3.190051878227045723e+00,4.190051878227045279e+00
3.188477209358579145e+00,4.188477209358579145e+00
3.186775171696406339e+00,4.186775171696406339e+00
3.184944850790352167e+00,4.184944850790351722e+00
3.182985956343434619e+00,4.182985956343435063e+00
3.180898188265011139e+00,4.180898188265011584e+00
3.178681929179222099e+00,4.178681929179221655e+00
3.176335359741238928e+00,4.176335359741239373e+00
3.173859025210636009e+00,4.173859025210635565e+00
3.171252233017789912e+00,4.171252233017789912e+00
3.168514632779606099e+00,4.168514632779606544e+00
3.165646599168066899e+00,4.165646599168066899e+00
3.162646720442243709e+00,4.162646720442243264e+00
3.159515545546017989e+00,4.159515545546017989e+00
3.156252527800480490e+00,4.156252527800480934e+00
3.152856948314859409e+00,4.152856948314859409e+00
3.149329382339518091e+00,4.149329382339518091e+00
3.145669111751546954e+00,4.145669111751546509e+00
3.141875644279597868e+00,4.141875644279597424e+00
3.137949831220126828e+00,4.137949831220126384e+00
3.133890291433338415e+00,4.133890291433338859e+00
3.129697231217899223e+00,4.129697231217899223e+00
3.125370832292638568e+00,4.125370832292638568e+00
3.120910695229477838e+00,4.120910695229477838e+00
3.116316854406497860e+00,4.116316854406497860e+00
3.111588690941837765e+00,4.111588690941838209e+00
3.106726542405379821e+00,4.106726542405379377e+00
3.101729923539701339e+00,4.101729923539701339e+00
3.096599597549970717e+00,4.096599597549970717e+00
3.091334890251790313e+00,4.091334890251790313e+00
3.085936005039365160e+00,4.085936005039364716e+00
3.080402208258137708e+00,4.080402208258137264e+00
3.074734533321146657e+00,4.074734533321146657e+00
3.068932052847594072e+00,4.068932052847594072e+00
3.062995954672716348e+00,4.062995954672716792e+00
3.056925061337789185e+00,4.056925061337789629e+00
3.050720299208953268e+00,4.050720299208952824e+00
3.044381375097263476e+00,4.044381375097263032e+00
3.037908750959914084e+00,4.037908750959914528e+00
3.031301405887886879e+00,4.031301405887886879e+00
3.024560935787917515e+00,4.024560935787917515e+00
3.017686704155083888e+00,4.017686704155083888e+00
3.010679253064197702e+00,4.010679253064197702e+00
3.003538551899032960e+00,4.003538551899032960e+00
2.996264517364002788e+00,3.996264517364002788e+00
2.988857281031919833e+00,3.988857281031919833e+00
2.981318636341139694e+00,3.981318636341139694e+00
2.973646846647411301e+00,3.973646846647411301e+00
2.965843528352535508e+00,3.965843528352535508e+00
2.957908406557197445e+00,3.957908406557197445e+00
2.949841490577921554e+00,3.949841490577921554e+00
2.941643877674735119e+00,3.941643877674735119e+00
2.933315570654341009e+00,3.933315570654341009e+00
2.924856990330531481e+00,3.924856990330531481e+00
2.916268196118203981e+00,3.916268196118203981e+00
2.907550191439927101e+00,3.907550191439927101e+00
2.898702914272877962e+00,3.898702914272877962e+00
2.889727272639492028e+00,3.889727272639492028e+00
2.880622777551135272e+00,3.880622777551135272e+00
2.871391098200966052e+00,3.871391098200966052e+00
2.859460280973404878e+00,3.859460280973404878e+00
